
2	
4	2	
6	4	2	
8	4	4	2	
10	12	4	4	2	
12	6	4	4	4	2	
14	24	12	4	4	4	2	
16	8	12	4	4	4	4	2	
18	40	6	12	4	4	4	4	2	
20	10	24	12	4	4	4	4	4	2	
22	60	24	12	12	4	4	4	4	4	2	
24	12	8	6	12	4	4	4	4	4	4	2	
26	84	40	24	12	12	4	4	4	4	4	4	2	
28	14	40	24	12	12	4	4	4	4	4	4	4	2	
30	112	10	24	6	12	12	4	4	4	4	4	4	4	2	
32	16	60	8	24	12	12	4	4	4	4	4	4	4	4	2	
34	144	60	40	24	12	12	12	4	4	4	4	4	4	4	4	2	
36	18	12	40	24	6	12	12	4	4	4	4	4	4	4	4	4	2	
38	180	84	40	24	24	12	12	12	4	4	4	4	4	4	4	4	4	2	
40	20	84	10	8	24	12	12	12	4	4	4	4	4	4	4	4	4	4	2	
42	220	14	60	40	24	6	12	12	12	4	4	4	4	4	4	4	4	4	4	2	
44	22	112	60	40	24	24	12	12	12	4	4	4	4	4	4	4	4	4	4	4	2	
46	264	112	60	40	24	24	12	12	12	12	4	4	4	4	4	4	4	4	4	4	4	2	
48	24	16	12	40	8	24	6	12	12	12	4	4	4	4	4	4	4	4	4	4	4	4	2	
50	312	144	84	10	40	24	24	12	12	12	12	4	4	4	4	4	4	4	4	4	4	4	4	2	
52	26	144	84	60	40	24	24	12	12	12	12	4	4	4	4	4	4	4	4	4	4	4	4	4	2	
54	364	18	84	60	40	24	24	6	12	12	12	12	4	4	4	4	4	4	4	4	4	4	4	4	4	2	
56	28	180	14	60	40	8	24	24	12	12	12	12	4	4	4	4	4	4	4	4	4	4	4	4	4	4	2	
58	420	180	112	60	40	40	24	24	12	12	12	12	12	4	4	4	4	4	4	4	4	4	4	4	4	4	4	2	
60	30	20	112	12	10	40	24	24	6	12	12	12	12	4	4	4	4	4	4	4	4	4	4	4	4	4	4	4	2	
62	480	220	112	84	60	40	24	24	24	12	12	12	12	12	4	4	4	4	4	4	4	4	4	4	4	4	4	4	4	2	
64	32	220	16	84	60	40	8	24	24	12	12	12	12	12	4	4	4	4	4	4	4	4	4	4	4	4	4	4	4	4	2	
66	544	22	144	84	60	40	40	24	24	6	12	12	12	12	12	4	4	4	4	4	4	4	4	4	4	4	4	4	4	4	4	2	
68	34	264	144	84	60	40	40	24	24	24	12	12	12	12	12	4	4	4	4	4	4	4	4	4	4	4	4	4	4	4	4	4	2	
70	612	264	144	14	60	10	40	24	24	24	12	12	12	12	12	12	4	4	4	4	4	4	4	4	4	4	4	4	4	4	4	4	4	2	
72	36	24	18	112	12	60	40	8	24	24	6	12	12	12	12	12	4	4	4	4	4	4	4	4	4	4	4	4	4	4	4	4	4	4	2	
74	684	312	180	112	84	60	40	40	24	24	24	12	12	12	12	12	12	4	4	4	4	4	4	4	4	4	4	4	4	4	4	4	4	4	4	2	
76	38	312	180	112	84	60	40	40	24	24	24	12	12	12	12	12	12	4	4	4	4	4	4	4	4	4	4	4	4	4	4	4	4	4	4	4	2	
78	760	26	180	112	84	60	40	40	24	24	24	6	12	12	12	12	12	12	4	4	4	4	4	4	4	4	4	4	4	4	4	4	4	4	4	4	4	2	
80	40	364	20	16	84	60	10	40	8	24	24	24	12	12	12	12	12	12	4	4	4	4	4	4	4	4	4	4	4	4	4	4	4	4	4	4	4	4	2	
82	840	364	220	144	84	60	60	40	40	24	24	24	12	12	12	12	12	12	12	4	4	4	4	4	4	4	4	4	4	4	4	4	4	4	4	4	4	4	4	2	
84	42	28	220	144	14	12	60	40	40	24	24	24	6	12	12	12	12	12	12	4	4	4	4	4	4	4	4	4	4	4	4	4	4	4	4	4	4	4	4	4	2	
86	924	420	220	144	112	84	60	40	40	24	24	24	24	12	12	12	12	12	12	12	4	4	4	4	4	4	4	4	4	4	4	4	4	4	4	4	4	4	4	4	4	2	
88	44	420	22	144	112	84	60	40	40	8	24	24	24	12	12	12	12	12	12	12	4	4	4	4	4	4	4	4	4	4	4	4	4	4	4	4	4	4	4	4	4	4	2	
90	1012	30	264	18	112	84	60	10	40	40	24	24	24	6	12	12	12	12	12	12	12	4	4	4	4	4	4	4	4	4	4	4	4	4	4	4	4	4	4	4	4	4	4	2	
92	46	480	264	180	112	84	60	60	40	40	24	24	24	24	12	12	12	12	12	12	12	4	4	4	4	4	4	4	4	4	4	4	4	4	4	4	4	4	4	4	4	4	4	4	2	
94	1104	480	264	180	112	84	60	60	40	40	24	24	24	24	12	12	12	12	12	12	12	12	4	4	4	4	4	4	4	4	4	4	4	4	4	4	4	4	4	4	4	4	4	4	4	2	
96	48	32	24	180	16	84	12	60	40	40	8	24	24	24	6	12	12	12	12	12	12	12	4	4	4	4	4	4	4	4	4	4	4	4	4	4	4	4	4	4	4	4	4	4	4	4	2	
98	1200	544	312	180	144	14	84	60	40	40	40	24	24	24	24	12	12	12	12	12	12	12	12	4	4	4	4	4	4	4	4	4	4	4	4	4	4	4	4	4	4	4	4	4	4	4	4	2	
100	50	544	312	20	144	112	84	60	10	40	40	24	24	24	24	12	12	12	12	12	12	12	12	4	4	4	4	4	4	4	4	4	4	4	4	4	4	4	4	4	4	4	4	4	4	4	4	4	2	
102	1300	34	312	220	144	112	84	60	60	40	40	24	24	24	24	6	12	12	12	12	12	12	12	12	4	4	4	4	4	4	4	4	4	4	4	4	4	4	4	4	4	4	4	4	4	4	4	4	4	2	
104	52	612	26	220	144	112	84	60	60	40	40	8	24	24	24	24	12	12	12	12	12	12	12	12	4	4	4	4	4	4	4	4	4	4	4	4	4	4	4	4	4	4	4	4	4	4	4	4	4	4	2	
106	1404	612	364	220	144	112	84	60	60	40	40	40	24	24	24	24	12	12	12	12	12	12	12	12	12	4	4	4	4	4	4	4	4	4	4	4	4	4	4	4	4	4	4	4	4	4	4	4	4	4	4	2	
108	54	36	364	220	18	112	84	12	60	40	40	40	24	24	24	24	6	12	12	12	12	12	12	12	12	4	4	4	4	4	4	4	4	4	4	4	4	4	4	4	4	4	4	4	4	4	4	4	4	4	4	4	2	
110	1512	684	364	22	180	112	84	84	60	10	40	40	24	24	24	24	24	12	12	12	12	12	12	12	12	12	4	4	4	4	4	4	4	4	4	4	4	4	4	4	4	4	4	4	4	4	4	4	4	4	4	4	4	2	
112	56	684	28	264	180	16	14	84	60	60	40	40	8	24	24	24	24	12	12	12	12	12	12	12	12	12	4	4	4	4	4	4	4	4	4	4	4	4	4	4	4	4	4	4	4	4	4	4	4	4	4	4	4	4	2	
114	1624	38	420	264	180	144	112	84	60	60	40	40	40	24	24	24	24	6	12	12	12	12	12	12	12	12	12	4	4	4	4	4	4	4	4	4	4	4	4	4	4	4	4	4	4	4	4	4	4	4	4	4	4	4	4	2	
116	58	760	420	264	180	144	112	84	60	60	40	40	40	24	24	24	24	24	12	12	12	12	12	12	12	12	12	4	4	4	4	4	4	4	4	4	4	4	4	4	4	4	4	4	4	4	4	4	4	4	4	4	4	4	4	4	2	
118	1740	760	420	264	180	144	112	84	60	60	40	40	40	24	24	24	24	24	12	12	12	12	12	12	12	12	12	12	4	4	4	4	4	4	4	4	4	4	4	4	4	4	4	4	4	4	4	4	4	4	4	4	4	4	4	4	4	2	
120	60	40	30	24	20	144	112	84	12	60	10	40	40	8	24	24	24	24	6	12	12	12	12	12	12	12	12	12	4	4	4	4	4	4	4	4	4	4	4	4	4	4	4	4	4	4	4	4	4	4	4	4	4	4	4	4	4	4	2	
122	1860	840	480	312	220	144	112	84	84	60	60	40	40	40	24	24	24	24	24	12	12	12	12	12	12	12	12	12	12	4	4	4	4	4	4	4	4	4	4	4	4	4	4	4	4	4	4	4	4	4	4	4	4	4	4	4	4	4	4	2	
124	62	840	480	312	220	144	112	84	84	60	60	40	40	40	24	24	24	24	24	12	12	12	12	12	12	12	12	12	12	4	4	4	4	4	4	4	4	4	4	4	4	4	4	4	4	4	4	4	4	4	4	4	4	4	4	4	4	4	4	4	2	
126	1984	42	480	312	220	18	112	14	84	60	60	40	40	40	24	24	24	24	24	6	12	12	12	12	12	12	12	12	12	12	4	4	4	4	4	4	4	4	4	4	4	4	4	4	4	4	4	4	4	4	4	4	4	4	4	4	4	4	4	4	4	2	
128	64	924	32	312	220	180	16	112	84	60	60	40	40	40	8	24	24	24	24	24	12	12	12	12	12	12	12	12	12	12	4	4	4	4	4	4	4	4	4	4	4	4	4	4	4	4	4	4	4	4	4	4	4	4	4	4	4	4	4	4	4	4	2	
130	2112	924	544	26	220	180	144	112	84	60	60	10	40	40	40	24	24	24	24	24	12	12	12	12	12	12	12	12	12	12	12	4	4	4	4	4	4	4	4	4	4	4	4	4	4	4	4	4	4	4	4	4	4	4	4	4	4	4	4	4	4	4	4	2	
132	66	44	544	364	22	180	144	112	84	12	60	60	40	40	40	24	24	24	24	24	6	12	12	12	12	12	12	12	12	12	12	4	4	4	4	4	4	4	4	4	4	4	4	4	4	4	4	4	4	4	4	4	4	4	4	4	4	4	4	4	4	4	4	4	2	
134	2244	1012	544	364	264	180	144	112	84	84	60	60	40	40	40	24	24	24	24	24	24	12	12	12	12	12	12	12	12	12	12	12	4	4	4	4	4	4	4	4	4	4	4	4	4	4	4	4	4	4	4	4	4	4	4	4	4	4	4	4	4	4	4	4	4	2	
136	68	1012	34	364	264	180	144	112	84	84	60	60	40	40	40	8	24	24	24	24	24	12	12	12	12	12	12	12	12	12	12	12	4	4	4	4	4	4	4	4	4	4	4	4	4	4	4	4	4	4	4	4	4	4	4	4	4	4	4	4	4	4	4	4	4	4	2	
138	2380	46	612	364	264	180	144	112	84	84	60	60	40	40	40	40	24	24	24	24	24	6	12	12	12	12	12	12	12	12	12	12	12	4	4	4	4	4	4	4	4	4	4	4	4	4	4	4	4	4	4	4	4	4	4	4	4	4	4	4	4	4	4	4	4	4	4	2	
140	70	1104	612	28	264	20	144	112	14	84	60	60	10	40	40	40	24	24	24	24	24	24	12	12	12	12	12	12	12	12	12	12	12	4	4	4	4	4	4	4	4	4	4	4	4	4	4	4	4	4	4	4	4	4	4	4	4	4	4	4	4	4	4	4	4	4	4	4	2	
142	2520	1104	612	420	264	220	144	112	112	84	60	60	60	40	40	40	24	24	24	24	24	24	12	12	12	12	12	12	12	12	12	12	12	12	4	4	4	4	4	4	4	4	4	4	4	4	4	4	4	4	4	4	4	4	4	4	4	4	4	4	4	4	4	4	4	4	4	4	4	2	
144	72	48	36	420	24	220	18	16	112	84	12	60	60	40	40	40	8	24	24	24	24	24	6	12	12	12	12	12	12	12	12	12	12	12	4	4	4	4	4	4	4	4	4	4	4	4	4	4	4	4	4	4	4	4	4	4	4	4	4	4	4	4	4	4	4	4	4	4	4	4	2	
146	2664	1200	684	420	312	220	180	144	112	84	84	60	60	40	40	40	40	24	24	24	24	24	24	12	12	12	12	12	12	12	12	12	12	12	12	4	4	4	4	4	4	4	4	4	4	4	4	4	4	4	4	4	4	4	4	4	4	4	4	4	4	4	4	4	4	4	4	4	4	4	4	2	
148	74	1200	684	420	312	220	180	144	112	84	84	60	60	40	40	40	40	24	24	24	24	24	24	12	12	12	12	12	12	12	12	12	12	12	12	4	4	4	4	4	4	4	4	4	4	4	4	4	4	4	4	4	4	4	4	4	4	4	4	4	4	4	4	4	4	4	4	4	4	4	4	4	2	
150	2812	50	684	30	312	220	180	144	112	84	84	60	60	10	40	40	40	24	24	24	24	24	24	6	12	12	12	12	12	12	12	12	12	12	12	12	4	4	4	4	4	4	4	4	4	4	4	4	4	4	4	4	4	4	4	4	4	4	4	4	4	4	4	4	4	4	4	4	4	4	4	4	4	2	
152	76	1300	38	480	312	220	180	144	112	84	84	60	60	60	40	40	40	8	24	24	24	24	24	24	12	12	12	12	12	12	12	12	12	12	12	12	4	4	4	4	4	4	4	4	4	4	4	4	4	4	4	4	4	4	4	4	4	4	4	4	4	4	4	4	4	4	4	4	4	4	4	4	4	4	2	
154	2964	1300	760	480	312	22	180	144	112	14	84	60	60	60	40	40	40	40	24	24	24	24	24	24	12	12	12	12	12	12	12	12	12	12	12	12	12	4	4	4	4	4	4	4	4	4	4	4	4	4	4	4	4	4	4	4	4	4	4	4	4	4	4	4	4	4	4	4	4	4	4	4	4	4	4	2	
156	78	52	760	480	26	264	180	144	112	112	84	12	60	60	40	40	40	40	24	24	24	24	24	24	6	12	12	12	12	12	12	12	12	12	12	12	12	4	4	4	4	4	4	4	4	4	4	4	4	4	4	4	4	4	4	4	4	4	4	4	4	4	4	4	4	4	4	4	4	4	4	4	4	4	4	4	2	
158	3120	1404	760	480	364	264	180	144	112	112	84	84	60	60	40	40	40	40	24	24	24	24	24	24	24	12	12	12	12	12	12	12	12	12	12	12	12	12	4	4	4	4	4	4	4	4	4	4	4	4	4	4	4	4	4	4	4	4	4	4	4	4	4	4	4	4	4	4	4	4	4	4	4	4	4	4	4	2	
160	80	1404	40	32	364	264	20	144	16	112	84	84	60	60	10	40	40	40	8	24	24	24	24	24	24	12	12	12	12	12	12	12	12	12	12	12	12	12	4	4	4	4	4	4	4	4	4	4	4	4	4	4	4	4	4	4	4	4	4	4	4	4	4	4	4	4	4	4	4	4	4	4	4	4	4	4	4	4	2	
162	3280	54	840	544	364	264	220	18	144	112	84	84	60	60	60	40	40	40	40	24	24	24	24	24	24	6	12	12	12	12	12	12	12	12	12	12	12	12	12	4	4	4	4	4	4	4	4	4	4	4	4	4	4	4	4	4	4	4	4	4	4	4	4	4	4	4	4	4	4	4	4	4	4	4	4	4	4	4	4	2	
164	82	1512	840	544	364	264	220	180	144	112	84	84	60	60	60	40	40	40	40	24	24	24	24	24	24	24	12	12	12	12	12	12	12	12	12	12	12	12	12	4	4	4	4	4	4	4	4	4	4	4	4	4	4	4	4	4	4	4	4	4	4	4	4	4	4	4	4	4	4	4	4	4	4	4	4	4	4	4	4	4	2	
166	3444	1512	840	544	364	264	220	180	144	112	84	84	60	60	60	40	40	40	40	24	24	24	24	24	24	24	12	12	12	12	12	12	12	12	12	12	12	12	12	12	4	4	4	4	4	4	4	4	4	4	4	4	4	4	4	4	4	4	4	4	4	4	4	4	4	4	4	4	4	4	4	4	4	4	4	4	4	4	4	4	4	2	
168	84	56	42	544	28	24	220	180	144	112	14	84	12	60	60	40	40	40	40	8	24	24	24	24	24	24	6	12	12	12	12	12	12	12	12	12	12	12	12	12	4	4	4	4	4	4	4	4	4	4	4	4	4	4	4	4	4	4	4	4	4	4	4	4	4	4	4	4	4	4	4	4	4	4	4	4	4	4	4	4	4	4	2	
170	3612	1624	924	34	420	312	220	180	144	112	112	84	84	60	60	10	40	40	40	40	24	24	24	24	24	24	24	12	12	12	12	12	12	12	12	12	12	12	12	12	12	4	4	4	4	4	4	4	4	4	4	4	4	4	4	4	4	4	4	4	4	4	4	4	4	4	4	4	4	4	4	4	4	4	4	4	4	4	4	4	4	4	4	2	
172	86	1624	924	612	420	312	220	180	144	112	112	84	84	60	60	60	40	40	40	40	24	24	24	24	24	24	24	12	12	12	12	12	12	12	12	12	12	12	12	12	12	4	4	4	4	4	4	4	4	4	4	4	4	4	4	4	4	4	4	4	4	4	4	4	4	4	4	4	4	4	4	4	4	4	4	4	4	4	4	4	4	4	4	4	2	
174	3784	58	924	612	420	312	220	180	144	112	112	84	84	60	60	60	40	40	40	40	24	24	24	24	24	24	24	6	12	12	12	12	12	12	12	12	12	12	12	12	12	12	4	4	4	4	4	4	4	4	4	4	4	4	4	4	4	4	4	4	4	4	4	4	4	4	4	4	4	4	4	4	4	4	4	4	4	4	4	4	4	4	4	4	4	2	
176	88	1740	44	612	420	312	22	180	144	16	112	84	84	60	60	60	40	40	40	40	8	24	24	24	24	24	24	24	12	12	12	12	12	12	12	12	12	12	12	12	12	12	4	4	4	4	4	4	4	4	4	4	4	4	4	4	4	4	4	4	4	4	4	4	4	4	4	4	4	4	4	4	4	4	4	4	4	4	4	4	4	4	4	4	4	4	2	
178	3960	1740	1012	612	420	312	264	180	144	144	112	84	84	60	60	60	40	40	40	40	40	24	24	24	24	24	24	24	12	12	12	12	12	12	12	12	12	12	12	12	12	12	12	4	4	4	4	4	4	4	4	4	4	4	4	4	4	4	4	4	4	4	4	4	4	4	4	4	4	4	4	4	4	4	4	4	4	4	4	4	4	4	4	4	4	4	4	2	
180	90	60	1012	36	30	312	264	20	18	144	112	84	84	12	60	60	10	40	40	40	40	24	24	24	24	24	24	24	6	12	12	12	12	12	12	12	12	12	12	12	12	12	12	4	4	4	4	4	4	4	4	4	4	4	4	4	4	4	4	4	4	4	4	4	4	4	4	4	4	4	4	4	4	4	4	4	4	4	4	4	4	4	4	4	4	4	4	4	2	
182	4140	1860	1012	684	480	26	264	220	180	144	112	14	84	84	60	60	60	40	40	40	40	24	24	24	24	24	24	24	24	12	12	12	12	12	12	12	12	12	12	12	12	12	12	12	4	4	4	4	4	4	4	4	4	4	4	4	4	4	4	4	4	4	4	4	4	4	4	4	4	4	4	4	4	4	4	4	4	4	4	4	4	4	4	4	4	4	4	4	4	2	
184	92	1860	46	684	480	364	264	220	180	144	112	112	84	84	60	60	60	40	40	40	40	8	24	24	24	24	24	24	24	12	12	12	12	12	12	12	12	12	12	12	12	12	12	12	4	4	4	4	4	4	4	4	4	4	4	4	4	4	4	4	4	4	4	4	4	4	4	4	4	4	4	4	4	4	4	4	4	4	4	4	4	4	4	4	4	4	4	4	4	4	2	
186	4324	62	1104	684	480	364	264	220	180	144	112	112	84	84	60	60	60	40	40	40	40	40	24	24	24	24	24	24	24	6	12	12	12	12	12	12	12	12	12	12	12	12	12	12	12	4	4	4	4	4	4	4	4	4	4	4	4	4	4	4	4	4	4	4	4	4	4	4	4	4	4	4	4	4	4	4	4	4	4	4	4	4	4	4	4	4	4	4	4	4	4	2	
188	94	1984	1104	684	480	364	264	220	180	144	112	112	84	84	60	60	60	40	40	40	40	40	24	24	24	24	24	24	24	24	12	12	12	12	12	12	12	12	12	12	12	12	12	12	12	4	4	4	4	4	4	4	4	4	4	4	4	4	4	4	4	4	4	4	4	4	4	4	4	4	4	4	4	4	4	4	4	4	4	4	4	4	4	4	4	4	4	4	4	4	4	4	2	
190	4512	1984	1104	38	480	364	264	220	180	144	112	112	84	84	60	60	60	10	40	40	40	40	24	24	24	24	24	24	24	24	12	12	12	12	12	12	12	12	12	12	12	12	12	12	12	12	4	4	4	4	4	4	4	4	4	4	4	4	4	4	4	4	4	4	4	4	4	4	4	4	4	4	4	4	4	4	4	4	4	4	4	4	4	4	4	4	4	4	4	4	4	4	4	2	
192	96	64	48	760	32	364	24	220	180	144	16	112	84	84	12	60	60	60	40	40	40	40	8	24	24	24	24	24	24	24	6	12	12	12	12	12	12	12	12	12	12	12	12	12	12	12	4	4	4	4	4	4	4	4	4	4	4	4	4	4	4	4	4	4	4	4	4	4	4	4	4	4	4	4	4	4	4	4	4	4	4	4	4	4	4	4	4	4	4	4	4	4	4	4	2	
194	4704	2112	1200	760	544	364	312	220	180	144	144	112	84	84	84	60	60	60	40	40	40	40	40	24	24	24	24	24	24	24	24	12	12	12	12	12	12	12	12	12	12	12	12	12	12	12	12	4	4	4	4	4	4	4	4	4	4	4	4	4	4	4	4	4	4	4	4	4	4	4	4	4	4	4	4	4	4	4	4	4	4	4	4	4	4	4	4	4	4	4	4	4	4	4	4	2	
196	98	2112	1200	760	544	28	312	220	180	144	144	112	14	84	84	60	60	60	40	40	40	40	40	24	24	24	24	24	24	24	24	12	12	12	12	12	12	12	12	12	12	12	12	12	12	12	12	4	4	4	4	4	4	4	4	4	4	4	4	4	4	4	4	4	4	4	4	4	4	4	4	4	4	4	4	4	4	4	4	4	4	4	4	4	4	4	4	4	4	4	4	4	4	4	4	4	2	
198	4900	66	1200	760	544	420	312	22	180	18	144	112	112	84	84	60	60	60	40	40	40	40	40	24	24	24	24	24	24	24	24	6	12	12	12	12	12	12	12	12	12	12	12	12	12	12	12	12	4	4	4	4	4	4	4	4	4	4	4	4	4	4	4	4	4	4	4	4	4	4	4	4	4	4	4	4	4	4	4	4	4	4	4	4	4	4	4	4	4	4	4	4	4	4	4	4	4	2	
200	100	2244	50	40	544	420	312	264	20	180	144	112	112	84	84	60	60	60	10	40	40	40	40	8	24	24	24	24	24	24	24	24	12	12	12	12	12	12	12	12	12	12	12	12	12	12	12	12	4	4	4	4	4	4	4	4	4	4	4	4	4	4	4	4	4	4	4	4	4	4	4	4	4	4	4	4	4	4	4	4	4	4	4	4	4	4	4	4	4	4	4	4	4	4	4	4	4	4	2	
