1 9163 
2 1 807 
1 1679 
1 8946 
1 2743 
2 1 9648 
2 46 7698 
1 7246 
2 2 2543 
2 5 7269 
2 6 4769 
1 6201 
1 5861 
1 417 
1 9746 
2 24 5987 
1 451 
2 123 9875 
2 20 6987 
2 6 8549 
1 650 
2 2 9654 
2 1 7216 
2 1 9140 
1 5648 
1 629 
2 4 4139 
2 50 8796 
1 1542 
2 16 6759 
1 1609 
2 10 7569 
2 4 7986 
1 5931 
2 2 9218 
2 1 5764 
1 8960 
1 6735 
2 1 1476 
2 31 9876 
1 5907 
2 89 9875 
2 1 1230 
1 1673 
1 8764 
2 1 4913 
2 10 4139 
1 765 
1 6795 
1 2397 
1 3092 
2 14 1209 
2 1 1473 
2 3 2130 
1 1238 
1 8264 
1 7492 
1 9346 
1 2301 
2 1 3524 
2 5 8796 
2 1 6029 
1 7890 
2 23 1987 
1 7291 
1 973 
2 39 6598 
1 4269 
1 9365 
2 7 9658 
2 13 2987 
2 1 3462 
1 150 
2 2 1520 
1 8462 
1 5301 
2 1 6049 
1 6285 
2 1 7954 
1 7409 
2 9 3298 
2 1 1265 
2 102 9876 
1 5064 
2 24 1098 
1 7603 
2 51 3298 
2 4 9187 
2 10 1509 
1 5602 
2 1 7196 
1 9652 
1 8650 
1 3620 
1 3015 
1 3250 
1 2895 
2 4 2098 
1 6843 
1 6597 
1 5249 
2 59 3298 
2 1 1827 
1 9352 
1 830 
2 1 3867 
2 4 3769 
2 87 4398 
1 2935 
2 4 2879 
1 7593 
1 853 
2 6 8279 
2 2 5614 
2 5 4398 
2 3 1098 
2 7 1809 
2 1 9160 
1 6750 
2 1 403 
2 34 4398 
1 7012 
1 5487 
1 7049 
2 1 5784 
2 6 7439 
2 84 8796 
2 35 8796 
2 15 1209 
1 3451 
1 74 
2 2 7806 
2 98 8796 
2 2 2301 
1 3089 
1 9786 
2 1 6143 
2 1 4329 
1 6854 
2 2 1908 
1 1578 
2 1 6130 
1 435 
1 2190 
2 10 7968 
2 18 9876 
1 7029 
1 7532 
2 36 7695 
1 6925 
1 804 
2 2 4765 
2 1 9058 
1 5329 
2 3 5849 
2 12 1907 
1 8016 
1 5731 
1 9451 
1 6158 
2 45 8795 
2 47 2198 
1 6821 
2 5 4639 
1 5826 
1 7528 
2 2 8179 
2 2 7329 
1 98 
1 2908 
1 2360 
1 1357 
2 2 6754 
2 13 4329 
1 684 
2 17 3219 
2 8 8079 
2 1 8721 
2 1 1453 
1 6074 
1 3610 
1 8079 
2 2 1769 
1 8957 
2 1 1870 
2 4 5249 
2 9 4938 
2 7 109 
1 9423 
2 1 1276 
1 702 
1 5371 
1 4701 
1 7681 
1 2941 
2 51 8796 
1 7021 
2 1 8927 
1 3651 
1 7698 
1 2897 
1 5023 
2 4 5049 
2 92 1098 
1 7546 
2 2 1876 
1 4932 
1 125 
1 340 
2 7 3129 
1 8374 
2 1 5201 
2 95 3298 
2 1 5160 
2 5 7369 
1 6972 
1 7619 
2 58 7695 
1 3906 
2 2 2398 
1 8470 
1 1680 
2 81 2198 
2 29 9876 
1 658 
2 7 3549 
2 2 5769 
2 1 432 
1 671 
1 2640 
1 8973 
2 2 4312 
2 1 9548 
2 3 1549 
1 7195 
2 2 6231 
1 3019 
2 2 2987 
2 1 9362 
1 1783 
2 3 4352 
1 9820 
1 4286 
1 3028 
1 4713 
1 4625 
2 35 4398 
1 4017 
2 6 7169 
1 9248 
2 2 5423 
2 3 3219 
2 4 5329 
2 1 7546 
1 9415 
1 1864 
2 5 8439 
2 1 4076 
1 628 
1 1370 
1 1269 
1 6382 
1 378 
1 3150 
2 18 5439 
2 4 9786 
1 7134 
1 1536 
1 1634 
1 915 
2 20 3987 
1 58 
2 57 3298 
1 3510 
1 9264 
1 4197 
2 4 1329 
1 9105 
2 91 2198 
1 9285 
2 48 8796 
2 3 7069 
1 4962 
2 89 2197 
2 13 8796 
1 2976 
1 4198 
1 7058 
2 19 1987 
2 10 659 
2 1 7120 
1 7432 
1 1867 
1 4267 
2 6 9328 
2 12 7985 
1 7953 
1 926 
1 3918 
2 15 7865 
2 12 2018 
1 9102 
2 1 9352 
2 14 7986 
1 9081 
1 3619 
2 1 687 
1 8643 
2 5 1409 
1 6301 
1 164 
1 5796 
2 10 7329 
1 6287 
2 13 9687 
1 3581 
2 2 2319 
2 1 1498 
1 2086 
2 1 7432 
1 9186 
2 6 4109 
1 1237 
1 1946 
1 1657 
2 9 4139 
2 1 897 
2 4 8976 
2 82 8796 
2 6 6109 
2 95 9876 
2 85 8796 
1 3168 
2 6 8079 
1 8574 
2 58 1098 
1 652 
2 5 6958 
1 753 
1 6298 
1 8360 
2 15 2987 
1 8179 
2 1 1470 
2 13 1098 
2 3 3659 
2 1 9138 
2 1 3854 
1 8604 
2 1 8403 
1 967 
2 10 7469 
2 1 8437 
2 92 4398 
1 8049 
1 2905 
1 9083 
1 823 
1 13 
1 6549 
1 3921 
1 9476 
2 6 5749 
1 18 
2 1 5024 
2 4 7439 
2 1 2941 
2 3 1409 
2 8 3769 
2 1 1054 
2 6 4839 
2 103 6594 
1 3760 
1 2457 
1 6871 
2 84 5498 
2 1 3726 
1 8259 
2 6 8679 
2 23 2197 
2 42 2198 
1 4817 
2 2 7365 
2 2 564 
1 3910 
1 5468 
1 6215 
1 4185 
2 7 9187 
2 2 2031 
2 70 7698 
1 6752 
2 3 4239 
2 102 9873 
1 6178 
1 4960 
1 1735 
1 4908 
1 6283 
2 12 5438 
1 786 
1 3129 
1 1024 
2 10 6879 
1 6980 
1 1805 
1 2417 
1 2790 
2 6 5649 
1 6052 
1 8496 
1 3254 
1 364 
1 9874 
1 3472 
2 34 8796 
1 6578 
1 2018 
1 8523 
1 2685 
2 2 1659 
1 6794 
2 1 5014 
1 6827 
2 1 10 
2 2 5987 
1 1872 
1 1605 
1 8156 
2 1 594 
2 8 549 
1 2791 
2 2 3452 
1 4832 
1 2057 
2 12 9785 
2 20 1987 
1 9508 
1 4209 
1 2698 
2 5 6329 
2 1 2847 
1 3201 
2 1 2817 
2 1 743 
2 35 2198 
1 8045 
2 10 4329 
1 3540 
1 5063 
1 9856 
2 1 8321 
1 293 
1 8152 
1 5349 
1 7349 
2 1 5034 
2 8 9487 
2 2 2910 
1 6784 
1 2890 
1 4385 
2 8 6879 
1 8247 
2 9 9786 
2 12 9086 
2 8 5439 
1 2598 
2 4 4539 
2 21 6987 
1 3549 
1 3687 
2 1 4908 
1 9875 
1 7163 
1 2096 
1 2856 
1 849 
1 3126 
1 8023 
1 8459 
2 8 2319 
2 1 4821 
1 4738 
1 6593 
2 1 487 
1 123 
1 9478 
2 13 5439 
1 4062 
1 1290 
1 8039 
1 371 
2 6 9218 
1 1463 
1 6713 
1 3587 
2 89 6597 
2 1 5094 
2 1 7908 
1 4372 
1 9813 
1 3102 
1 7952 
2 59 9876 
2 8 5769 
1 8349 
1 1490 
2 102 3297 
1 7238 
1 8594 
2 1 4687 
2 5 6219 
2 26 8796 
2 1 7456 
1 2064 
1 3719 
1 3982 
1 1683 
2 26 1098 
2 1 1743 
1 9630 
1 1356 
1 8329 
1 4623 
2 2 9342 
2 89 8796 
2 5 5879 
2 15 6549 
2 1 1609 
2 17 6987 
1 7295 
1 3256 
2 104 6594 
1 5041 
1 2659 
1 4672 
1 8624 
1 6870 
2 23 8976 
1 2974 
1 6480 
2 1 5483 
2 8 3429 
2 13 9287 
2 3 4532 
2 1 2781 
1 8342 
2 5 8379 
2 1 3769 
1 4829 
1 8293 
2 2 6154 
1 5469 
2 1 4965 
1 579 
2 1 5410 
1 7683 
2 96 9876 
2 10 1809 
1 4502 
2 19 5498 
1 3789 
1 394 
2 1 4659 
1 1493 
1 4196 
1 4827 
2 12 4986 
1 670 
1 6813 
1 1670 
1 4218 
1 385 
1 9825 
1 6127 
2 1 4187 
1 7534 
2 1 2641 
2 1 5769 
1 8734 
2 1 4853 
2 24 7698 
1 9240 
2 78 3297 
1 5129 
2 1 543 
2 5 8329 
1 5913 
2 1 9608 
1 4961 
1 2390 
2 57 5498 
2 2 5698 
2 8 8479 
1 489 
2 18 5498 
1 7346 
1 6421 
2 1 6857 
1 6520 
1 8451 
1 4137 
1 1527 
1 1749 
2 4 4219 
1 8396 
1 9847 
2 89 4398 
1 56 
2 120 9874 
1 152 
1 8409 
2 1 4372 
2 62 2198 
1 8320 
2 9 7549 
2 1 3842 
2 72 2198 
1 6185 
1 1709 
2 1 1243 
1 390 
1 2735 
2 4 1609 
2 102 9875 
2 1 3965 
2 2 1309 
2 3 2319 
2 69 3298 
1 1085 
1 3490 
2 6 6459 
1 4890 
1 8169 
2 5 6459 
1 7495 
1 9235 
1 8524 
1 4168 
1 1764 
2 17 987 
1 4026 
2 9 9287 
2 1 6025 
1 3987 
1 9854 
1 1054 
1 3067 
1 7658 
1 6452 
2 2 5298 
1 4598 
2 13 6549 
1 5901 
1 8641 
2 1 4263 
1 5420 
1 4982 
1 7548 
1 3728 
2 1 6105 
1 7946 
1 6930 
1 5472 
1 6405 
1 7934 
2 1 2968 
1 9143 
1 7309 
1 1540 
1 9743 
1 7138 
1 4862 
1 249 
2 1 3412 
2 1 9710 
2 1 6098 
2 1 987 
1 3674 
1 8904 
2 1 8231 
2 1 4352 
1 5637 
1 8067 
1 5942 
1 5849 
2 76 5498 
2 1 3865 
2 1 4310 
1 3296 
2 2 2170 
1 8294 
1 3192 
2 1 6205 
1 2891 
2 2 2931 
1 3245 
1 365 
1 4138 
2 3 9087 
2 1 5706 
1 5067 
2 2 9548 
2 1 9087 
2 1 9518 
1 5694 
2 1 4736 
2 1 6498 
2 12 9107 
1 5219 
1 4519 
1 5164 
2 1 5310 
1 8194 
1 713 
1 4516 
1 372 
1 2418 
2 3 1320 
2 1 5624 
2 2 7086 
1 2870 
2 28 6598 
2 1 3702 
2 1 6837 
2 13 9685 
1 8032 
1 2574 
1 1420 
2 3 5987 
2 1 1590 
1 3896 
1 1452 
2 2 4210 
1 2934 
2 46 9876 
2 9 1987 
1 8720 
1 7954 
2 5 8579 
2 12 9327 
2 1 8310 
2 1 8976 
2 46 5498 
1 7985 
1 8534 
1 9368 
1 7538 
2 1 5170 
2 13 9876 
1 3408 
1 2483 
2 7 5109 
1 2865 
1 5791 
1 210 
1 2091 
1 3957 
1 1389 
2 1 287 
2 2 8967 
2 1 8109 
1 7105 
2 8 1609 
1 5167 
1 3980 
1 4692 
1 1870 
1 621 
2 7 5219 
2 10 7439 
1 2065 
2 3 2619 
2 8 4839 
1 195 
2 2 3675 
1 3764 
1 9713 
1 5149 
2 1 9130 
2 1 4786 
1 536 
2 36 4398 
2 10 7219 
2 8 3549 
1 5384 
2 3 4219 
1 9257 
2 1 4703 
2 32 9876 
2 5 8109 
2 3 9768 
2 1 1786 
1 824 
2 78 4398 
2 12 9687 
1 8510 
1 104 
1 8962 
1 6430 
1 3954 
1 2576 
1 6429 
2 1 5231 
1 9382 
2 1 3210 
2 9 2549 
2 12 8976 
2 1 5364 
2 1 796 
1 382 
2 1 576 
2 1 7564 
2 2 5943 
2 1 5249 
2 85 7698 
1 8647 
2 1 6254 
1 4053 
2 10 8769 
2 35 8976 
1 5148 
2 1 6915 
1 9453 
2 20 5649 
2 2 1920 
1 5628 
1 7263 
2 1 8921 
2 1 1069 
1 9631 
2 10 6159 
2 1 6910 
1 867 
2 2 6439 
1 2894 
2 12 1097 
2 4 4938 
1 3072 
1 9103 
1 5302 
1 5107 
1 3609 
2 2 8654 
2 16 4539 
1 4208 
1 8106 
2 103 9876 
1 7435 
2 1 4893 
2 2 1039 
2 2 7439 
2 1 3582 
2 24 5498 
2 1 3510 
1 3104 
1 4083 
1 9637 
2 6 5349 
2 59 8796 
1 3862 
2 1 9178 
1 1925 
2 1 3172 
2 9 1709 
1 3940 
2 1 3109 
2 1 9210 
2 2 8726 
1 8 
2 89 5497 
1 6547 
2 1 6054 
1 416 
2 1 7150 
2 9 6259 
1 9246 
1 9475 
1 9071 
1 6184 
2 20 7698 
2 1 879 
1 3916 
2 20 2987 
2 1 854 
1 5674 
2 1 4165 
1 1960 
2 19 3298 
1 7369 
1 9148 
1 8590 
2 4 879 
2 1 7928 
1 2043 
1 6107 
1 6932 
2 1 5098 
2 2 543 
2 47 6598 
2 48 9876 
1 6927 
2 8 1409 
2 2 498 
1 681 
1 7936 
2 1 1790 
2 8 5249 
1 6195 
1 6507 
1 6120 
1 6210 
1 5684 
1 2478 
2 12 9487 
2 38 5498 
2 4 7269 
1 1025 
2 1 1958 
1 7540 
1 8740 
1 4390 
2 3 7564 
1 3524 
2 95 1098 
2 1 8706 
1 7860 
1 5184 
2 1 4089 
2 1 2754 
2 1 8376 
2 2 4302 
1 4963 
2 1 769 
1 725 
2 83 9876 
2 3 4109 
1 573 
2 9 9658 
2 54 8796 
1 2861 
1 5120 
1 2467 
2 2 4321 
1 6582 
1 482 
2 5 9328 
2 1 1409 
1 5914 
1 8421 
2 2 4153 
2 8 4739 
2 7 9786 
2 1 958 
1 7821 
1 8512 
1 9251 
1 6785 
1 8042 
1 4275 
2 1 387 
2 63 7698 
1 3598 
2 98 7698 
2 2 8675 
2 4 2519 
1 5492 
2 2 9018 
1 6479 
1 587 
2 25 5498 
2 17 6759 
2 1 210 
2 10 3029 
1 620 
2 8 329 
2 1 4783 
2 1 2398 
1 8542 
2 1 1560 
2 1 621 
1 6130 
1 431 
2 1 7605 
2 1 8029 
2 1 1209 
1 5621 
2 10 6759 
1 6982 
2 6 2439 
2 1 2710 
2 37 9876 
1 1073 
2 1 6375 
1 3428 
2 67 6598 
1 7145 
1 583 
2 4 9876 
