4
6
4
8
4
4
10
12
4
4
12
6
4
4
4
220
4
4
12
4
4
4
1512
180
4
4
4
6384
4
12
4
24
4
4
24
4
4
4
4
12
4
4
1300
4
12
4
12
4
24
4
12
4
84
4
4
12
4
24
4
24
4
364
24
4
4
24
60
24
4
24
114
4
112
12
4
4
1012
12
4
4
4
4
4
12
74
12
12
4
40
4
84
60
4
4
112
4
4
312
2380
312
24
4
4
4
4
4
5512
180
40
4
4
684
4
4
12
3612
12
4
12
4
4
12
4
4
12
220
144
4
12
4
40
4
4
4
4
3960
4
4
264
12
4
4
4
12
12
4
4
4
4
4
1624
4
4
420
12
4
220
84
4
4
4
4
4
4
24
4
84
4
12
4
112
144
4
4
420
4
480
12
12
12
12
4
12
4
12
4
60
4
4
4
4
12
60
40
60
12
12
40
4
4
4
4
4
4
4
4
4
38
4
60
16
12
40
60
4
37264
40
220
4
4
4
4
60
4
144
4
4
4
4
12
4
144
4
4
4
40
4
264
4
4
84
4
144
1012
4
4
4
24
4
12
40
4
4
40
4
12
4
4
12
4
14
220
4
24
40
40
24
40
84
4
12
4
12
12
4
144
12
924
4
4
220
12
4
4
4
4
4
4
4
4
84
12
4
12
144
4
40
12
4
480
24
4
4
4
4
4
40
4
40
46
4
40
40
12
220
4
364
4
4
12
24
12
4
12
12
612
4
12
12
112
4
12
4
24
4
4
24
364
2520
40
4
4
12
4
4
4
4
112
12
144
24
12
4
12
16
4
8320
12
4
4
40
4
1104
4
4
4
15664
2812
312
12
4
4
4
10
4
264
4
40
12
4
4
12
4
16
4
12
4
12
12
4
112
4
112
4
40
38
12
12
180
4
4
4
60
4
4
24
26
12
4
40
1200
40
40
12
4
4
4
2520
4
24
40
112
12
4
4
4
4
4
4
4
24
12
4
4
4
4
4
4
12
12
4
24
12
4
84
612
4
12
4
60
4
40
480
4
4
40
12
4
60
4
60
12
24
12
4
4
40
4
84
84
60
12
4
4
4
4
12
4
312
4
4
4
24
4
4
4
312
12
1000
499000
497004
222444
666
221112
124500
124500
77224
54780
54780
18624
