22
  1   2   2   4   4   5   5  33  33  51  51  73  73  99  99 129 129 163 163 201 201   6
  1   3   3   7   8   9   9  34  34  52  52  74  74 100 100 130 130 164 164 202 202   6
 10  10  11   7   8  13  14  14  35  35  53  53  75  75 101 101 131 131 165 165 203 203
 16  17  11  12  12  13  15  15  36  36  54  54  76  76 102 102 132 132 166 166 204 204
 16  17  18  18  21  22  23  23  37  37  55  55  77  77 103 103 133 133 167 167 205 205
 19  19  20  20  21  22  24  38  38  56  56  78  78 104 104 134 134 168 168 206 206  25
 26  27  28  29  30  30  24  39  39  57  57  79  79 105 105 135 135 169 169 207 207  25
 26  27  28  29  45  46  47  48  49  58  58  80  80 106 106 136 136 170 170 208 208  50
 41  42  43  44  45  46  47  48  49  59  59  81  81 107 107 137 137 171 171 209 209  50
 41  42  43  44  65  66  67  68  69  70  71  82  82 108 108 138 138 172 172 210 210  72
 61  62  63  64  65  66  67  68  69  70  71  83  83 109 109 139 139 173 173 211 211  72
 61  62  63  64  89  90  91  92  93  94  95  96  97 110 110 140 140 174 174 212 212  98
 85  86  87  88  89  90  91  92  93  94  95  96  97 111 111 141 141 175 175 213 213  98
 85  86  87  88 117 118 119 120 121 122 123 124 125 126 127 142 142 176 176 214 214 128
113 114 115 116 117 118 119 120 121 122 123 124 125 126 127 143 143 177 177 215 215 128
113 114 115 116 149 150 151 152 153 154 155 156 157 158 159 160 161 178 178 216 216 162
145 146 147 148 149 150 151 152 153 154 155 156 157 158 159 160 161 179 179 217 217 162
145 146 147 148 185 186 187 188 189 190 191 192 193 194 195 196 197 198 199 218 218 200
181 182 183 184 185 186 187 188 189 190 191 192 193 194 195 196 197 198 199 219 219 200
181 182 183 184 225 226 227 228 229 230 231 232 233 234 235 236 237 238 239 240 241 242
221 222 223 224 225 226 227 228 229 230 231 232 233 234 235 236 237 238 239 240 241 242
221 222 223 224  31  31  32  32  40  40  60  60  84  84 112 112 144 144 180 180 220 220
