40 25
6
6
10
8
5 1
6 11
19
19
11 1 1
12
13 1 1
16
8
9
10
10 3
4 6 3
3 6 3
2 6 3
2 11
2 6
2 4
4 3
6 4
8 6
18
6 9
10 7
11 6
13 6
13 5
13 5
13 4
13 3 1
13 5 2
5 6 11
5 5 9
4 8 5
2 10 3
1 9 2
4
5
6
9
11
14
4 19
1 6 24
16 16
17 16
16 3 13
16 2 13
17 2 9 3
4 12 1 8 3
4 15 2 6 1 3
19 2 3 2 3
1 7 7 3 4 2
3 3 5 13 2
3 2 4 13 2
4 2 3 10 4
3 1 2 11 5
4 2 1 11 5
3 1 5 9 4
3 2 5 1 4
3 5 1 4



45 30
2
1 5
1 2 6
3 12
3 13
2 2 11
1 1 5 3
1 2 2 1
3 3 14
1 3 1 2 2 1 1 1
1 1 1 1 1 3 1 1
1 1 1 2 4 3 1
1 1 1 1 3
1 1 1 2 2 2 1
1 1 1 1 6 1
1 1 1 1 2 1 1
1 1 1 2 1 2 1
1 1 1 1 3 1
1 1 1 1 2
1 1 2 5 2
1 2 1 3 3 6
4 1 4 3 6 1
1 4 4 2 2 1
2 1 2 2 2 2
1 2 1 4 1 2 1
1 4 1 5 3 2 2
1 1 8 2 3 1 1
1 1 1 1 2 5 2 1
1 1 1 1 2 5 3 1
1 1 1 2 1 3 6
1 1 1 1 1 1 4
1 1 1 1 1 1 1
1 1 1 2 9 1
1 1 1 1 9 2
1 1 1 2 8 1
1 1 1 2 8 3
1 1 1 14
1 1 1 7
1 1 1 7
1 1 1 8
1 1 1 13
1 1 1 2 4 2
1 1 1 2 1 2
1 1 1 4 4 2
7 6 7
38
2 1 1 1 1
3 2 1 1 1
4 13 21
3 2 1 1 1
4 1 1 1
16 20
1 1
5
2 1
1 1
1 1 3 2
3 2 2 4 2 3
2 3 1 6 2 2 2
1 4 2 1 2 1 1 2
2 2 2 1 8 1 1 1
5 3 1 2 16 2 1
7 1 2 4 9 1
6 1 2 2 2 10 2
6 1 1 4 2 5 10 1
7 1 2 1 1 10 12
6 3 1 2 3 5 10 2
6 1 2 4 2 2 9 1
6 1 1 1 4 9 1
11 17 1 1 1
3 1 5 1 4 4 1 2 1
3 5 1 3 2 2 1
1 4 5 1 3
3 1 3 1
5























25 35
1 1 1
1 1 1
1 1 1
1 1 1
1 1 1
1 1 1
5 5 5 5
25
3 8 7 4
2 5 5 3
1 2 1 1 1 1 1
5 5 5
7 7 7
25
25
25
1 1
25
1 1
25
25
5 5
31
27
23
1
1
2
2
3
4 8 2
4 4 1 2 3
3 5 1 2 3
2 6 1 2 3
3 6 1 2 3
3 5 1 2 3
4 3 5 1 2 3
2 4 4 1 2 3
5 3 1 2 3
4 4 1 2 3
4 5 1 2 3
3 5 1 2 3
4 1 6 1 2 3
2 3 5 1 2 3
4 5 1 2 3
4 4 1 2 3
5 3 1 2 3
4 4 1 2 3
4 3 5 1 2 3
2 3 5 1 2 3
2 6 1 2 3
3 5 1 2 3
4 5 1 2 3
4 4 1 2 3
4 8 2
3
2
2
1
1


















45 30
3
3
5
5
6
7
8
9
9
11
12
14
4 12
5 9 1
7 5 1
9 2
12 3 3
1 8 3 1 4
1 8 2 4 4
1 4 1 2 4
1 1 4
1 2 2 1 4
1 4 4 1 2 4
1 1 5
2 2 2 5
2 2 1 4 5
2 7 6
3 6 1 6
3 4 2 7
4 2 3 8
4 5 9
5 17
6 18
7 19
28
28
28
28
28
28
28
28
28
28
30
1 1
1 1
29
2 21
3 18
4 1 16
5 2 14
6 2 1 13
8 1 2 12
9 1 3 11
11 1 3 11
14 1 2 12
8 1 2 1 13
11 2 2 14
13 1 1 15
14 2 17
14 1 21
13 9 1 16
10 1 2 15
8 1 3 14
6 1 3 14
5 1 2 15
3 2 1 16
2 2 17
1 1 19
1 22
31
30
29
28















































45 30
1 5
5 1 1 9 1 1
2 3 3
3 3 1 3
3 2 1 2
3 2 1 2
3 2 2 2
3 3 2 3 
2 3 3
1 9
5 1 1 5 1 1
2 4 4
3 4 5 4
4 4 1 1 4
4 4 1 1 4
3 4 5 4
6 1 2 1 1 2 1
3 4 7 4
5 1 4 7 4 1
5 3 1 5 1 3
5 3 1 5 1 3
5 3 1 5 1 3
5 3 2 3 2 3
5 1 3 1 3 1
6 1 2 4 4 2 1
4 2 4 4 2
6 1 2 1 1 2 1
2 5 5
2 5 5
2 5 5
2 5 5
4 1 1 1 1 
6 1 4 3 3 3 1
4 4 5 5 3
6 5 2 1 1 2 4
4 6 7 7 5
3 7 1 6
2 2 24
3 6 7 5
4 5 7 5 1
3 2 17 5
4 2 5 6 7 
3 4 4 2
2 16 8
2 8 13



1 8
1 10
8 1 1 1 1 1 3 2 3
3 3 2 3
3 4 2 2
4 4 1 2 2
3 6 2 2
7 1 1 8 2 2 3 2
7 4 6 3 1 2 5 1
5 12 2 1 2 7
7 5 8 6 1 1 4 2
7 9 5 12 2 1 4 2
10 3 3 1 3 4 4 2 1 4 2
10 3 3 4 5 3 4 2 1 4 1
10 2 2 1 1 6 8 3 2 1 1
9 2 1 2 1 1 7 2 2 1
11 2 1 2 2 1 1 6 8 3 1 2
12 3 3 3 4 5 3 4 2 1 1 2 1
11 3 3 1 3 4 4 2 1 1 2 2 
8 9 5 12 2 1 1 3 2
8 5 8 6 1 1 1 3 2
7 12 2 1 2 1 2 2
8 4 6 3 1 2 1 1 2
8 1 1 8 2 2 1 1 2
3 5 1 2
3 6 2 2
3 5 2 1
3 5 2 1
8 1 1 1 1 1 4 3 1
2 6 1




..........
2 3 4
