39 69
35 11
35 18
11 18
10 25
18 25
35 25
35 10
33 29
18 29
35 29
35 33
1 20
11 20
18 20
18 1
21 36
18 36
35 36
35 21
34 26
35 26
11 26
11 34
16 12
16 15
12 15
27 31
16 31
12 31
12 27
9 2
16 2
12 2
12 9
6 39
12 39
15 39
15 6
7 30
12 30
15 30
15 7
4 28
16 28
12 28
12 4
8 19
8 5
19 5
22 13
8 13
19 13
19 22
23 17
19 17
5 17
5 23
38 14
19 14
5 14
5 38
24 37
8 37
19 37
19 24
3 32
8 32
19 32
19 3
36 60
6 8
6 14
8 14
20 21
6 21
8 21
8 20
17 1
6 1
8 1
8 17
9 25
8 25
14 25
14 9
12 34
12 31
34 31
10 19
31 19
12 19
12 10
3 35
12 35
34 35
34 3
15 28
31 28
12 28
12 15
2 26
2 29
26 29
7 16
26 16
29 16
29 7
22 24
29 24
2 24
2 22
13 32
26 32
29 32
29 13
5 33
5 4
33 4
36 11
5 11
33 11
33 36
23 30
5 30
33 30
33 23
18 27
33 27
4 27
4 18
39 69
10 12
10 37
12 37
9 27
12 27
37 27
37 9
24 33
37 33
10 33
10 24
16 6
12 6
37 6
37 16
26 3
10 3
12 3
12 26
23 4
37 4
10 4
10 23
13 29
13 14
29 14
28 32
13 32
29 32
29 28
2 11
13 11
29 11
29 2
19 20
13 20
29 20
29 19
39 7
13 7
29 7
29 39
1 30
29 30
14 30
14 1
8 21
8 5
21 5
25 18
5 18
8 18
8 25
35 15
21 15
5 15
5 35
22 38
21 38
5 38
5 22
31 34
5 34
8 34
8 31
36 17
21 17
5 17
5 36
45 75
14 30
14 28
30 28
20 16
28 16
14 16
14 20
24 39
30 39
28 39
28 24
34 25
30 25
28 25
28 34
11 29
11 35
29 35
41 19
29 19
35 19
35 41
12 13
35 13
11 13
11 12
32 31
11 31
29 31
29 32
10 6
10 1
6 1
22 44
6 44
1 44
1 22
15 36
6 36
1 36
1 15
8 4
6 4
1 4
1 8
7 21
7 3
21 3
43 2
7 2
21 2
21 43
23 38
7 38
21 38
21 23
17 45
3 45
7 45
7 17
40 37
40 5
37 5
9 27
5 27
40 27
40 9
18 26
40 26
37 26
37 18
42 33
40 33
37 33
37 42
45 75
32 12
32 25
12 25
43 21
25 21
32 21
32 43
26 8
25 8
32 8
32 26
24 14
25 14
32 14
32 24
37 44
37 2
44 2
31 36
2 36
37 36
37 31
23 18
44 18
2 18
2 23
15 33
44 33
2 33
2 15
34 40
34 45
40 45
29 41
45 41
34 41
34 29
1 5
45 5
34 5
34 1
7 17
40 17
45 17
45 7
42 20
42 11
20 11
38 19
11 19
42 19
42 38
16 28
20 28
11 28
11 16
35 3
11 3
42 3
42 35
9 22
9 30
22 30
39 6
22 6
30 6
30 39
10 4
9 4
22 4
22 10
27 13
9 13
22 13
22 27
45 75
35 21
35 2
21 2
38 30
21 30
2 30
2 38
8 36
35 36
21 36
21 8
43 27
35 27
21 27
21 43
39 33
39 23
33 23
16 11
33 11
23 11
23 16
6 32
39 32
33 32
33 6
25 26
39 26
33 26
33 25
19 13
19 44
13 44
41 3
44 3
19 3
19 41
29 5
13 5
44 5
44 29
1 18
44 18
19 18
19 1
28 31
28 22
31 22
15 12
31 12
22 12
22 15
45 34
31 34
22 34
22 45
14 4
31 4
22 4
22 14
17 40
17 42
40 42
37 10
17 10
40 10
40 37
7 20
17 20
40 20
40 7
9 24
42 24
17 24
17 9
45 75
31 10
31 16
10 16
45 4
10 4
16 4
16 45
25 27
16 27
31 27
31 25
24 38
31 38
10 38
10 24
2 37
2 26
37 26
14 36
26 36
2 36
2 14
21 19
2 19
37 19
37 21
43 29
26 29
2 29
2 43
28 12
28 34
12 34
33 22
34 22
28 22
28 33
23 42
12 42
34 42
34 23
20 15
28 15
12 15
12 20
9 40
9 17
40 17
8 6
40 6
17 6
17 8
3 41
17 41
9 41
9 3
30 35
40 35
17 35
17 30
44 7
44 32
7 32
18 11
7 11
32 11
32 18
39 5
32 5
44 5
44 39
1 13
44 13
7 13
7 1
45 75
45 23
45 37
23 37
12 8
37 8
45 8
45 12
3 14
37 14
45 14
45 3
24 4
45 4
23 4
23 24
2 26
2 10
26 10
39 13
2 13
26 13
26 39
30 5
10 5
2 5
2 30
33 19
2 19
26 19
26 33
43 38
43 21
38 21
28 31
38 31
21 31
21 28
22 11
43 11
38 11
38 22
18 32
43 32
38 32
38 18
15 34
15 16
34 16
35 29
16 29
15 29
15 35
9 27
15 27
34 27
34 9
36 7
34 7
16 7
16 36
17 1
17 42
1 42
6 20
42 20
17 20
17 6
25 41
17 41
1 41
1 25
44 40
1 40
42 40
42 44
36 60
16 23
16 33
23 33
6 34
33 34
16 34
16 6
32 10
16 10
23 10
23 32
27 22
23 22
33 22
33 27
29 4
29 18
4 18
15 31
18 31
29 31
29 15
3 30
4 30
18 30
18 3
11 28
18 28
29 28
29 11
25 1
25 35
1 35
21 13
1 13
35 13
35 21
24 17
25 17
1 17
1 24
9 8
1 8
35 8
35 9
7 26
7 19
26 19
2 12
26 12
19 12
19 2
20 14
19 14
7 14
7 20
5 36
26 36
19 36
19 5
36 60
29 1
29 25
1 25
18 22
25 22
29 22
29 18
26 23
1 23
25 23
25 26
5 17
1 17
25 17
25 5
6 13
6 7
13 7
31 10
13 10
7 10
7 31
28 9
7 9
6 9
6 28
15 2
13 2
7 2
7 15
12 30
12 8
30 8
20 21
30 21
8 21
8 20
24 14
30 14
8 14
8 24
11 34
8 34
12 34
12 11
36 33
36 4
33 4
35 19
33 19
4 19
4 35
32 3
4 3
36 3
36 32
27 16
36 16
33 16
33 27
45 75
24 26
24 7
26 7
33 5
24 5
26 5
26 33
30 12
26 12
7 12
7 30
16 11
26 11
7 11
7 16
25 14
25 44
14 44
21 40
25 40
14 40
14 21
17 23
14 23
44 23
44 17
42 9
14 9
44 9
44 42
31 13
31 1
13 1
8 36
1 36
31 36
31 8
35 43
31 43
13 43
13 35
39 34
31 34
13 34
13 39
15 6
15 3
6 3
29 20
15 20
6 20
6 29
18 38
3 38
15 38
15 18
22 19
6 19
3 19
3 22
37 32
37 41
32 41
4 2
41 2
37 2
37 4
28 45
32 45
41 45
41 28
10 27
32 27
41 27
41 10
36 60
1 31
1 20
31 20
3 28
31 28
20 28
20 3
18 35
31 35
20 35
20 18
33 26
31 26
20 26
20 33
4 13
4 8
13 8
2 25
8 25
4 25
4 2
30 11
8 11
4 11
4 30
15 17
4 17
13 17
13 15
12 23
12 16
23 16
7 6
16 6
12 6
12 7
34 14
23 14
16 14
16 34
21 5
12 5
23 5
23 21
32 9
32 36
9 36
29 19
32 19
9 19
9 29
22 10
9 10
36 10
36 22
24 27
32 27
9 27
9 24
36 60
27 6
27 4
6 4
32 20
27 20
6 20
6 32
26 35
4 35
27 35
27 26
9 18
27 18
6 18
6 9
10 19
10 28
19 28
30 16
28 16
10 16
10 30
12 24
28 24
10 24
10 12
31 25
10 25
19 25
19 31
17 11
17 22
11 22
3 29
22 29
17 29
17 3
33 23
17 23
11 23
11 33
14 2
22 2
17 2
17 14
5 36
5 15
36 15
34 21
36 21
15 21
15 34
13 1
36 1
15 1
15 13
8 7
15 7
5 7
5 8
36 60
35 20
35 26
20 26
13 9
35 9
20 9
20 13
3 23
35 23
20 23
20 3
5 10
35 10
20 10
20 5
36 11
36 2
11 2
29 17
36 17
11 17
11 29
30 32
36 32
11 32
11 30
27 21
36 21
11 21
11 27
24 33
24 28
33 28
7 34
24 34
33 34
33 7
22 18
28 18
24 18
24 22
6 16
28 16
24 16
24 6
4 14
4 12
14 12
1 19
14 19
12 19
12 1
15 25
12 25
4 25
4 15
8 31
12 31
4 31
4 8
39 69
9 22
9 5
22 5
3 39
9 39
22 39
22 3
23 28
5 28
9 28
9 23
34 4
5 4
9 4
9 34
12 8
22 8
5 8
5 12
31 33
22 33
5 33
5 31
16 37
16 26
37 26
14 35
37 35
26 35
26 14
32 27
16 27
37 27
37 32
24 30
37 30
26 30
26 24
25 17
37 17
26 17
26 25
18 13
26 13
16 13
16 18
6 20
6 19
20 19
38 21
19 21
6 21
6 38
15 7
6 7
20 7
20 15
10 36
6 36
20 36
20 10
2 29
19 29
6 29
6 2
11 1
20 1
19 1
19 11
45 75
24 13
24 36
13 36
25 21
24 21
13 21
13 25
20 31
36 31
24 31
24 20
11 22
13 22
36 22
36 11
18 16
18 5
16 5
3 41
18 41
16 41
16 3
33 28
18 28
16 28
16 33
27 42
18 42
16 42
16 27
35 15
35 29
15 29
17 19
29 19
35 19
35 17
44 45
29 45
35 45
35 44
1 10
35 10
15 10
15 1
30 26
30 32
26 32
12 7
26 7
32 7
32 12
23 37
26 37
32 37
32 23
2 14
30 14
26 14
26 2
40 9
40 6
9 6
43 38
6 38
40 38
40 43
39 4
9 4
6 4
6 39
34 8
40 8
9 8
9 34
45 75
17 7
17 16
7 16
8 11
17 11
7 11
7 8
37 12
7 12
16 12
16 37
25 36
17 36
7 36
7 25
19 40
19 15
40 15
32 1
19 1
40 1
40 32
4 45
19 45
40 45
40 4
6 28
19 28
40 28
40 6
33 5
33 10
5 10
18 21
33 21
5 21
5 18
13 38
5 38
10 38
10 13
31 2
33 2
5 2
5 31
44 23
44 9
23 9
35 20
23 20
9 20
9 35
22 26
44 26
23 26
23 22
27 29
23 29
9 29
9 27
42 34
42 41
34 41
24 14
34 14
41 14
41 24
30 39
42 39
34 39
34 30
43 3
34 3
41 3
41 43
45 75
14 22
14 26
22 26
42 24
22 24
26 24
26 42
30 27
14 27
22 27
22 30
44 6
22 6
26 6
26 44
41 3
41 13
3 13
39 31
41 31
3 31
3 39
45 17
13 17
41 17
41 45
4 29
3 29
13 29
13 4
11 33
11 12
33 12
28 16
11 16
33 16
33 28
9 19
33 19
12 19
12 9
43 15
12 15
11 15
11 43
18 21
18 36
21 36
8 34
18 34
21 34
21 8
37 10
21 10
36 10
36 37
25 23
18 23
21 23
21 25
5 7
5 20
7 20
35 38
5 38
7 38
7 35
2 40
5 40
7 40
7 2
1 32
5 32
7 32
7 1
36 60
15 28
15 2
28 2
31 8
28 8
2 8
2 31
17 34
28 34
2 34
2 17
29 23
2 23
15 23
15 29
20 7
20 21
7 21
24 35
7 35
21 35
21 24
27 10
7 10
21 10
21 27
1 36
20 36
7 36
7 1
19 12
19 26
12 26
22 25
26 25
19 25
19 22
33 6
12 6
26 6
26 33
13 16
19 16
12 16
12 13
5 11
5 9
11 9
32 3
9 3
5 3
5 32
4 30
11 30
9 30
9 4
18 14
5 14
11 14
11 18
45 75
25 15
25 10
15 10
18 37
15 37
10 37
10 18
30 36
25 36
15 36
15 30
33 23
25 23
15 23
15 33
2 19
2 13
19 13
16 31
19 31
13 31
13 16
26 17
2 17
19 17
19 26
11 27
2 27
19 27
19 11
6 7
6 42
7 42
43 4
7 4
42 4
42 43
5 21
42 21
6 21
6 5
12 20
7 20
42 20
42 12
40 34
40 3
34 3
28 24
34 24
3 24
3 28
41 32
34 32
3 32
3 41
35 29
34 29
3 29
3 35
22 1
22 45
1 45
8 14
22 14
1 14
1 8
39 38
45 38
22 38
22 39
9 44
22 44
1 44
1 9
36 60
9 34
9 23
34 23
32 2
9 2
34 2
34 32
19 5
34 5
23 5
23 19
3 24
23 24
9 24
9 3
21 33
21 29
33 29
25 15
29 15
21 15
21 25
31 17
21 17
33 17
33 31
20 16
29 16
21 16
21 20
28 14
28 7
14 7
35 18
14 18
7 18
7 35
26 10
14 10
7 10
7 26
6 22
7 22
28 22
28 6
12 27
12 11
27 11
4 1
12 1
27 1
27 4
36 30
12 30
27 30
27 36
8 13
27 13
11 13
11 8
45 75
17 36
17 44
36 44
39 10
44 10
17 10
17 39
38 1
17 1
36 1
36 38
22 18
36 18
44 18
44 22
30 12
30 14
12 14
4 5
30 5
12 5
12 4
7 2
14 2
30 2
30 7
9 34
12 34
14 34
14 9
42 45
42 23
45 23
3 13
45 13
23 13
23 3
37 16
45 16
23 16
23 37
21 43
45 43
23 43
23 21
27 25
27 29
25 29
32 6
29 6
27 6
27 32
19 41
25 41
29 41
29 19
28 33
29 33
27 33
27 28
15 40
15 24
40 24
20 8
40 8
24 8
24 20
11 35
15 35
40 35
40 11
31 26
40 26
24 26
24 31
45 75
41 7
41 24
7 24
9 22
41 22
7 22
7 9
36 23
7 23
24 23
24 36
20 42
41 42
7 42
7 20
28 32
28 5
32 5
16 30
28 30
32 30
32 16
10 31
28 31
32 31
32 10
8 19
28 19
32 19
32 8
11 18
11 4
18 4
39 34
4 34
11 34
11 39
29 27
18 27
4 27
4 29
37 14
11 14
18 14
18 37
38 12
38 21
12 21
45 13
38 13
12 13
12 45
33 40
38 40
12 40
12 33
15 3
12 3
21 3
21 15
6 43
6 35
43 35
25 2
43 2
35 2
35 25
1 17
35 17
6 17
6 1
26 44
6 44
43 44
43 26
45 75
25 5
25 2
5 2
40 4
2 4
25 4
25 40
39 35
5 35
2 35
2 39
14 1
25 1
5 1
5 14
21 6
21 43
6 43
8 15
6 15
43 15
43 8
34 45
6 45
43 45
43 34
27 18
6 18
43 18
43 27
7 42
7 26
42 26
41 16
7 16
42 16
42 41
9 17
42 17
26 17
26 9
44 22
42 22
26 22
26 44
12 33
12 3
33 3
10 30
3 30
12 30
12 10
29 11
3 11
12 11
12 29
13 32
33 32
3 32
3 13
19 28
19 37
28 37
20 23
37 23
19 23
19 20
38 36
37 36
19 36
19 38
24 31
37 31
19 31
19 24
45 75
37 5
37 25
5 25
29 2
25 2
37 2
37 29
21 34
25 34
37 34
37 21
24 36
5 36
25 36
25 24
19 40
19 4
40 4
15 6
19 6
40 6
40 15
41 1
4 1
19 1
19 41
9 26
19 26
40 26
40 9
17 20
17 8
20 8
44 23
17 23
20 23
20 44
11 3
17 3
20 3
20 11
18 42
8 42
17 42
17 18
27 28
27 45
28 45
43 14
27 14
28 14
28 43
32 31
45 31
27 31
27 32
10 7
45 7
27 7
27 10
12 13
12 33
13 33
39 30
33 30
12 30
12 39
16 22
33 22
12 22
12 16
38 35
13 35
33 35
33 38
36 60
26 13
26 17
13 17
11 4
13 4
17 4
17 11
19 6
13 6
17 6
17 19
25 36
26 36
13 36
13 25
32 24
32 8
24 8
22 30
32 30
24 30
24 22
5 33
24 33
8 33
8 5
23 15
24 15
8 15
8 23
34 29
34 21
29 21
9 12
29 12
21 12
21 9
10 3
34 3
29 3
29 10
31 20
34 20
29 20
29 31
27 16
27 18
16 18
7 28
18 28
27 28
27 7
14 2
16 2
18 2
18 14
35 1
16 1
18 1
18 35
45 75
42 6
42 44
6 44
34 10
42 10
6 10
6 34
17 1
42 1
6 1
6 17
12 41
44 41
42 41
42 12
11 18
11 21
18 21
43 3
21 3
11 3
11 43
5 37
11 37
18 37
18 5
7 4
11 4
18 4
18 7
2 14
2 22
14 22
15 27
14 27
22 27
22 15
33 35
22 35
2 35
2 33
23 31
14 31
22 31
22 23
24 29
24 40
29 40
28 20
29 20
40 20
40 28
9 45
24 45
29 45
29 9
26 32
24 32
29 32
29 26
19 36
19 38
36 38
16 25
19 25
36 25
36 16
13 30
36 30
38 30
38 13
39 8
19 8
36 8
36 39
45 75
28 5
28 13
5 13
8 32
5 32
13 32
13 8
33 22
28 22
5 22
5 33
20 14
13 14
28 14
28 20
31 38
31 12
38 12
26 36
31 36
38 36
38 26
30 27
12 27
31 27
31 30
3 4
31 4
38 4
38 3
18 15
18 19
15 19
1 39
18 39
15 39
15 1
42 24
15 24
19 24
19 42
11 34
19 34
18 34
18 11
25 35
25 23
35 23
41 21
35 21
23 21
23 41
45 29
25 29
35 29
35 45
37 7
25 7
35 7
35 37
10 40
10 43
40 43
16 44
43 44
10 44
10 16
2 17
40 17
43 17
43 2
9 6
40 6
43 6
43 9
36 60
23 33
23 20
33 20
35 17
20 17
23 17
23 35
30 24
33 24
20 24
20 30
11 31
20 31
23 31
23 11
36 32
36 29
32 29
13 22
29 22
36 22
36 13
34 15
36 15
32 15
32 34
4 25
32 25
29 25
29 4
2 21
2 5
21 5
16 10
2 10
21 10
21 16
18 27
21 27
5 27
5 18
1 14
5 14
2 14
2 1
6 26
6 8
26 8
28 19
8 19
6 19
6 28
3 7
26 7
8 7
8 3
12 9
26 9
8 9
8 12
45 75
29 22
29 15
22 15
39 3
29 3
22 3
22 39
32 13
15 13
29 13
29 32
30 23
29 23
22 23
22 30
1 14
1 5
14 5
31 8
14 8
5 8
5 31
43 7
14 7
5 7
5 43
11 37
5 37
1 37
1 11
21 33
21 25
33 25
19 26
33 26
25 26
25 19
41 4
25 4
21 4
21 41
34 36
33 36
25 36
25 34
6 42
6 17
42 17
18 38
17 38
6 38
6 18
10 35
6 35
42 35
42 10
16 27
17 27
6 27
6 16
2 40
2 24
40 24
9 28
24 28
2 28
2 9
45 12
24 12
2 12
2 45
44 20
2 20
40 20
40 44
39 69
2 15
2 19
15 19
37 31
19 31
2 31
2 37
5 4
2 4
15 4
15 5
9 26
2 26
15 26
15 9
25 1
19 1
2 1
2 25
23 39
15 39
19 39
19 23
28 13
28 32
13 32
27 10
28 10
13 10
13 27
18 21
32 21
28 21
28 18
35 22
13 22
32 22
32 35
8 38
13 38
32 38
32 8
16 12
28 12
13 12
13 16
20 14
20 17
14 17
33 6
14 6
17 6
17 33
29 36
17 36
20 36
20 29
7 11
17 11
20 11
20 7
30 3
14 3
17 3
17 30
24 34
17 34
20 34
20 24
36 60
29 12
29 36
12 36
24 6
29 6
12 6
12 24
14 34
36 34
29 34
29 14
35 17
29 17
12 17
12 35
26 20
26 28
20 28
33 22
28 22
26 22
26 33
7 1
28 1
26 1
26 7
4 30
28 30
26 30
26 4
25 16
25 19
16 19
10 8
19 8
25 8
25 10
32 2
25 2
16 2
16 32
21 31
25 31
16 31
16 21
18 23
18 27
23 27
5 15
18 15
23 15
23 5
9 3
27 3
18 3
18 9
13 11
18 11
23 11
23 13
45 75
41 21
41 4
21 4
6 11
21 11
4 11
4 6
36 18
21 18
4 18
4 36
40 1
4 1
41 1
41 40
31 42
31 37
42 37
25 38
42 38
37 38
37 25
26 15
31 15
42 15
42 26
34 44
31 44
42 44
42 34
20 9
20 14
9 14
24 16
9 16
14 16
14 24
28 22
9 22
14 22
14 28
12 17
14 17
20 17
20 12
7 30
7 8
30 8
35 43
7 43
30 43
30 35
5 23
30 23
8 23
8 5
45 29
8 29
7 29
7 45
2 3
2 27
3 27
10 19
3 19
27 19
27 10
33 39
3 39
27 39
27 33
32 13
27 13
2 13
2 32
39 69
33 30
33 4
30 4
18 22
30 22
4 22
4 18
2 14
33 14
30 14
30 2
3 27
33 27
30 27
30 3
35 17
4 17
33 17
33 35
1 26
4 26
33 26
33 1
39 38
39 32
38 32
13 12
38 12
32 12
32 13
25 11
39 11
38 11
38 25
29 20
32 20
39 20
39 29
37 7
38 7
32 7
32 37
28 24
39 24
38 24
38 28
15 19
15 9
19 9
5 34
9 34
15 34
15 5
16 10
15 10
19 10
19 16
6 21
19 21
9 21
9 6
23 8
15 8
19 8
19 23
36 31
9 31
15 31
15 36
36 60
13 32
13 33
32 33
25 14
33 14
13 14
13 25
11 31
13 31
32 31
32 11
30 28
13 28
32 28
32 30
24 15
24 8
15 8
2 5
8 5
24 5
24 2
16 9
24 9
15 9
15 16
10 26
15 26
8 26
8 10
1 34
1 23
34 23
12 3
1 3
34 3
34 12
22 21
34 21
23 21
23 22
27 35
1 35
34 35
34 27
36 6
36 18
6 18
7 17
6 17
18 17
18 7
20 29
36 29
6 29
6 20
19 4
6 4
18 4
18 19
36 60
17 33
17 15
33 15
1 32
15 32
17 32
17 1
14 16
33 16
15 16
15 14
35 7
33 7
15 7
15 35
23 8
23 28
8 28
10 18
23 18
8 18
8 10
34 19
28 19
23 19
23 34
6 13
8 13
28 13
28 6
31 12
31 9
12 9
29 30
12 30
9 30
9 29
11 26
12 26
9 26
9 11
4 36
12 36
9 36
9 4
27 25
27 24
25 24
20 2
25 2
24 2
24 20
5 21
24 21
27 21
27 5
22 3
27 3
25 3
25 22
36 60
1 25
1 7
25 7
30 22
25 22
7 22
7 30
5 6
7 6
1 6
1 5
36 24
7 24
1 24
1 36
27 29
27 12
29 12
33 18
12 18
27 18
27 33
32 14
29 14
12 14
12 32
4 31
12 31
27 31
27 4
35 34
35 9
34 9
3 15
9 15
35 15
35 3
20 8
9 8
35 8
35 20
11 16
35 16
34 16
34 11
26 21
26 19
21 19
2 28
21 28
19 28
19 2
13 17
26 17
21 17
21 13
10 23
21 23
19 23
19 10
45 75
5 13
5 43
13 43
4 32
13 32
43 32
43 4
11 22
5 22
13 22
13 11
16 17
43 17
5 17
5 16
26 15
26 12
15 12
40 18
15 18
12 18
12 40
34 20
12 20
26 20
26 34
28 39
26 39
15 39
15 28
3 19
3 24
19 24
1 10
3 10
19 10
19 1
44 30
19 30
24 30
24 44
21 36
3 36
19 36
19 21
27 25
27 9
25 9
8 33
25 33
9 33
9 8
14 38
25 38
9 38
9 14
37 29
27 29
25 29
25 37
45 2
45 31
2 31
35 42
2 42
31 42
31 35
41 7
45 7
2 7
2 41
6 23
31 23
45 23
45 6
45 75
43 8
43 41
8 41
16 20
41 20
43 20
43 16
12 27
43 27
8 27
8 12
17 33
41 33
43 33
43 17
10 4
10 31
4 31
39 21
4 21
31 21
31 39
11 32
10 32
4 32
4 11
44 9
4 9
31 9
31 44
7 29
7 36
29 36
40 23
36 23
7 23
7 40
24 35
7 35
29 35
29 24
25 26
29 26
36 26
36 25
14 42
14 45
42 45
34 3
45 3
14 3
14 34
18 6
14 6
42 6
42 18
37 15
14 15
42 15
42 37
28 22
28 13
22 13
1 38
13 38
28 38
28 1
2 5
13 5
28 5
28 2
19 30
28 30
22 30
22 19
36 60
35 22
35 3
22 3
30 9
35 9
22 9
22 30
20 21
3 21
35 21
35 20
31 5
22 5
3 5
3 31
11 32
11 2
32 2
28 26
11 26
32 26
32 28
25 12
2 12
11 12
11 25
17 7
32 7
2 7
2 17
34 13
34 1
13 1
23 16
34 16
13 16
13 23
8 27
34 27
13 27
13 8
4 14
34 14
13 14
13 4
10 19
10 36
19 36
15 6
10 6
19 6
19 15
24 33
19 33
36 33
36 24
29 18
36 18
10 18
10 29
36 60
1 36
1 23
36 23
14 16
1 16
36 16
36 14
4 33
23 33
1 33
1 4
32 34
1 34
36 34
36 32
28 19
28 21
19 21
20 22
21 22
28 22
28 20
8 35
21 35
28 35
28 8
12 9
21 9
28 9
28 12
6 24
6 30
24 30
10 25
6 25
24 25
24 10
11 17
6 17
24 17
24 11
18 26
6 26
24 26
24 18
2 15
2 5
15 5
27 7
5 7
2 7
2 27
13 31
5 31
2 31
2 13
29 3
5 3
2 3
2 29
36 60
17 35
17 2
35 2
30 13
2 13
17 13
17 30
25 29
35 29
2 29
2 25
31 18
35 18
2 18
2 31
27 34
27 16
34 16
32 3
16 3
27 3
27 32
6 20
27 20
34 20
34 6
12 14
34 14
16 14
16 12
28 19
28 36
19 36
1 9
28 9
19 9
19 1
8 21
28 21
19 21
19 8
15 5
36 5
28 5
28 15
23 11
23 4
11 4
7 10
23 10
11 10
11 7
22 33
4 33
23 33
23 22
26 24
23 24
11 24
11 26
36 60
27 35
27 26
35 26
10 11
26 11
27 11
27 10
29 31
35 31
26 31
26 29
21 24
35 24
26 24
26 21
9 17
9 8
17 8
20 19
9 19
17 19
17 20
36 28
8 28
9 28
9 36
34 32
9 32
17 32
17 34
2 7
2 12
7 12
22 33
7 33
12 33
12 22
15 14
2 14
7 14
7 15
5 23
12 23
2 23
2 5
13 25
13 16
25 16
3 18
25 18
16 18
16 3
30 6
25 6
16 6
16 30
4 1
13 1
25 1
25 4
36 60
8 24
8 32
24 32
26 30
32 30
8 30
8 26
25 4
24 4
32 4
32 25
27 19
32 19
8 19
8 27
18 13
18 21
13 21
22 14
18 14
13 14
13 22
31 29
13 29
21 29
21 31
10 34
21 34
18 34
18 10
7 1
7 12
1 12
2 9
12 9
7 9
7 2
20 16
1 16
12 16
12 20
6 17
12 17
7 17
7 6
36 5
36 28
5 28
15 3
36 3
5 3
5 15
11 33
28 33
36 33
36 11
35 23
5 23
28 23
28 35
45 75
13 20
13 11
20 11
15 37
13 37
20 37
20 15
44 12
13 12
20 12
20 44
41 2
20 2
11 2
11 41
43 26
43 4
26 4
16 33
43 33
26 33
26 16
22 1
4 1
43 1
43 22
45 6
26 6
4 6
4 45
40 21
40 18
21 18
35 31
18 31
40 31
40 35
10 23
21 23
18 23
18 10
39 28
40 28
21 28
21 39
3 25
3 24
25 24
5 42
3 42
25 42
25 5
38 7
25 7
24 7
24 38
36 29
25 29
24 29
24 36
8 27
8 34
27 34
9 17
27 17
34 17
34 9
32 30
27 30
34 30
34 32
14 19
34 19
8 19
8 14
45 75
23 25
23 5
25 5
33 7
23 7
25 7
25 33
12 32
25 32
5 32
5 12
6 24
25 24
5 24
5 6
9 31
9 30
31 30
26 21
9 21
31 21
31 26
35 4
9 4
31 4
31 35
45 43
31 43
30 43
30 45
20 16
20 41
16 41
37 38
16 38
41 38
41 37
29 1
41 1
20 1
20 29
36 27
16 27
41 27
41 36
42 39
42 22
39 22
14 18
39 18
22 18
22 14
15 40
39 40
22 40
22 15
10 28
39 28
22 28
22 10
13 44
13 2
44 2
19 11
13 11
44 11
44 19
34 17
13 17
44 17
44 34
8 3
44 3
2 3
2 8
39 69
13 31
13 24
31 24
38 3
31 3
24 3
24 38
37 2
13 2
31 2
31 37
34 4
31 4
24 4
24 34
27 35
24 35
13 35
13 27
39 26
24 26
13 26
13 39
15 8
15 23
8 23
1 18
15 18
8 18
8 1
29 28
23 28
15 28
15 29
20 6
8 6
23 6
23 20
16 36
15 36
8 36
8 16
33 22
8 22
23 22
23 33
10 14
10 19
14 19
5 7
14 7
19 7
19 5
12 17
10 17
14 17
14 12
32 11
10 11
14 11
14 32
30 21
10 21
14 21
14 30
9 25
19 25
10 25
10 9
39 69
5 20
5 13
20 13
1 18
13 18
5 18
5 1
19 32
20 32
13 32
13 19
38 37
5 37
20 37
20 38
16 3
20 3
13 3
13 16
26 31
5 31
20 31
20 26
12 9
12 7
9 7
34 17
7 17
12 17
12 34
14 11
9 11
7 11
7 14
22 15
7 15
12 15
12 22
8 23
9 23
7 23
7 8
4 6
9 6
7 6
7 4
30 21
30 29
21 29
36 25
29 25
30 25
30 36
2 35
30 35
21 35
21 2
33 10
30 10
21 10
21 33
27 24
29 24
30 24
30 27
39 28
30 28
21 28
21 39
45 75
37 7
37 3
7 3
41 44
7 44
3 44
3 41
17 2
7 2
3 2
3 17
18 15
7 15
3 15
3 18
6 9
6 26
9 26
11 13
9 13
26 13
26 11
30 28
6 28
9 28
9 30
43 27
6 27
9 27
9 43
45 29
45 10
29 10
21 33
10 33
45 33
45 21
8 5
45 5
29 5
29 8
35 19
29 19
10 19
10 35
32 4
32 34
4 34
31 36
34 36
32 36
32 31
24 23
32 23
4 23
4 24
1 20
34 20
32 20
32 1
42 38
42 14
38 14
22 25
42 25
38 25
38 22
40 12
38 12
14 12
14 40
39 16
42 16
38 16
38 39
36 60
27 33
27 25
33 25
13 5
25 5
27 5
27 13
18 15
27 15
33 15
33 18
1 19
27 19
33 19
33 1
24 9
24 28
9 28
16 35
24 35
9 35
9 16
22 23
24 23
9 23
9 22
4 7
9 7
28 7
28 4
20 31
20 2
31 2
8 29
20 29
31 29
31 8
21 11
31 11
2 11
2 21
14 30
20 30
31 30
31 14
6 10
6 3
10 3
17 34
6 34
10 34
10 17
36 32
10 32
3 32
3 36
26 12
3 12
6 12
6 26
36 60
6 13
6 2
13 2
7 36
6 36
13 36
13 7
21 15
2 15
6 15
6 21
11 26
2 26
6 26
6 11
35 33
35 18
33 18
8 14
18 14
35 14
35 8
10 31
18 31
35 31
35 10
4 5
18 5
35 5
35 4
30 32
30 28
32 28
9 16
30 16
32 16
32 9
23 17
28 17
30 17
30 23
25 3
32 3
28 3
28 25
20 1
20 29
1 29
19 27
20 27
1 27
1 19
12 22
20 22
1 22
1 12
24 34
1 34
29 34
29 24
36 60
14 21
14 18
21 18
6 27
14 27
21 27
21 6
12 30
14 30
21 30
21 12
22 8
21 8
18 8
18 22
24 33
24 17
33 17
19 25
33 25
17 25
17 19
31 29
17 29
24 29
24 31
1 5
33 5
17 5
17 1
15 10
15 2
10 2
35 34
2 34
15 34
15 35
20 26
10 26
2 26
2 20
7 16
15 16
10 16
10 7
23 28
23 9
28 9
32 3
28 3
9 3
9 32
4 11
28 11
9 11
9 4
36 13
23 13
28 13
28 36
39 69
19 2
19 24
2 24
35 31
2 31
24 31
24 35
9 25
19 25
2 25
2 9
38 23
24 23
19 23
19 38
28 20
24 20
19 20
19 28
37 11
2 11
24 11
24 37
32 33
32 34
33 34
26 18
34 18
32 18
32 26
39 21
33 21
34 21
34 39
1 29
34 29
32 29
32 1
5 4
33 4
34 4
34 5
14 3
33 3
34 3
34 14
30 13
30 17
13 17
10 27
13 27
17 27
17 10
16 15
13 15
17 15
17 16
6 12
17 12
30 12
30 6
8 7
30 7
13 7
13 8
22 36
17 36
30 36
30 22
39 69
6 12
6 7
12 7
28 26
12 26
7 26
7 28
30 11
6 11
12 11
12 30
32 20
12 20
7 20
7 32
15 33
12 33
7 33
7 15
1 34
12 34
7 34
7 1
3 21
3 9
21 9
35 27
3 27
21 27
21 35
5 13
9 13
3 13
3 5
39 14
21 14
9 14
9 39
38 29
9 29
3 29
3 38
4 2
21 2
9 2
9 4
16 31
16 25
31 25
18 37
16 37
31 37
31 18
8 24
25 24
16 24
16 8
17 10
25 10
16 10
16 17
22 36
25 36
16 36
16 22
23 19
25 19
16 19
16 23
39 69
26 25
26 3
25 3
15 37
3 37
26 37
26 15
36 32
26 32
25 32
25 36
34 6
25 6
3 6
3 34
11 28
26 28
25 28
25 11
13 16
3 16
26 16
26 13
30 17
30 4
17 4
9 5
4 5
30 5
30 9
29 12
4 12
30 12
30 29
1 20
4 20
30 20
30 1
18 33
4 33
30 33
30 18
19 24
17 24
4 24
4 19
23 22
23 39
22 39
10 7
39 7
23 7
23 10
27 21
39 21
23 21
23 27
14 38
23 38
22 38
22 14
8 31
39 31
23 31
23 8
35 2
22 2
39 2
39 35
45 75
36 23
36 33
23 33
15 32
33 32
36 32
36 15
25 13
23 13
33 13
33 25
5 39
33 39
36 39
36 5
4 21
4 26
21 26
19 2
21 2
26 2
26 19
42 22
26 22
4 22
4 42
27 6
21 6
26 6
26 27
7 3
7 10
3 10
17 43
7 43
3 43
3 17
44 38
7 38
3 38
3 44
20 14
10 14
7 14
7 20
34 9
34 24
9 24
28 31
34 31
9 31
9 28
37 35
24 35
34 35
34 37
30 41
34 41
9 41
9 30
18 40
18 29
40 29
16 11
18 11
40 11
40 16
12 1
18 1
40 1
40 12
45 8
18 8
40 8
40 45
39 69
3 14
3 32
14 32
22 13
14 13
32 13
32 22
12 6
14 6
32 6
32 12
19 24
32 24
3 24
3 19
11 38
3 38
14 38
14 11
25 10
3 10
14 10
14 25
18 21
18 23
21 23
28 7
23 7
18 7
18 28
8 35
21 35
23 35
23 8
1 9
18 9
21 9
21 1
39 5
21 5
23 5
23 39
15 29
21 29
23 29
23 15
4 27
4 16
27 16
26 20
16 20
4 20
4 26
17 34
4 34
27 34
27 17
31 37
16 37
4 37
4 31
33 2
4 2
27 2
27 33
36 30
16 30
4 30
4 36
36 60
10 8
10 5
8 5
34 30
8 30
5 30
5 34
23 11
5 11
10 11
10 23
16 21
8 21
5 21
5 16
12 29
12 32
29 32
13 22
12 22
29 22
29 13
26 3
12 3
29 3
29 26
2 33
12 33
29 33
29 2
31 15
31 24
15 24
25 17
31 17
15 17
15 25
20 27
31 27
15 27
15 20
28 18
24 18
31 18
31 28
6 35
6 4
35 4
9 7
4 7
6 7
6 9
1 36
6 36
35 36
35 1
14 19
6 19
35 19
35 14
36 60
30 27
30 23
27 23
31 32
27 32
23 32
23 31
9 18
27 18
23 18
23 9
11 21
27 21
23 21
23 11
35 17
35 7
17 7
20 19
7 19
35 19
35 20
15 4
35 4
17 4
17 15
6 22
17 22
7 22
7 6
2 16
2 26
16 26
10 25
16 25
26 25
26 10
5 1
26 1
2 1
2 5
24 14
16 14
26 14
26 24
36 34
36 13
34 13
3 8
13 8
36 8
36 3
33 12
34 12
13 12
13 33
28 29
34 29
13 29
13 28
39 69
7 38
7 33
38 33
37 12
38 12
33 12
33 37
6 18
38 18
33 18
33 6
9 36
33 36
7 36
7 9
10 29
38 29
33 29
33 10
27 30
38 30
33 30
33 27
14 17
14 25
17 25
20 15
25 15
14 15
14 20
34 19
14 19
17 19
17 34
35 1
25 1
14 1
14 35
5 39
25 39
14 39
14 5
22 24
17 24
25 24
25 22
16 23
16 8
23 8
21 3
16 3
23 3
23 21
4 31
8 31
16 31
16 4
32 28
23 28
8 28
8 32
2 11
8 11
16 11
16 2
26 13
16 13
23 13
23 26
45 75
9 7
9 5
7 5
35 27
7 27
5 27
5 35
15 44
5 44
9 44
9 15
25 3
7 3
5 3
5 25
36 45
36 1
45 1
21 10
36 10
45 10
45 21
32 39
1 39
36 39
36 32
26 24
36 24
45 24
45 26
16 4
16 12
4 12
23 13
12 13
16 13
16 23
38 34
4 34
12 34
12 38
8 43
12 43
16 43
16 8
18 22
18 41
22 41
2 14
18 14
22 14
22 2
6 28
22 28
41 28
41 6
19 11
18 11
22 11
22 19
31 30
31 33
30 33
40 20
30 20
33 20
33 40
37 29
33 29
31 29
31 37
17 42
30 42
33 42
33 17
36 60
30 11
30 5
11 5
13 33
5 33
30 33
30 13
1 35
11 35
5 35
5 1
3 36
11 36
5 36
5 3
34 14
34 9
14 9
24 29
9 29
34 29
34 24
20 15
14 15
9 15
9 20
19 21
9 21
34 21
34 19
8 7
8 31
7 31
27 25
7 25
31 25
31 27
12 23
8 23
7 23
7 12
16 4
8 4
7 4
7 16
17 2
17 18
2 18
28 10
17 10
2 10
2 28
26 22
18 22
17 22
17 26
32 6
17 6
2 6
2 32
39 69
2 31
2 4
31 4
25 26
4 26
2 26
2 25
5 30
31 30
4 30
4 5
15 1
4 1
2 1
2 15
9 33
2 33
31 33
31 9
36 14
2 14
31 14
31 36
37 28
37 27
28 27
24 23
37 23
28 23
28 24
18 35
37 35
28 35
28 18
21 20
28 20
27 20
27 21
34 13
37 13
28 13
28 34
38 12
28 12
27 12
27 38
29 16
29 10
16 10
3 6
29 6
16 6
16 3
32 39
10 39
29 39
29 32
17 7
29 7
16 7
16 17
8 11
16 11
10 11
10 8
19 22
29 22
16 22
16 19
39 69
19 38
19 17
38 17
32 35
38 35
17 35
17 32
14 4
38 4
17 4
17 14
39 21
19 21
38 21
38 39
29 1
17 1
19 1
19 29
31 18
19 18
38 18
38 31
37 12
37 11
12 11
33 9
11 9
37 9
37 33
3 15
37 15
12 15
12 3
10 6
11 6
37 6
37 10
26 25
11 25
37 25
37 26
23 27
12 27
11 27
11 23
8 2
8 13
2 13
34 24
2 24
13 24
13 34
22 7
13 7
8 7
8 22
36 28
8 28
2 28
2 36
5 16
13 16
8 16
8 5
20 30
13 30
8 30
8 20
39 69
39 29
39 1
29 1
21 12
1 12
39 12
39 21
37 33
1 33
39 33
39 37
8 27
1 27
39 27
39 8
7 19
29 19
1 19
1 7
16 20
39 20
29 20
29 16
4 38
4 17
38 17
2 14
17 14
4 14
4 2
3 6
4 6
38 6
38 3
36 34
38 34
17 34
17 36
15 25
4 25
38 25
38 15
11 32
38 32
17 32
17 11
24 13
24 26
13 26
30 9
24 9
13 9
13 30
23 28
26 28
24 28
24 23
31 22
24 22
13 22
13 31
18 10
24 10
13 10
13 18
35 5
26 5
24 5
24 35
36 60
22 30
22 27
30 27
19 16
22 16
30 16
30 19
13 24
30 24
27 24
27 13
25 11
22 11
30 11
30 25
12 23
12 6
23 6
33 5
23 5
6 5
6 33
26 8
12 8
23 8
23 26
31 14
12 14
23 14
23 31
10 17
10 29
17 29
20 1
29 1
10 1
10 20
32 36
10 36
17 36
17 32
18 35
10 35
17 35
17 18
4 28
4 15
28 15
7 21
28 21
15 21
15 7
34 2
15 2
4 2
4 34
9 3
15 3
4 3
4 9
39 69
23 8
23 9
8 9
38 20
23 20
8 20
8 38
17 35
8 35
9 35
9 17
7 30
8 30
9 30
9 7
15 14
8 14
9 14
9 15
22 5
8 5
9 5
9 22
11 28
11 29
28 29
19 21
11 21
28 21
28 19
4 39
28 39
29 39
29 4
33 36
11 36
28 36
28 33
18 1
29 1
11 1
11 18
2 6
28 6
29 6
29 2
10 3
10 37
3 37
34 24
3 24
37 24
37 34
32 25
37 25
10 25
10 32
16 12
10 12
3 12
3 16
31 13
3 13
37 13
37 31
27 26
37 26
10 26
10 27
45 75
44 13
44 23
13 23
19 25
44 25
13 25
13 19
34 32
23 32
44 32
44 34
24 38
44 38
13 38
13 24
42 40
42 26
40 26
30 6
26 6
42 6
42 30
16 5
26 5
42 5
42 16
28 31
40 31
26 31
26 28
3 35
3 43
35 43
14 37
3 37
35 37
35 14
18 29
35 29
43 29
43 18
45 41
3 41
35 41
35 45
2 15
2 1
15 1
27 8
1 8
2 8
2 27
39 12
2 12
15 12
15 39
20 22
15 22
1 22
1 20
21 7
21 11
7 11
9 36
7 36
11 36
11 9
10 17
21 17
7 17
7 10
4 33
21 33
7 33
7 4
39 69
1 31
1 13
31 13
36 2
13 2
1 2
1 36
39 9
13 9
1 9
1 39
34 23
1 23
31 23
31 34
3 24
13 24
1 24
1 3
17 33
31 33
13 33
13 17
12 11
12 10
11 10
16 25
10 25
12 25
12 16
4 29
10 29
12 29
12 4
18 6
11 6
10 6
10 18
7 26
12 26
11 26
11 7
19 38
11 38
10 38
10 19
20 35
20 27
35 27
5 14
27 14
20 14
20 5
28 15
35 15
27 15
27 28
30 21
27 21
20 21
20 30
37 8
20 8
35 8
35 37
22 32
27 32
20 32
20 22
36 60
2 9
2 31
9 31
28 18
31 18
2 18
2 28
15 6
9 6
31 6
31 15
3 5
2 5
9 5
9 3
24 17
24 13
17 13
33 23
17 23
13 23
13 33
10 35
24 35
17 35
17 10
7 19
13 19
24 19
24 7
11 22
11 29
22 29
16 36
29 36
11 36
11 16
30 20
11 20
22 20
22 30
25 4
29 4
11 4
11 25
26 21
26 1
21 1
12 27
21 27
1 27
1 12
32 14
1 14
26 14
26 32
34 8
21 8
1 8
1 34
39 69
16 34
16 13
34 13
37 23
13 23
16 23
16 37
24 2
34 2
13 2
13 24
38 25
34 25
13 25
13 38
29 33
34 33
13 33
13 29
4 11
13 11
16 11
16 4
6 15
6 27
15 27
8 9
27 9
6 9
6 8
1 17
27 17
6 17
6 1
21 7
15 7
27 7
27 21
35 31
27 31
6 31
6 35
36 22
27 22
6 22
6 36
20 39
20 30
39 30
10 14
20 14
39 14
39 10
28 32
39 32
30 32
30 28
3 26
30 26
20 26
20 3
18 12
20 12
39 12
39 18
5 19
20 19
39 19
39 5
36 60
8 11
8 3
11 3
33 2
8 2
11 2
11 33
29 18
11 18
3 18
3 29
7 32
8 32
11 32
11 7
35 23
35 1
23 1
34 4
1 4
35 4
35 34
10 19
35 19
23 19
23 10
5 26
1 26
35 26
35 5
36 28
36 13
28 13
22 24
36 24
28 24
28 22
21 14
13 14
36 14
36 21
15 6
28 6
13 6
13 15
17 31
17 30
31 30
12 16
17 16
31 16
31 12
27 25
31 25
30 25
30 27
20 9
30 9
17 9
17 20
36 60
7 2
7 9
2 9
5 4
7 4
2 4
2 5
21 13
9 13
7 13
7 21
14 1
9 1
7 1
7 14
36 10
36 29
10 29
33 19
29 19
36 19
36 33
3 30
10 30
29 30
29 3
25 32
29 32
36 32
36 25
12 23
12 6
23 6
16 27
23 27
6 27
6 16
24 22
23 22
6 22
6 24
35 20
6 20
12 20
12 35
8 17
8 15
17 15
31 11
15 11
8 11
8 31
26 28
17 28
15 28
15 26
18 34
8 34
17 34
17 18
36 60
34 28
34 21
28 21
14 18
28 18
21 18
21 14
11 7
28 7
21 7
21 11
19 5
34 5
28 5
28 19
10 35
10 20
35 20
2 32
10 32
35 32
35 2
3 8
10 8
35 8
35 3
26 27
35 27
20 27
20 26
33 29
33 6
29 6
31 24
33 24
29 24
29 31
4 15
29 15
6 15
6 4
30 13
6 13
33 13
33 30
23 25
23 17
25 17
9 1
25 1
17 1
17 9
36 22
23 22
25 22
25 36
16 12
25 12
17 12
17 16
45 75
21 27
21 35
27 35
28 6
35 6
21 6
21 28
23 8
35 8
21 8
21 23
10 2
27 2
35 2
35 10
45 41
45 20
41 20
12 4
20 4
45 4
45 12
44 30
41 30
20 30
20 44
40 3
41 3
20 3
20 40
33 24
33 43
24 43
15 5
33 5
24 5
24 15
16 13
43 13
33 13
33 16
32 17
24 17
43 17
43 32
36 34
36 19
34 19
42 9
19 9
36 9
36 42
14 39
36 39
34 39
34 14
22 37
34 37
19 37
19 22
18 38
18 7
38 7
29 26
7 26
18 26
18 29
1 31
7 31
18 31
18 1
25 11
7 11
18 11
18 25
36 60
15 17
15 24
17 24
5 7
24 7
15 7
15 5
6 1
15 1
17 1
17 6
36 8
17 8
24 8
24 36
21 25
21 31
25 31
3 4
21 4
25 4
25 3
35 14
31 14
21 14
21 35
33 20
21 20
25 20
25 33
10 30
10 28
30 28
2 26
30 26
28 26
28 2
9 19
28 19
10 19
10 9
32 29
30 29
28 29
28 32
27 34
27 23
34 23
18 11
27 11
34 11
34 18
13 22
23 22
27 22
27 13
16 12
23 12
27 12
27 16
39 69
13 37
13 16
37 16
14 15
16 15
13 15
13 14
24 21
37 21
16 21
16 24
27 11
16 11
13 11
13 27
29 39
13 39
37 39
37 29
10 32
37 32
16 32
16 10
19 22
19 18
22 18
5 35
22 35
18 35
18 5
17 20
19 20
22 20
22 17
36 1
22 1
18 1
18 36
2 25
18 25
19 25
19 2
34 31
19 31
22 31
22 34
28 8
28 26
8 26
12 33
8 33
26 33
26 12
3 30
28 30
8 30
8 3
4 38
26 38
28 38
28 4
6 7
28 7
8 7
8 6
9 23
28 23
8 23
8 9
36 60
25 32
25 15
32 15
21 26
15 26
25 26
25 21
28 4
32 4
15 4
15 28
19 1
25 1
32 1
32 19
23 16
23 8
16 8
18 9
8 9
23 9
23 18
2 29
8 29
23 29
23 2
34 3
8 3
23 3
23 34
7 10
7 30
10 30
5 35
30 35
7 35
7 5
27 24
10 24
30 24
30 27
6 12
30 12
7 12
7 6
33 11
33 14
11 14
20 13
33 13
11 13
11 20
17 22
33 22
11 22
11 17
31 36
14 36
33 36
33 31
45 75
20 24
20 25
24 25
39 45
24 45
25 45
25 39
3 11
25 11
20 11
20 3
8 15
24 15
25 15
25 8
14 44
14 41
44 41
31 34
41 34
14 34
14 31
23 33
14 33
44 33
44 23
35 27
44 27
41 27
41 35
30 22
30 12
22 12
32 17
22 17
12 17
12 32
29 4
30 4
22 4
22 29
1 6
12 6
30 6
30 1
43 42
43 36
42 36
10 9
42 9
36 9
36 10
7 18
42 18
36 18
36 7
21 19
43 19
42 19
42 21
2 28
2 38
28 38
13 40
28 40
38 40
38 13
5 37
2 37
28 37
28 5
26 16
28 16
38 16
38 26
45 75
15 27
15 21
27 21
39 43
15 43
27 43
27 39
28 29
27 29
21 29
21 28
7 42
27 42
21 42
21 7
1 41
1 12
41 12
33 26
12 26
1 26
1 33
45 31
12 31
1 31
1 45
16 22
41 22
12 22
12 16
10 9
10 19
9 19
18 44
10 44
9 44
9 18
8 17
9 17
19 17
19 8
36 11
9 11
19 11
19 36
34 14
34 20
14 20
3 24
20 24
34 24
34 3
38 37
20 37
34 37
34 38
4 2
20 2
34 2
34 4
6 25
6 13
25 13
23 5
6 5
25 5
25 23
32 35
13 35
6 35
6 32
30 40
25 40
13 40
13 30
36 60
29 2
29 7
2 7
25 12
2 12
7 12
7 25
31 21
7 21
29 21
29 31
16 11
2 11
7 11
7 16
6 34
6 22
34 22
24 33
6 33
34 33
34 24
8 10
22 10
6 10
6 8
19 5
34 5
22 5
22 19
32 15
32 20
15 20
18 30
20 30
32 30
32 18
27 13
32 13
15 13
15 27
9 17
15 17
20 17
20 9
23 1
23 36
1 36
14 4
1 4
36 4
36 14
26 35
1 35
36 35
36 26
3 28
36 28
23 28
23 3
36 60
25 33
25 6
33 6
2 12
6 12
25 12
25 2
15 24
6 24
25 24
25 15
17 35
6 35
25 35
25 17
21 5
21 27
5 27
19 14
5 14
27 14
27 19
26 3
27 3
21 3
21 26
23 9
21 9
5 9
5 23
34 13
34 31
13 31
16 18
34 18
13 18
13 16
10 28
31 28
34 28
34 10
29 8
34 8
13 8
13 29
7 4
7 32
4 32
1 20
4 20
32 20
32 1
30 11
4 11
32 11
32 30
22 36
32 36
7 36
7 22
39 69
19 25
19 24
25 24
32 5
25 5
24 5
24 32
1 35
24 35
19 35
19 1
9 20
25 20
24 20
24 9
36 27
24 27
19 27
19 36
7 23
24 23
19 23
19 7
28 37
28 33
37 33
31 10
33 10
28 10
28 31
22 29
33 29
28 29
28 22
17 38
28 38
37 38
37 17
3 4
33 4
28 4
28 3
15 39
33 39
28 39
28 15
26 2
26 18
2 18
16 6
18 6
26 6
26 16
12 30
18 30
26 30
26 12
14 13
26 13
2 13
2 14
8 34
18 34
26 34
26 8
11 21
2 21
18 21
18 11
39 69
36 1
36 8
1 8
30 5
8 5
36 5
36 30
35 6
1 6
8 6
8 35
3 31
36 31
1 31
1 3
14 10
1 10
8 10
8 14
28 20
1 20
8 20
8 28
9 18
9 4
18 4
39 26
18 26
4 26
4 39
13 25
18 25
4 25
4 13
17 27
9 27
18 27
18 17
33 16
9 16
18 16
18 33
37 21
9 21
18 21
18 37
29 24
29 22
24 22
19 7
24 7
22 7
22 19
11 12
29 12
24 12
24 11
23 2
22 2
29 2
29 23
32 34
24 34
22 34
22 32
15 38
29 38
24 38
24 15
45 75
6 42
6 35
42 35
14 13
35 13
6 13
6 14
40 23
42 23
35 23
35 40
25 18
6 18
42 18
42 25
20 36
20 12
36 12
11 32
36 32
12 32
12 11
10 41
36 41
12 41
12 10
21 31
20 31
36 31
36 21
4 44
4 1
44 1
29 16
1 16
4 16
4 29
5 24
1 24
4 24
4 5
34 15
4 15
44 15
44 34
22 30
22 28
30 28
17 2
22 2
30 2
30 17
37 27
28 27
22 27
22 37
39 45
22 45
30 45
30 39
26 8
26 33
8 33
43 38
8 38
33 38
33 43
19 7
26 7
8 7
8 19
3 9
33 9
26 9
26 3
39 69
36 16
36 4
16 4
20 17
16 17
4 17
4 20
19 32
16 32
4 32
4 19
33 13
36 13
16 13
16 33
22 11
4 11
36 11
36 22
10 37
4 37
36 37
36 10
5 7
5 8
7 8
3 1
7 1
8 1
8 3
12 39
5 39
7 39
7 12
14 2
7 2
8 2
8 14
35 38
5 38
7 38
7 35
31 27
8 27
5 27
5 31
30 34
30 18
34 18
6 9
30 9
34 9
34 6
25 29
34 29
18 29
18 25
21 23
18 23
30 23
30 21
24 26
18 26
30 26
30 24
28 15
34 15
18 15
18 28
45 75
2 7
2 36
7 36
26 35
36 35
2 35
2 26
32 34
36 34
2 34
2 32
23 11
36 11
2 11
2 23
13 31
13 24
31 24
18 16
31 16
24 16
24 18
12 38
24 38
13 38
13 12
28 39
13 39
31 39
31 28
41 43
41 37
43 37
4 8
41 8
43 8
43 4
1 14
41 14
43 14
43 1
42 15
43 15
37 15
37 42
40 33
40 19
33 19
9 6
19 6
40 6
40 9
30 17
40 17
33 17
33 30
10 27
40 27
33 27
33 10
45 29
45 20
29 20
22 5
29 5
20 5
20 22
25 44
20 44
45 44
45 25
3 21
20 21
45 21
45 3
39 69
30 31
30 38
31 38
11 22
31 22
38 22
38 11
7 3
31 3
38 3
38 7
9 32
31 32
38 32
38 9
34 6
38 6
30 6
30 34
33 10
30 10
31 10
31 33
26 24
26 36
24 36
15 37
36 37
26 37
26 15
18 19
24 19
36 19
36 18
16 2
26 2
24 2
24 16
5 23
26 23
24 23
24 5
20 14
26 14
24 14
24 20
28 12
28 21
12 21
35 1
28 1
12 1
12 35
25 39
12 39
21 39
21 25
17 4
21 4
28 4
28 17
13 8
28 8
12 8
12 13
29 27
21 27
28 27
28 29
39 69
4 39
4 29
39 29
32 15
4 15
39 15
39 32
18 35
4 35
39 35
39 18
8 5
29 5
4 5
4 8
2 19
39 19
29 19
29 2
17 13
4 13
39 13
39 17
16 23
16 20
23 20
10 33
23 33
20 33
20 10
34 27
16 27
23 27
23 34
1 38
20 38
16 38
16 1
28 26
23 26
20 26
20 28
22 21
23 21
20 21
20 22
3 11
3 25
11 25
24 14
11 14
25 14
25 24
9 37
11 37
25 37
25 9
36 6
11 6
25 6
25 36
30 7
25 7
3 7
3 30
12 31
3 31
11 31
11 12
39 69
15 21
15 26
21 26
3 17
26 17
15 17
15 3
33 7
15 7
21 7
21 33
31 37
26 37
15 37
15 31
1 22
26 22
15 22
15 1
36 24
26 24
15 24
15 36
38 30
38 29
30 29
13 9
29 9
38 9
38 13
35 16
29 16
38 16
38 35
27 4
30 4
29 4
29 27
5 14
30 14
29 14
29 5
18 10
38 10
30 10
30 18
11 6
11 2
6 2
19 8
11 8
6 8
6 19
25 28
11 28
6 28
6 25
12 23
2 23
11 23
11 12
39 20
2 20
11 20
11 39
32 34
2 34
11 34
11 32
36 60
25 22
25 1
22 1
26 12
25 12
22 12
22 26
11 18
25 18
22 18
22 11
20 4
1 4
25 4
25 20
5 31
5 15
31 15
32 9
31 9
15 9
15 32
30 35
5 35
31 35
31 30
6 28
5 28
31 28
31 6
10 16
10 19
16 19
17 7
10 7
16 7
16 17
21 14
19 14
10 14
10 21
23 8
10 8
16 8
16 23
24 34
24 2
34 2
36 29
24 29
34 29
34 36
27 13
24 13
34 13
34 27
3 33
34 33
2 33
2 3
45 75
5 27
5 4
27 4
35 40
4 40
5 40
5 35
8 17
4 17
5 17
5 8
3 19
27 19
4 19
4 3
21 29
21 9
29 9
16 36
29 36
9 36
9 16
44 34
21 34
29 34
29 44
45 22
29 22
9 22
9 45
15 18
15 7
18 7
1 31
18 31
7 31
7 1
25 2
15 2
18 2
18 25
26 6
18 6
7 6
7 26
13 11
13 28
11 28
37 38
28 38
13 38
13 37
10 43
11 43
28 43
28 10
33 20
11 20
28 20
28 33
32 42
32 14
42 14
23 30
14 30
32 30
32 23
12 39
14 39
32 39
32 12
24 41
14 41
32 41
32 24
45 75
5 7
5 3
7 3
33 30
7 30
3 30
3 33
8 39
7 39
3 39
3 8
31 22
7 22
3 22
3 31
38 24
38 21
24 21
1 20
38 20
24 20
24 1
37 16
24 16
21 16
21 37
2 6
21 6
38 6
38 2
17 35
17 15
35 15
13 29
15 29
17 29
17 13
25 23
17 23
35 23
35 25
44 42
17 42
35 42
35 44
40 27
40 18
27 18
45 14
27 14
18 14
18 45
26 9
40 9
27 9
27 26
4 32
18 32
40 32
40 4
10 28
10 43
28 43
41 34
10 34
28 34
28 41
11 19
43 19
10 19
10 11
12 36
43 36
10 36
10 12
45 75
33 16
33 9
16 9
18 40
9 40
33 40
33 18
17 11
33 11
16 11
16 17
44 28
9 28
33 28
33 44
41 8
41 1
8 1
2 23
8 23
1 23
1 2
21 14
41 14
8 14
8 21
6 45
8 45
1 45
1 6
5 27
5 43
27 43
7 19
43 19
5 19
5 7
15 39
5 39
27 39
27 15
30 24
5 24
27 24
27 30
22 31
22 13
31 13
3 35
22 35
31 35
31 3
29 26
31 26
13 26
13 29
4 32
22 32
31 32
31 4
20 25
20 37
25 37
34 12
20 12
25 12
25 34
10 42
37 42
20 42
20 10
38 36
20 36
25 36
25 38
39 69
3 4
3 10
4 10
15 14
4 14
10 14
10 15
31 33
4 33
10 33
10 31
17 28
4 28
10 28
10 17
34 7
10 7
3 7
3 34
5 21
4 21
10 21
10 5
8 32
8 37
32 37
18 24
37 24
8 24
8 18
36 20
8 20
32 20
32 36
35 19
8 19
32 19
32 35
22 25
32 25
37 25
37 22
39 2
32 2
37 2
37 39
16 13
16 27
13 27
6 29
16 29
13 29
13 6
1 38
27 38
16 38
16 1
12 11
16 11
13 11
13 12
30 26
13 26
27 26
27 30
9 23
13 23
27 23
27 9
39 69
29 7
29 14
7 14
23 32
14 32
29 32
29 23
13 3
14 3
29 3
29 13
36 34
7 34
14 34
14 36
16 24
7 24
14 24
14 16
18 9
29 9
7 9
7 18
37 2
37 27
2 27
6 26
37 26
2 26
2 6
19 20
37 20
2 20
2 19
4 33
2 33
27 33
27 4
35 31
27 31
37 31
37 35
11 30
27 30
37 30
37 11
28 8
28 39
8 39
22 15
8 15
39 15
39 22
17 12
39 12
28 12
28 17
25 10
8 10
39 10
39 25
5 38
28 38
8 38
8 5
1 21
28 21
8 21
8 1
39 69
31 14
31 8
14 8
29 24
8 24
31 24
31 29
28 25
8 25
31 25
31 28
34 15
8 15
31 15
31 34
19 18
8 18
31 18
31 19
26 39
31 39
14 39
14 26
37 16
37 30
16 30
10 5
30 5
37 5
37 10
21 11
16 11
30 11
30 21
4 12
16 12
30 12
30 4
6 20
37 20
16 20
16 6
3 36
30 36
37 36
37 3
23 1
23 13
1 13
38 27
1 27
13 27
13 38
32 9
1 9
13 9
13 32
22 7
1 7
13 7
13 22
2 33
13 33
23 33
23 2
17 35
1 35
13 35
13 17
36 60
3 30
3 31
30 31
18 25
3 25
30 25
30 18
24 29
3 29
30 29
30 24
5 12
30 12
31 12
31 5
28 34
28 13
34 13
21 20
28 20
34 20
34 21
33 17
34 17
13 17
13 33
22 36
13 36
28 36
28 22
9 10
9 6
10 6
19 8
10 8
6 8
6 19
35 32
10 32
6 32
6 35
16 11
6 11
9 11
9 16
4 14
4 7
14 7
2 26
4 26
14 26
14 2
23 15
7 15
4 15
4 23
27 1
4 1
14 1
14 27
39 69
14 12
14 33
12 33
19 5
12 5
33 5
33 19
32 28
33 28
14 28
14 32
11 35
14 35
12 35
12 11
2 9
12 9
33 9
33 2
25 17
14 17
12 17
12 25
27 21
27 29
21 29
37 36
29 36
27 36
27 37
1 18
21 18
29 18
29 1
39 6
27 6
21 6
21 39
7 13
21 13
29 13
29 7
10 8
29 8
27 8
27 10
3 30
3 26
30 26
4 38
30 38
26 38
26 4
16 15
26 15
3 15
3 16
22 34
26 34
3 34
3 22
24 20
26 20
3 20
3 24
31 23
30 23
26 23
26 31
45 75
11 39
11 41
39 41
30 14
41 14
11 14
11 30
2 33
39 33
41 33
41 2
13 44
11 44
39 44
39 13
10 3
10 18
3 18
5 45
3 45
18 45
18 5
19 38
18 38
10 38
10 19
22 29
3 29
18 29
18 22
9 15
9 16
15 16
4 37
9 37
15 37
15 4
43 40
15 40
16 40
16 43
25 36
15 36
16 36
16 25
42 28
42 35
28 35
12 8
35 8
42 8
42 12
24 1
35 1
42 1
42 24
7 34
28 34
35 34
35 7
26 6
26 27
6 27
21 20
26 20
6 20
6 21
31 17
26 17
6 17
6 31
23 32
6 32
27 32
27 23
