40 80
29 22
34 15
20 33
15 4
22 11
7 23
28 23
37 20
40 33
25 33
9 5
28 11
2 36
21 23
30 4
19 27
16 32
40 12
31 17
24 34
25 11
15 28
35 33
26 39
25 26
21 22
14 30
35 31
21 14
5 6
28 5
8 36
36 11
40 36
17 36
37 2
24 23
27 17
18 19
4 17
14 25
12 14
13 11
3 2
15 31
30 20
39 32
18 20
36 26
2 4
32 37
36 32
10 33
32 9
18 37
6 38
27 8
26 28
2 10
11 7
13 26
15 1
12 10
23 33
40 35
21 19
35 24
19 3
30 13
19 32
33 29
28 38
15 22
38 1
3 23
38 30
10 5
33 8
27 2
3 26
40 81
2 15
22 21
21 38
12 6
7 5
32 5
21 14
11 22
26 17
30 12
27 26
28 36
37 10
21 29
13 17
4 15
22 15
31 38
18 9
34 31
1 17
2 35
11 8
31 12
36 30
18 27
18 31
35 29
26 14
16 24
19 38
5 22
7 8
4 31
21 3
12 5
34 20
9 21
29 26
12 33
17 28
23 31
18 14
24 13
26 30
8 16
20 27
21 8
28 14
18 7
14 40
27 6
19 5
2 23
40 21
11 13
5 39
16 10
11 15
38 24
33 24
12 11
11 39
6 5
19 36
37 1
15 34
7 3
5 37
19 16
1 15
25 11
8 1
30 37
36 18
9 36
21 17
27 28
10 21
4 11
29 11
40 82
32 15
26 1
39 38
7 20
34 8
6 7
29 12
29 37
16 29
11 29
4 35
15 13
23 40
29 32
17 18
26 27
29 7
38 9
26 6
5 8
21 20
30 38
31 25
1 37
37 7
16 24
36 26
11 8
1 11
1 6
5 25
1 20
1 32
13 1
38 13
1 17
26 15
32 12
13 21
11 33
14 36
35 27
24 27
29 18
31 37
16 8
20 17
36 12
25 14
19 8
39 1
8 4
17 29
15 20
37 14
18 36
6 36
13 17
15 23
7 25
12 11
24 1
6 19
37 15
38 20
32 24
10 15
2 36
22 31
9 36
15 25
32 31
11 40
21 11
28 8
15 2
40 13
10 6
33 2
16 21
4 28
15 7
40 83
10 14
1 18
31 38
39 22
1 26
25 3
34 8
32 27
12 16
6 16
18 5
2 36
27 38
37 38
21 10
21 40
38 16
16 36
12 28
40 20
2 30
5 28
26 7
22 35
12 11
29 36
39 10
40 15
34 11
16 27
29 22
13 12
5 9
30 20
33 4
35 30
26 28
22 12
30 10
18 35
35 31
6 20
6 19
21 28
35 37
13 17
31 30
21 25
33 8
11 9
2 18
7 17
13 5
34 20
9 1
32 10
31 23
27 22
40 9
17 31
6 13
13 2
23 16
34 15
29 13
40 14
29 40
34 14
4 3
22 33
22 26
24 1
15 4
17 18
33 25
9 19
24 19
5 22
21 5
37 9
33 16
18 40
35 4
40 84
24 30
17 26
37 10
27 25
1 27
13 7
21 40
31 28
40 6
22 23
1 20
23 1
5 26
6 32
32 33
14 10
6 14
26 32
34 8
13 4
38 4
5 27
22 18
38 16
35 11
2 18
34 36
35 9
4 18
32 23
32 5
35 37
1 5
12 36
13 34
3 29
20 34
31 4
32 3
35 17
10 12
21 29
37 18
31 5
22 20
2 38
36 40
9 20
9 8
12 30
15 22
21 18
38 9
8 31
24 5
39 31
31 23
27 28
37 40
21 23
37 20
32 11
6 35
2 20
30 39
14 26
23 2
25 2
3 14
2 28
39 40
29 40
16 7
21 24
26 30
38 17
2 10
39 35
9 10
22 33
16 37
37 33
27 6
3 1
40 85
20 36
39 7
8 18
23 10
6 12
32 8
19 20
19 4
6 29
17 25
23 12
15 4
1 11
9 10
30 24
35 20
30 5
33 8
36 3
39 8
11 26
35 18
26 13
16 10
7 36
40 13
15 13
26 37
29 26
11 22
2 26
22 39
8 5
22 5
25 10
36 35
40 23
40 18
24 1
8 9
6 26
27 26
13 19
17 36
2 22
8 10
8 2
38 34
30 12
22 21
38 29
5 16
9 28
1 37
28 30
37 38
28 34
31 18
18 26
19 29
6 38
22 30
10 6
19 9
21 30
17 13
33 37
24 8
34 19
21 2
22 25
6 31
32 22
34 15
17 39
1 40
28 11
27 21
35 16
36 34
9 24
4 3
16 8
16 1
34 8
40 86
12 23
7 20
29 12
39 7
11 15
8 34
2 34
25 3
28 23
10 8
17 39
27 26
33 22
24 16
19 29
10 23
20 34
16 2
31 14
37 21
27 8
11 10
36 19
26 19
27 40
33 10
21 25
38 16
16 29
15 23
26 9
14 6
2 9
3 10
31 3
2 27
21 17
13 15
38 9
7 5
22 17
28 18
37 3
35 36
16 15
30 17
18 1
5 18
12 37
3 22
29 39
19 39
32 16
38 24
5 4
15 32
16 35
17 31
25 30
24 37
12 14
24 14
20 13
32 13
21 28
38 27
28 32
15 4
19 12
7 17
33 25
25 17
4 2
35 28
2 30
12 7
15 38
31 12
40 32
28 20
12 40
20 4
21 16
36 17
14 19
11 7
40 87
4 25
24 28
15 34
3 2
34 31
36 8
12 33
18 21
21 35
23 24
38 16
2 10
36 18
7 30
5 21
2 30
5 22
18 29
37 8
9 26
33 6
4 15
10 37
39 15
39 3
8 17
16 33
14 33
20 9
31 30
21 12
5 11
21 19
26 18
39 20
32 21
3 12
19 1
38 27
11 28
5 14
7 26
16 35
30 9
30 32
16 28
25 19
20 32
1 37
19 36
33 32
7 16
4 5
36 25
40 2
8 4
33 37
38 9
31 35
39 6
17 3
21 22
13 29
3 36
14 8
22 28
35 27
7 40
15 11
3 21
39 31
35 2
11 25
39 18
12 40
31 9
33 1
14 21
33 34
17 36
10 24
32 36
11 3
13 4
13 9
25 6
24 26
40 88
1 17
36 20
26 13
37 14
26 25
36 13
34 33
11 31
3 6
33 2
37 26
39 31
17 29
10 25
23 40
9 21
39 17
29 5
9 22
37 22
7 22
9 33
3 11
16 1
26 18
24 30
24 29
34 22
40 36
10 27
11 17
19 2
4 33
33 6
16 19
2 10
7 23
9 24
22 27
34 5
38 30
30 21
6 19
20 28
21 39
3 29
39 28
9 26
32 24
22 3
10 32
7 34
2 24
25 19
36 21
29 19
25 21
36 26
21 37
15 17
11 26
31 1
35 8
6 36
7 18
20 38
38 11
18 12
16 33
14 16
22 28
9 1
8 20
35 4
6 21
29 10
26 34
30 19
16 15
27 1
13 1
40 37
35 13
2 7
36 2
24 11
14 8
11 35
40 89
16 15
20 1
21 19
32 10
40 18
6 14
17 16
26 1
37 27
30 37
23 24
31 27
37 39
9 16
39 38
30 20
13 9
8 27
18 28
5 30
1 39
32 13
11 22
6 38
38 21
23 39
36 8
9 11
36 25
10 27
24 11
2 31
31 39
37 14
36 20
31 12
22 17
30 1
31 33
24 32
25 30
18 37
39 22
4 23
17 7
28 11
7 32
28 20
39 8
39 10
38 9
16 8
35 6
19 12
10 33
35 39
5 12
37 17
21 28
2 34
17 12
33 38
12 37
13 24
34 11
30 19
34 29
38 22
7 15
16 38
34 23
40 27
40 20
30 16
6 17
31 18
25 18
1 21
13 14
8 37
31 36
20 4
29 16
24 38
27 28
4 27
30 2
33 2
32 4
40 90
8 36
10 6
28 31
6 4
31 29
29 1
4 33
15 4
30 22
23 17
4 3
9 1
40 16
34 40
38 26
19 16
38 4
12 28
6 37
7 21
2 20
35 29
18 32
20 1
32 21
36 4
13 16
24 30
31 10
40 24
24 38
36 38
22 21
32 36
20 17
28 22
37 26
20 4
35 9
39 38
20 9
14 20
1 37
30 16
19 36
2 25
1 24
8 34
26 39
39 18
4 31
6 34
36 5
12 18
16 38
3 29
17 25
40 26
39 3
21 39
11 10
36 34
36 35
37 3
23 2
19 10
29 30
9 21
33 7
1 5
7 15
39 1
36 7
12 10
40 9
18 2
2 1
19 31
38 22
37 36
31 17
21 20
28 21
12 8
9 36
4 30
25 22
36 12
14 33
33 2
40 91
16 14
22 13
37 15
40 25
32 26
31 1
35 36
7 20
15 18
34 36
21 1
5 25
33 25
2 17
22 24
12 27
27 29
12 32
38 6
13 24
4 35
5 15
8 5
8 23
20 28
28 30
15 35
38 22
22 10
14 18
10 1
9 17
24 15
11 29
8 40
18 17
8 6
8 27
15 27
38 32
31 25
8 35
14 34
19 1
3 2
16 24
20 22
1 40
7 2
20 40
36 13
36 5
37 35
22 33
21 23
8 37
25 17
13 5
12 15
36 23
36 25
3 37
23 3
30 15
29 21
31 27
9 14
11 38
39 15
35 25
12 23
40 13
23 38
9 31
10 27
20 12
21 22
29 35
28 13
15 38
33 6
22 31
36 17
17 6
29 4
10 20
16 19
35 34
32 22
14 29
16 35
40 92
33 25
26 13
24 32
21 35
38 40
36 2
12 1
17 7
32 10
31 12
6 2
3 38
23 15
22 30
38 9
2 1
1 14
32 36
34 29
27 34
27 8
15 10
38 36
9 17
21 1
40 36
4 11
29 12
32 3
5 22
32 34
40 27
13 29
31 24
39 22
22 23
36 10
8 19
6 17
4 39
33 29
30 26
19 39
14 39
18 40
15 19
25 12
32 7
18 5
16 33
14 21
17 4
19 30
9 26
34 18
26 36
16 36
25 38
21 38
25 29
21 28
33 10
35 12
31 2
2 15
30 35
29 37
16 30
13 6
9 32
2 21
11 9
34 2
6 31
10 27
17 21
16 15
11 34
27 11
40 12
33 34
6 1
26 22
4 2
5 16
21 22
1 36
18 14
10 24
14 37
5 28
18 31
40 93
3 32
27 1
31 15
6 28
16 30
33 32
38 19
24 36
12 13
30 6
11 18
7 40
26 33
6 12
3 27
25 17
36 27
18 37
29 28
5 37
18 17
9 15
5 17
16 28
36 33
30 27
10 12
6 9
8 26
2 38
22 30
27 23
11 24
38 37
23 37
40 29
7 26
36 8
36 20
10 1
16 4
34 13
22 31
6 20
31 38
31 9
8 1
8 24
26 22
3 7
12 3
24 30
1 2
20 39
35 27
3 19
34 28
4 10
19 1
25 9
2 10
1 3
6 33
31 35
25 26
15 4
16 39
22 21
23 24
17 11
17 8
16 19
22 8
21 5
34 35
6 24
28 36
19 23
5 31
32 21
8 21
38 22
7 28
40 9
30 1
22 25
37 36
35 1
37 16
5 19
5 27
14 1
11 20
40 94
40 4
31 15
40 16
33 20
32 8
7 8
37 28
23 8
13 40
9 7
26 30
36 37
12 16
12 15
36 24
10 39
36 12
15 26
29 23
9 24
36 39
4 26
20 10
25 3
19 25
12 2
23 26
19 18
35 2
17 20
32 1
30 33
22 12
12 27
13 15
36 28
38 11
31 36
25 12
10 1
26 18
15 30
9 19
5 20
8 20
3 2
37 7
2 19
4 31
3 8
30 8
38 18
27 24
6 17
14 25
34 26
8 28
14 37
11 19
29 9
33 22
25 31
34 10
20 14
6 5
5 36
40 2
19 29
13 10
32 24
33 1
31 29
6 10
25 1
8 40
40 32
6 1
16 15
3 34
23 28
35 11
26 16
15 39
3 9
22 19
34 36
9 40
11 26
7 6
40 36
30 29
38 13
37 15
28 20
40 95
9 10
37 15
11 21
2 18
22 20
27 5
5 1
19 30
31 2
19 18
30 35
39 11
33 22
27 32
10 6
18 40
25 9
15 34
25 23
6 16
8 33
22 32
26 27
22 30
10 24
25 2
32 18
8 7
26 25
5 9
36 2
13 14
6 13
36 40
40 17
31 9
21 34
17 34
17 31
24 7
6 34
4 32
7 15
21 25
19 24
20 7
20 39
7 3
4 27
12 4
12 35
26 16
4 14
23 36
25 11
3 19
28 20
3 31
20 21
10 33
23 9
31 35
35 1
21 14
15 40
5 36
34 24
21 4
18 31
26 9
19 23
31 12
36 17
17 39
27 20
35 18
15 1
34 11
16 18
40 23
14 24
40 14
29 18
11 1
38 33
31 11
31 36
36 20
30 14
3 1
7 26
15 32
34 38
26 1
28 32
40 96
29 38
1 25
26 7
1 13
22 40
40 7
25 31
9 5
3 11
28 6
28 37
27 26
30 34
5 16
33 11
5 29
33 16
29 18
17 23
17 33
4 21
8 7
20 7
21 37
19 18
1 32
1 23
27 35
38 19
15 39
35 36
33 27
21 10
17 35
36 22
38 26
33 22
16 18
11 2
32 11
10 17
28 19
25 24
30 16
24 26
12 36
28 4
4 3
13 2
34 11
4 35
30 11
15 14
17 25
29 36
4 1
4 18
26 14
32 31
37 18
16 12
15 16
16 4
21 12
13 4
22 25
27 1
31 24
4 11
38 17
30 37
11 25
27 40
26 12
34 26
1 40
32 6
30 19
16 22
9 21
18 22
36 3
9 20
1 18
22 20
29 30
6 38
21 2
33 19
8 39
4 15
26 18
19 13
5 19
21 7
40 9
40 97
1 14
12 39
15 21
27 5
9 36
15 23
33 34
33 16
33 18
33 15
22 12
31 9
26 13
26 8
33 25
1 25
21 37
3 4
2 8
22 3
18 5
5 30
36 33
23 38
7 2
12 27
22 31
36 24
10 20
15 28
14 36
15 20
33 6
1 31
13 15
24 13
9 14
34 14
28 29
21 4
25 36
1 34
29 34
8 39
29 20
37 31
19 30
31 6
5 20
20 8
10 2
17 8
24 39
23 22
9 17
10 37
24 27
37 35
23 21
8 16
39 31
21 27
15 24
11 28
8 7
34 22
27 22
21 36
3 8
19 4
35 16
4 1
35 4
40 32
23 36
28 34
5 25
40 36
7 11
3 34
22 10
29 17
13 1
31 11
15 9
33 39
15 40
1 16
35 34
12 18
31 20
21 32
29 33
6 36
10 36
38 30
29 6
40 98
36 20
23 31
6 19
39 38
32 40
14 15
7 15
23 12
4 24
37 26
12 2
39 35
24 26
5 10
18 32
37 8
2 6
19 27
27 37
1 26
3 23
38 27
9 10
22 32
19 17
12 1
24 31
7 33
29 10
30 14
29 27
13 21
3 13
17 6
14 36
1 33
39 29
33 4
19 39
8 28
19 33
9 22
38 9
26 25
31 3
17 4
29 33
37 6
11 16
25 36
36 38
30 2
39 5
16 14
23 34
16 35
25 32
14 39
13 15
23 19
14 37
16 12
28 14
24 37
10 17
25 35
32 1
20 15
33 23
1 27
27 17
5 22
3 25
11 3
24 16
3 4
16 9
6 16
28 27
40 20
27 23
11 40
9 29
31 30
7 2
19 15
27 8
30 23
11 27
29 16
34 36
1 24
27 2
25 2
22 39
14 27
31 12
9 8
40 99
8 4
5 6
9 18
34 35
33 11
10 22
22 6
5 11
1 22
22 8
30 27
24 6
11 23
27 28
26 38
26 37
5 39
39 15
28 14
19 20
12 6
16 22
6 20
26 20
1 12
8 31
23 21
21 27
34 10
1 24
32 25
20 32
23 16
11 3
31 35
15 6
18 19
36 37
21 19
4 18
28 29
26 25
39 31
10 39
5 36
35 39
29 11
24 26
38 27
3 2
16 4
24 30
21 13
25 11
35 11
39 20
6 17
16 27
13 27
40 37
10 37
6 35
15 34
29 36
11 7
33 34
18 2
28 31
31 30
1 35
23 6
2 5
30 26
36 34
39 23
17 35
14 40
18 24
30 21
32 10
3 16
20 37
11 18
3 24
15 9
35 26
1 4
38 36
40 24
6 40
32 31
33 9
30 7
37 11
9 20
32 5
28 21
5 27
31 3
40 100
28 37
27 10
32 38
35 25
8 28
36 14
29 4
13 36
10 6
33 34
21 2
8 9
4 36
36 39
11 35
18 36
4 31
21 27
5 4
19 29
10 20
14 23
28 34
16 21
38 13
17 13
34 8
17 6
4 3
36 7
19 1
11 19
31 37
27 14
11 7
6 1
3 18
38 23
31 39
27 15
23 31
33 9
36 34
1 11
20 12
22 38
22 40
32 36
13 12
12 4
16 28
9 7
5 39
13 28
9 12
15 7
21 13
1 26
10 16
1 12
37 35
36 3
23 10
24 20
29 3
28 23
18 5
8 30
39 1
15 13
31 11
18 33
22 34
12 16
26 16
19 32
15 40
8 10
6 38
21 23
35 8
24 1
20 36
25 12
17 25
5 9
32 26
6 24
17 20
19 20
9 14
36 35
26 4
3 9
12 36
31 6
30 22
3 20
28 18
9 29
40 101
11 10
40 17
32 6
31 12
18 29
26 4
2 27
5 37
27 25
39 20
30 2
21 20
29 15
25 17
30 31
27 38
38 6
26 15
40 23
7 38
3 16
9 1
14 36
11 30
27 34
35 36
4 8
36 2
24 5
27 4
29 3
26 33
37 14
31 8
21 2
38 37
33 19
3 37
22 21
35 4
12 10
40 36
11 7
15 25
4 18
15 22
16 32
12 14
31 14
18 11
4 33
33 20
14 19
40 9
32 30
16 8
25 24
37 26
6 11
7 9
33 2
32 24
2 22
16 26
10 36
34 32
26 31
24 4
15 13
22 39
10 23
5 33
35 18
26 9
24 2
14 6
11 34
8 10
4 20
18 14
18 20
27 16
17 1
23 6
9 2
11 22
27 10
7 14
31 5
13 9
26 28
24 35
31 6
18 23
33 13
38 3
6 5
37 15
8 40
35 1
32 39
40 102
39 38
8 27
31 35
19 23
15 19
22 8
39 33
15 11
7 25
13 12
26 15
8 34
38 29
33 29
21 34
31 2
29 3
1 34
7 38
38 31
37 20
29 20
14 25
5 17
24 18
10 14
9 3
14 36
24 23
2 5
16 13
36 4
33 21
24 6
30 4
5 7
30 21
12 16
28 34
20 19
33 7
14 16
1 40
7 28
8 11
14 3
4 20
25 21
11 17
11 4
22 3
13 9
17 25
38 19
31 12
11 10
38 4
12 8
36 40
13 17
6 25
5 11
7 35
26 29
28 4
33 2
8 26
24 11
24 28
37 3
38 34
19 10
2 13
40 39
32 25
35 27
21 27
1 3
14 13
11 19
37 18
3 17
10 24
31 18
8 7
38 24
16 25
1 18
25 36
37 33
25 2
16 9
27 11
3 16
13 11
27 40
40 14
9 10
8 16
37 10
8 19
21 22
40 103
26 23
29 20
10 37
38 4
18 15
4 12
4 14
15 9
30 19
18 24
28 37
3 1
10 20
29 40
7 6
1 18
34 29
21 29
12 27
2 1
31 6
26 27
8 32
9 12
23 29
25 17
28 9
30 15
24 13
29 28
33 37
5 4
40 8
35 15
9 7
10 22
35 16
20 36
7 25
5 29
2 33
17 9
36 3
24 6
13 15
15 6
1 17
28 39
31 11
32 3
28 36
9 5
4 29
24 11
38 39
14 18
27 40
5 22
1 31
14 25
30 3
39 5
18 7
1 38
8 9
12 13
40 18
32 15
32 31
14 6
31 25
14 29
20 21
32 38
1 13
25 1
1 20
16 28
35 11
40 23
7 23
24 15
17 29
25 10
3 39
8 33
15 17
32 1
37 26
34 31
27 21
37 14
31 22
7 1
1 6
20 22
32 40
26 16
15 39
20 17
27 24
35 39
11 7
40 104
27 28
22 8
11 9
6 32
40 18
25 11
12 23
34 3
36 17
30 10
7 33
40 6
14 30
38 19
9 22
17 16
21 11
34 33
37 3
39 5
33 1
39 25
31 12
10 33
4 3
26 24
12 8
3 32
5 31
24 29
11 22
36 22
29 10
39 34
25 14
15 10
13 15
28 6
10 12
13 30
27 37
28 36
27 40
34 17
29 16
35 1
14 24
26 28
31 35
17 21
2 40
36 29
14 31
8 15
29 1
9 10
17 24
32 19
33 17
4 38
32 25
14 16
36 26
7 35
27 13
7 30
8 19
36 13
18 8
17 19
36 31
38 15
20 30
33 35
19 36
34 32
3 38
28 2
5 30
24 38
21 40
32 16
11 39
2 30
38 33
8 28
8 1
35 36
8 4
25 21
30 28
30 34
6 10
40 35
19 20
36 8
26 3
8 31
14 40
11 4
27 19
36 1
13 2
31 29
40 105
39 3
33 39
5 17
27 35
26 4
38 24
22 20
16 28
20 12
37 31
8 21
22 33
19 1
22 23
26 10
34 30
36 32
22 28
25 32
17 15
25 36
17 35
16 20
3 6
6 34
34 35
25 22
8 9
36 22
8 6
28 24
26 35
5 2
7 40
1 38
16 19
31 17
25 4
8 29
8 19
29 35
9 33
9 21
15 1
32 10
32 3
9 16
40 29
20 1
13 32
20 27
29 26
17 30
9 31
6 14
11 10
13 2
10 21
3 31
9 5
34 3
4 5
5 1
1 30
13 34
6 20
23 7
32 28
26 32
35 19
2 18
31 2
39 21
26 22
32 16
40 17
25 6
4 28
38 7
17 11
7 25
21 22
12 13
38 14
8 22
10 39
22 31
11 20
13 19
30 19
10 7
13 7
23 2
27 18
17 18
35 11
8 34
16 15
4 23
30 26
24 25
23 17
11 22
16 22
13 4
40 106
21 27
31 9
35 39
14 37
1 2
22 27
3 25
38 13
26 23
27 35
40 22
6 22
3 37
37 33
22 9
21 11
31 13
36 34
4 22
15 32
23 31
35 2
5 34
33 13
18 22
22 26
1 13
35 16
27 28
27 31
24 25
19 16
40 9
40 29
6 35
5 13
38 11
29 30
14 30
34 35
6 12
13 29
37 29
21 6
10 27
28 8
25 7
15 18
21 8
3 11
26 4
40 13
27 8
1 40
18 1
27 12
25 1
20 8
36 9
31 18
21 16
16 24
23 14
38 4
29 20
14 13
10 34
26 32
11 28
38 15
13 8
39 12
12 29
18 21
18 17
36 14
3 1
11 31
15 11
31 4
6 14
28 6
14 22
17 11
27 7
34 21
22 17
39 22
40 15
24 22
26 29
32 12
11 22
30 26
23 29
15 7
6 17
7 9
10 36
14 29
10 32
13 21
26 13
7 4
30 10
24 23
40 107
7 35
12 17
37 11
35 24
27 10
22 11
13 35
27 37
26 28
29 33
27 28
18 38
33 35
37 12
20 3
19 3
27 20
16 2
24 37
6 10
3 22
6 4
38 34
12 11
38 1
5 25
36 11
34 21
14 30
23 19
18 23
32 1
40 39
20 37
20 30
40 38
30 38
38 37
29 1
40 20
31 39
28 3
32 9
2 7
5 40
39 22
33 13
25 18
13 38
25 8
34 6
36 23
33 20
31 18
6 17
13 21
8 12
27 25
23 12
2 18
12 14
1 2
8 39
36 4
26 22
29 13
22 23
21 8
18 4
12 40
36 31
19 24
18 17
7 5
25 20
1 15
6 38
7 14
29 22
36 17
32 39
20 31
33 8
23 16
4 11
7 24
22 2
11 28
31 12
27 22
4 2
14 36
24 2
4 33
18 1
6 32
26 12
20 10
36 19
18 37
22 5
2 28
16 9
27 38
2 33
10 35
7 23
40 108
40 22
36 28
31 9
2 6
14 8
4 13
29 16
6 35
26 25
20 7
40 4
38 39
16 24
34 30
19 35
38 6
26 37
12 3
23 26
14 1
14 5
14 28
22 33
33 1
11 10
27 26
40 24
36 38
13 9
15 17
21 37
11 40
2 18
25 12
6 40
20 29
26 9
3 36
8 4
18 34
27 28
7 21
20 34
37 8
10 34
9 15
37 3
22 38
12 16
9 30
6 24
26 28
19 18
40 1
34 11
1 22
13 37
1 7
19 38
15 37
31 25
28 4
20 14
20 37
6 29
30 36
1 28
11 9
13 27
5 6
39 40
30 7
32 18
29 30
27 30
7 10
23 2
8 17
3 1
31 24
14 23
3 9
31 32
20 16
19 11
16 19
10 22
28 6
14 40
32 26
3 22
34 6
18 1
37 36
25 37
21 17
31 4
6 4
17 26
15 19
2 16
14 21
34 13
36 10
24 11
26 7
22 28
39 6
40 109
23 14
8 28
6 5
1 18
21 4
15 11
8 26
1 38
14 25
19 36
23 33
17 39
17 36
7 36
32 1
13 14
25 12
3 29
14 8
1 35
23 29
34 33
25 19
31 1
14 37
24 25
12 20
5 25
21 2
9 24
14 2
30 26
10 15
38 18
32 8
35 15
20 21
22 18
38 2
13 28
18 31
12 15
20 28
27 36
34 24
7 25
12 37
19 29
5 13
28 16
40 30
8 13
29 7
28 30
7 16
13 26
28 39
29 14
21 39
37 38
31 37
38 11
21 15
8 23
12 36
38 29
12 4
31 36
17 27
4 22
27 40
3 9
26 20
23 3
34 5
14 34
5 8
27 14
7 32
20 29
4 38
22 2
15 28
12 8
2 35
29 18
1 19
3 34
20 10
23 10
34 19
28 25
4 31
27 29
15 20
11 17
5 32
31 6
15 38
21 29
21 22
33 27
36 24
14 18
9 29
20 36
30 10
21 36
39 5
40 110
40 33
9 20
7 32
4 18
16 36
21 26
4 11
15 32
29 28
18 7
40 8
23 6
16 30
21 10
36 31
4 35
8 36
40 24
5 12
4 17
16 24
25 24
39 5
9 25
30 32
26 28
27 37
29 33
3 37
25 3
16 32
22 12
21 37
7 8
39 17
30 22
26 34
14 6
15 25
2 24
38 1
26 9
17 6
18 22
38 12
32 34
34 38
26 13
21 2
2 7
40 9
39 1
15 14
3 17
13 39
31 21
39 32
8 15
39 8
39 20
8 30
4 33
30 1
14 28
11 40
30 13
23 7
29 15
15 11
30 5
28 36
20 22
3 11
15 37
40 29
5 16
27 23
32 10
18 29
5 33
12 13
38 30
24 20
17 16
14 27
22 39
1 6
38 22
26 1
39 2
39 11
5 25
8 4
35 37
40 6
33 20
4 12
26 7
32 18
18 2
26 18
18 10
13 20
39 25
1 2
31 6
26 39
40 18
27 19
15 17
40 111
19 36
39 13
21 35
7 38
12 40
31 39
40 22
30 37
3 9
20 37
19 16
32 20
32 36
20 31
39 40
30 19
33 22
24 31
6 38
38 36
31 12
18 21
16 32
21 37
39 6
26 20
24 35
27 11
19 3
31 40
17 28
6 27
24 1
3 31
26 8
3 12
38 17
13 16
8 1
36 3
23 12
32 10
1 33
10 36
35 16
6 29
28 11
29 5
33 39
10 24
4 15
2 26
18 9
6 33
19 1
13 4
20 34
40 17
23 37
5 31
5 11
2 6
10 6
19 13
24 3
1 39
23 36
25 24
40 37
18 36
10 37
26 37
7 25
7 8
13 22
36 34
33 7
23 19
34 6
30 11
2 35
16 5
26 33
30 14
28 36
16 33
14 1
10 22
22 8
34 40
20 12
15 12
22 11
13 12
12 25
13 24
28 29
27 18
31 17
31 13
31 32
21 40
21 8
13 9
3 14
24 16
4 40
4 5
29 36
38 21
11 40
40 112
9 38
31 36
6 33
9 10
11 1
34 14
12 36
27 14
13 31
16 3
7 1
12 16
26 15
18 7
1 31
20 28
27 15
15 10
9 36
32 36
24 15
24 39
29 35
36 35
8 11
21 13
21 8
23 17
8 39
35 18
40 18
17 36
30 36
40 27
22 40
33 34
2 17
40 29
6 1
20 29
12 27
31 22
26 2
33 30
15 20
9 17
30 21
19 11
13 17
17 18
5 16
5 34
34 38
34 21
30 3
31 6
39 15
23 24
36 26
27 29
32 21
2 21
24 9
16 21
23 31
24 8
22 13
19 9
22 17
1 28
24 22
33 20
8 18
7 36
39 40
19 6
36 11
38 32
38 4
1 10
16 22
35 13
39 5
1 12
8 13
39 19
10 11
37 38
28 36
35 27
32 7
8 25
17 6
1 21
13 29
38 16
10 16
4 22
38 8
20 22
3 18
5 20
11 35
8 35
18 19
16 33
29 18
7 20
1 35
37 3
29 2
6 29
40 113
36 10
20 37
20 28
7 8
29 19
39 25
38 37
2 30
30 17
14 28
38 19
2 21
40 21
4 32
40 36
3 19
18 13
14 15
18 20
28 33
37 3
38 10
24 16
9 34
16 20
23 28
1 5
23 40
24 31
28 3
7 11
3 10
3 25
9 13
23 34
32 18
38 25
27 26
12 25
36 13
34 5
7 36
12 23
13 14
37 35
32 16
28 39
23 6
18 26
7 33
27 32
9 26
19 2
6 1
39 11
20 24
29 3
21 22
22 32
28 36
27 16
20 25
23 7
16 38
39 5
6 28
3 32
39 23
37 21
38 6
1 35
8 22
37 15
30 13
24 38
36 8
38 21
15 25
18 31
14 36
19 5
11 1
31 35
25 35
35 13
4 38
35 3
38 27
17 31
22 30
34 26
5 31
26 36
35 19
40 11
18 23
38 33
11 34
7 26
21 8
31 14
21 13
12 38
10 32
11 15
34 24
13 3
27 22
22 14
8 31
34 36
5 24
4 21
40 114
40 1
23 4
17 13
14 13
8 31
29 36
13 16
33 27
18 14
20 7
4 11
37 18
27 21
2 36
34 1
21 38
14 16
39 30
15 2
3 12
6 17
33 9
32 10
23 37
38 2
1 25
39 18
4 33
26 19
30 32
19 21
8 19
23 26
15 34
3 22
27 25
37 36
13 12
1 13
40 22
31 37
40 31
16 12
2 16
39 26
7 3
6 33
23 17
18 17
32 38
31 22
2 3
25 39
36 17
16 34
25 6
22 20
21 35
8 39
34 21
1 20
13 24
10 24
40 16
37 8
31 33
12 6
28 7
9 20
23 12
38 12
34 36
21 5
15 17
16 7
18 16
12 40
14 10
7 31
6 39
1 37
5 36
16 8
26 12
15 29
16 25
36 3
9 6
40 19
3 26
5 26
11 13
16 33
26 30
38 36
32 20
6 20
20 27
1 2
40 6
6 13
31 35
11 28
9 23
6 38
12 8
3 31
20 2
26 29
24 5
37 35
16 39
18 11
34 3
40 115
19 4
21 36
40 16
39 12
23 21
20 38
30 33
7 8
27 22
21 11
12 23
3 11
13 38
16 15
33 32
28 8
12 36
31 37
29 27
20 19
40 2
35 8
24 15
9 24
29 24
10 36
34 40
22 19
12 11
19 18
9 33
8 26
19 29
14 13
3 20
7 9
22 23
40 25
16 8
18 7
11 35
8 10
16 17
22 12
22 13
13 40
16 28
4 28
4 31
19 2
39 28
26 22
38 27
7 11
19 6
6 26
37 12
9 31
18 28
15 35
21 30
4 5
13 12
14 9
5 15
28 29
15 9
24 20
21 8
31 25
7 29
13 7
4 21
1 32
23 17
15 21
25 12
6 8
29 21
39 7
11 8
29 23
5 27
31 16
22 38
22 5
39 14
29 12
1 31
22 6
30 26
36 11
22 11
32 21
2 1
26 32
18 3
13 1
5 20
24 2
32 3
39 1
8 39
23 38
18 21
15 3
3 22
10 30
37 40
22 7
2 5
28 22
5 34
8 34
40 9
40 116
17 16
37 14
17 31
7 8
29 9
5 6
37 12
26 39
13 5
23 31
16 38
14 22
36 2
37 9
40 30
6 29
31 32
26 27
38 19
4 35
36 5
9 16
1 39
16 11
5 3
16 27
31 29
19 12
18 28
36 37
23 36
29 39
30 32
16 2
24 29
3 38
32 19
30 5
14 39
15 20
28 20
40 39
26 18
40 18
36 13
15 37
40 24
23 7
3 28
5 39
29 40
15 13
28 35
12 31
37 17
33 22
17 9
17 40
15 2
35 30
31 14
30 38
35 1
16 33
20 13
34 38
34 21
12 14
37 32
5 15
11 12
16 24
28 8
30 16
25 17
27 29
26 36
25 33
17 24
8 10
6 17
29 21
15 14
26 25
39 25
10 33
8 6
17 18
3 20
6 40
15 23
32 6
3 17
30 2
27 32
25 38
25 36
1 27
34 3
12 10
27 4
25 3
11 30
31 27
2 33
33 8
19 2
15 26
20 4
10 3
20 9
18 37
21 26
33 34
26 7
27 19
40 117
36 24
38 34
6 39
23 26
38 6
13 37
9 8
1 9
40 39
36 13
24 21
25 11
36 14
27 23
36 32
23 6
27 5
4 25
35 34
26 39
20 21
35 4
18 37
2 10
26 34
13 31
9 13
18 11
25 9
26 30
11 39
11 23
24 23
16 19
26 19
26 4
14 25
35 32
9 21
10 11
13 39
32 5
13 21
15 4
14 10
5 7
36 35
26 25
27 36
24 1
6 30
15 7
21 32
25 24
15 29
19 25
40 31
6 13
19 30
35 17
37 8
8 12
38 36
36 33
14 30
4 40
38 11
5 17
16 3
17 30
29 5
21 5
24 11
28 31
16 2
15 32
16 35
5 22
5 26
6 19
4 23
26 18
26 37
21 35
3 34
29 26
39 16
17 18
13 29
20 12
14 6
1 28
26 8
31 32
2 40
3 24
2 13
16 13
28 36
37 15
2 23
1 39
33 32
14 28
31 20
22 23
15 16
27 38
11 15
20 16
1 23
7 20
25 27
37 5
2 31
7 40
28 21
40 118
8 31
22 37
5 27
15 26
9 15
22 38
18 3
17 36
6 5
5 36
40 2
2 8
40 27
27 12
38 34
38 27
38 4
10 13
19 34
20 10
31 37
1 24
38 20
16 1
26 27
23 17
13 24
36 33
14 6
28 6
39 17
10 37
14 15
7 36
18 26
1 12
10 15
19 15
11 19
6 31
33 2
28 11
16 10
24 22
4 17
24 34
37 40
36 4
37 3
1 17
8 11
28 36
8 30
37 38
7 34
32 5
12 29
15 25
33 22
23 10
25 17
25 31
20 40
20 24
16 31
33 32
3 23
8 25
22 40
26 4
21 1
32 1
32 21
32 36
12 39
15 39
25 24
11 12
7 11
13 21
12 8
21 16
6 26
8 14
4 12
34 10
22 2
25 5
32 12
29 5
9 17
22 11
26 37
29 11
6 38
30 36
35 8
29 39
18 38
22 32
36 19
5 39
7 4
29 34
18 29
15 5
22 10
12 2
27 28
1 26
10 1
9 35
22 30
18 14
17 13
20 17
15 4
20 36
40 119
35 27
13 6
27 29
9 38
38 25
9 17
15 1
17 7
9 40
35 9
33 7
11 18
10 3
26 7
20 22
13 12
35 22
17 30
12 37
31 15
17 36
38 6
25 27
19 32
6 35
30 19
28 38
11 33
21 8
11 21
28 21
34 18
16 18
34 27
19 14
40 32
2 19
10 20
24 7
18 32
22 36
5 10
19 35
38 22
30 38
21 35
35 37
8 36
35 16
11 39
40 39
22 2
6 7
25 5
5 22
35 25
24 17
13 30
21 4
1 12
33 26
2 39
31 39
18 8
1 6
37 38
38 12
15 40
7 14
37 24
12 7
37 6
18 26
3 23
10 33
5 39
28 27
20 1
15 22
14 15
12 35
2 25
10 24
14 1
1 21
6 20
28 5
18 20
17 40
14 27
8 13
4 36
37 18
1 35
27 8
10 9
34 3
39 26
11 30
25 14
1 38
32 30
38 34
5 31
27 10
11 15
21 32
4 11
39 7
30 7
8 3
37 3
20 40
26 34
38 39
15 25
9 7
8 31
34 29
40 80
22 21
16 33
11 29
20 9
22 10
32 20
8 31
20 17
2 38
17 13
25 21
1 19
4 1
18 24
8 9
6 39
32 31
26 20
25 29
29 33
11 8
31 39
13 24
4 5
40 29
28 16
11 34
28 6
14 13
37 15
28 19
23 16
23 4
12 31
1 9
11 17
1 29
40 24
4 26
19 8
31 35
4 15
23 12
16 18
16 4
16 38
38 1
18 17
12 11
12 13
21 39
9 30
14 10
22 33
1 8
1 23
13 34
14 6
14 5
7 1
11 28
16 3
18 34
19 3
3 7
5 12
1 2
16 8
16 37
20 6
29 3
30 6
38 29
20 29
14 26
34 21
10 17
30 7
3 2
15 16
40 81
1 38
35 30
38 6
36 13
14 23
3 13
32 19
36 39
7 16
29 18
9 22
16 24
38 36
9 24
8 20
35 6
31 27
8 33
1 9
8 5
40 23
35 36
32 5
21 29
28 39
39 3
38 39
8 24
29 38
22 33
33 20
33 27
1 19
8 14
5 34
26 9
7 37
39 8
17 29
4 17
10 22
39 19
1 28
31 22
28 20
1 30
20 12
10 20
15 14
26 13
26 25
33 37
15 19
30 3
3 6
28 11
37 5
36 7
8 9
32 15
40 29
2 36
18 10
8 17
33 18
28 29
22 40
13 14
4 12
26 18
26 30
17 18
24 18
9 38
26 20
32 40
39 24
28 4
20 31
15 3
27 40
40 82
2 22
25 33
19 15
29 19
33 16
35 13
38 24
26 4
6 29
33 31
40 35
40 21
36 29
39 38
34 20
1 5
11 16
26 27
1 8
39 17
19 24
6 20
6 19
28 12
15 34
38 10
6 11
38 1
30 29
7 20
2 12
23 19
30 19
33 23
16 14
38 9
11 21
24 20
35 27
40 14
35 34
27 16
4 12
36 25
5 27
32 12
19 20
16 20
39 14
25 27
4 15
37 26
22 26
3 5
5 10
32 21
3 14
13 20
37 2
5 7
23 7
16 38
21 37
12 19
19 18
31 5
38 6
27 37
10 14
31 29
31 14
23 4
35 16
8 18
15 10
33 7
18 35
23 9
13 6
37 9
7 29
8 39
40 83
15 24
8 7
31 35
1 10
31 34
6 3
20 39
34 36
37 15
4 28
36 25
16 23
35 14
20 21
13 34
13 32
25 12
23 22
34 1
6 23
27 11
8 21
19 23
12 21
34 35
20 6
40 6
36 33
4 8
36 35
13 22
31 30
1 38
39 16
18 31
16 18
23 17
40 2
35 9
15 34
30 26
31 32
29 28
13 29
6 30
33 16
40 11
26 20
31 2
3 21
7 13
19 8
1 28
25 2
32 11
6 25
31 5
32 3
27 38
2 8
1 8
12 5
26 3
7 28
36 2
24 40
39 21
39 31
30 12
35 27
20 24
30 39
36 5
6 32
2 1
33 34
36 13
3 9
4 25
14 3
16 5
30 9
7 6
40 84
30 26
8 28
9 12
17 11
29 40
16 8
32 33
15 26
7 6
30 38
37 12
15 9
8 40
33 29
40 11
3 1
16 33
29 37
13 36
29 2
16 26
31 30
31 34
37 8
34 35
9 35
22 20
34 15
10 23
25 7
25 8
39 10
21 37
22 6
18 38
33 11
40 2
10 29
9 36
9 3
27 24
28 15
17 18
24 23
24 13
13 21
18 15
26 6
27 19
4 38
15 19
25 35
11 3
30 29
14 39
24 4
11 19
2 10
5 18
40 16
36 6
28 36
4 17
30 15
4 21
13 5
15 7
35 30
11 28
5 9
40 15
1 19
40 34
9 28
35 29
17 15
37 15
27 26
37 28
4 28
26 25
34 5
26 13
30 36
40 85
32 1
31 3
2 40
12 16
9 7
6 10
11 4
26 1
27 34
28 3
24 38
17 28
19 38
18 17
7 33
1 17
14 24
27 10
2 6
7 26
26 10
9 34
31 8
15 19
30 20
33 34
25 18
36 38
12 7
19 39
25 20
34 20
26 21
13 12
18 7
39 11
30 28
10 11
7 8
14 31
40 6
21 7
34 24
6 17
32 27
28 6
28 27
9 10
40 32
23 19
37 38
19 17
31 15
19 2
20 27
23 30
5 37
17 3
3 34
11 16
8 22
11 31
28 38
23 12
33 17
22 14
33 37
21 4
35 4
32 9
6 1
28 21
20 7
5 12
38 30
29 7
23 22
28 8
7 5
28 11
12 1
18 40
30 11
36 19
32 12
40 86
16 18
38 36
20 6
8 29
31 10
17 31
16 19
20 12
16 39
10 11
25 22
25 27
25 14
32 20
16 33
7 40
5 34
36 37
34 33
16 24
16 13
8 34
34 38
31 27
15 14
40 32
1 9
7 31
24 28
31 38
36 28
34 6
12 5
13 24
22 21
36 10
3 21
22 40
30 2
39 25
2 21
16 10
11 20
29 3
7 13
6 12
39 31
2 25
12 15
24 11
5 17
30 11
3 14
17 10
18 9
5 31
23 31
39 6
36 29
19 31
32 1
11 14
15 6
17 11
5 21
19 5
12 1
33 1
2 10
6 2
16 23
20 19
27 13
8 6
21 32
37 20
4 38
1 37
7 6
27 8
35 21
4 1
7 21
36 4
28 6
27 30
40 87
15 26
21 23
29 24
19 37
34 36
33 18
31 2
28 13
23 40
33 13
4 12
23 33
1 18
7 34
22 14
16 26
36 19
24 27
22 10
1 40
2 24
38 29
2 19
21 29
20 19
12 23
7 6
35 9
10 39
36 13
21 30
19 22
24 9
38 25
8 2
5 1
20 31
8 13
5 20
7 30
34 3
5 29
13 40
15 12
22 7
33 29
8 33
12 34
5 8
23 35
32 3
3 4
35 30
20 36
37 12
17 20
30 33
39 19
27 8
27 10
38 23
15 23
35 11
24 16
18 7
17 11
40 25
17 36
9 10
14 20
32 8
27 12
15 33
3 16
2 7
15 18
15 6
33 9
9 28
4 38
5 2
10 11
6 28
35 18
27 1
8 7
18 24
40 88
38 27
34 18
37 32
18 11
38 39
35 37
5 37
32 18
11 10
30 40
29 25
31 8
11 15
28 5
37 27
16 30
36 8
34 38
39 10
15 16
1 11
30 17
26 36
18 23
2 34
13 8
29 7
39 23
4 35
10 20
10 12
39 8
4 8
28 30
25 3
33 19
9 14
28 33
26 1
29 27
12 7
13 33
23 1
24 29
16 8
16 14
18 13
37 9
40 38
37 29
18 28
7 17
9 2
23 4
38 3
18 20
28 14
11 24
33 10
31 15
7 27
26 37
2 1
15 4
26 34
31 18
37 17
7 14
30 26
3 20
6 25
6 11
11 40
19 15
31 21
8 37
29 3
36 5
33 7
8 22
3 16
21 29
32 3
36 13
14 25
38 21
17 27
24 26
40 89
1 12
10 26
27 5
32 1
9 20
10 24
18 16
30 29
19 13
13 4
10 34
38 2
13 29
13 9
31 28
1 18
1 38
16 34
8 31
16 13
1 2
3 21
16 30
8 21
35 6
28 22
37 20
5 26
18 26
34 18
30 4
27 40
1 27
25 29
33 31
17 23
30 17
23 37
19 38
30 21
5 1
5 37
29 6
3 14
31 17
38 24
14 36
28 9
31 27
31 9
37 38
19 11
4 36
12 15
23 36
11 18
7 20
31 24
34 6
39 8
26 39
7 28
16 2
29 38
26 4
17 18
40 12
40 26
34 26
11 2
20 39
32 33
35 2
29 35
12 30
13 37
36 25
25 21
5 11
29 33
8 32
3 22
13 32
39 21
33 6
11 9
27 21
40 7
11 17
40 90
31 36
40 20
18 1
20 1
37 15
27 38
34 26
16 38
21 15
26 16
22 12
27 33
35 1
18 35
4 21
31 30
20 15
28 20
38 34
31 27
11 19
16 24
20 35
14 13
6 36
5 8
19 29
12 4
13 7
5 22
4 15
19 1
37 19
21 25
23 35
5 18
5 6
7 25
8 37
3 18
10 23
3 27
4 26
19 20
3 36
37 31
12 6
2 22
26 27
17 18
31 9
12 25
1 32
28 23
2 15
22 24
1 10
14 8
29 26
27 22
18 21
15 14
10 32
5 15
1 23
28 6
9 35
31 16
6 38
12 9
9 28
32 28
31 22
40 34
12 36
13 29
7 18
13 24
26 11
35 29
37 28
23 29
32 15
36 39
12 32
33 20
38 8
30 35
37 22
36 17
40 91
33 32
8 37
6 32
16 20
6 4
20 4
6 19
26 21
11 3
14 13
33 20
36 31
39 16
34 11
26 15
34 9
21 31
27 22
2 22
1 36
19 17
39 38
33 38
6 2
27 38
8 19
28 29
2 33
13 38
2 19
33 25
23 24
36 38
30 37
1 8
17 39
21 22
3 8
27 28
40 21
28 2
21 1
17 13
11 40
18 32
5 37
40 24
38 21
4 23
12 1
21 5
16 6
18 7
35 22
38 4
31 3
10 27
22 17
19 36
8 27
35 4
32 30
34 2
11 18
7 36
12 4
4 32
33 34
10 18
11 27
36 17
28 8
16 3
13 39
28 17
34 29
26 36
29 24
32 19
17 25
37 38
21 32
9 5
10 21
6 20
4 5
8 24
14 9
14 25
27 17
6 37
40 92
20 27
12 33
25 12
36 12
1 4
35 4
14 8
30 16
20 9
9 33
24 33
31 19
35 37
14 3
36 7
35 11
38 31
29 28
19 16
10 37
38 7
35 22
4 15
31 25
7 13
19 3
38 4
40 1
2 3
31 8
29 30
23 27
1 27
13 9
17 10
11 14
22 3
31 33
10 4
38 37
4 16
13 21
18 36
4 25
1 8
6 32
17 3
21 37
40 32
35 27
11 23
40 12
34 8
16 25
36 33
13 31
7 23
5 26
16 32
7 28
25 34
20 31
12 38
15 29
16 5
12 16
2 15
11 3
37 23
2 40
6 4
30 11
36 25
19 5
21 27
7 11
32 21
26 8
5 22
1 24
6 15
28 31
38 9
2 26
34 13
34 15
17 31
8 21
17 30
27 38
36 22
28 16
40 93
5 2
8 19
4 10
38 15
35 18
13 31
36 16
35 11
38 9
9 24
38 18
34 3
36 30
27 40
37 12
29 12
22 23
31 2
30 8
10 9
21 9
23 15
6 5
5 13
25 38
24 29
36 10
20 40
7 9
1 26
8 16
39 21
36 39
23 28
26 29
10 34
17 15
19 20
7 30
17 37
12 13
11 28
19 22
24 18
22 4
9 17
32 1
15 28
35 1
5 9
1 25
25 40
19 6
26 8
27 7
7 6
21 6
38 2
8 4
14 8
32 12
25 17
17 22
8 39
15 14
23 14
32 21
20 28
18 3
1 4
29 18
26 25
15 18
21 22
27 19
24 20
38 11
33 30
37 5
4 40
30 1
31 8
11 29
6 28
21 15
20 3
24 2
16 7
18 31
15 2
36 26
27 22
24 34
40 94
14 31
17 10
24 19
10 2
24 8
15 34
20 33
25 35
28 39
9 2
20 6
24 31
27 26
16 23
7 27
6 19
23 31
19 2
8 28
16 35
23 12
37 5
10 35
4 21
26 3
12 16
18 31
25 12
30 11
39 31
17 12
40 14
36 4
24 34
25 9
14 4
39 5
36 32
13 12
6 25
37 39
10 38
29 15
24 23
26 18
29 9
39 8
35 1
31 20
23 1
20 24
27 11
10 6
6 34
24 17
38 13
1 14
9 37
11 1
14 37
29 13
9 23
30 19
35 27
4 33
33 35
28 23
35 18
31 35
20 18
22 21
39 23
19 35
39 17
2 18
6 16
22 36
13 26
32 4
5 9
34 39
35 24
32 1
3 2
29 34
11 10
27 28
1 21
40 8
40 39
14 19
38 24
20 10
8 10
40 95
5 19
16 28
3 14
11 27
9 26
33 34
37 11
11 14
35 17
25 27
24 28
24 20
17 28
15 29
7 21
22 28
5 7
40 34
4 35
29 30
26 23
12 21
23 21
15 24
7 16
23 39
20 9
17 31
10 17
31 3
30 2
6 34
22 40
22 6
36 8
2 13
38 24
9 10
37 31
39 3
18 2
18 4
1 12
26 7
23 34
5 34
1 40
12 26
32 8
17 8
1 5
29 26
18 39
12 28
35 29
6 37
25 26
33 29
6 13
6 19
33 14
17 11
29 31
12 11
17 23
21 19
6 27
11 15
3 7
34 28
28 19
10 22
18 36
22 15
16 18
6 4
25 39
15 19
34 16
14 8
26 17
30 39
40 31
27 26
10 27
22 36
10 6
25 17
22 25
38 39
32 1
1 37
5 39
36 13
40 24
40 96
7 2
4 33
7 36
28 1
33 20
7 9
28 13
11 26
8 34
32 35
10 16
38 16
7 37
10 27
19 29
16 36
28 8
27 3
25 26
40 13
26 6
33 39
1 16
4 1
5 11
21 20
34 38
40 39
18 14
38 39
29 11
11 36
17 30
25 7
19 32
13 7
8 31
9 31
19 23
18 28
31 34
9 19
22 28
30 15
35 16
11 19
28 27
37 14
38 15
11 40
38 32
3 6
3 34
31 30
36 19
12 34
20 14
20 12
3 30
8 4
19 16
8 33
1 10
13 21
30 24
11 1
39 3
12 32
38 2
40 9
22 39
20 40
38 36
15 6
12 8
25 1
15 32
37 3
27 21
31 4
8 37
29 2
21 36
21 23
9 5
27 1
21 18
23 31
25 29
12 16
18 10
22 18
24 8
15 17
22 25
27 5
40 97
11 7
25 12
18 22
26 34
1 6
24 7
6 25
18 7
23 9
26 18
39 37
32 39
9 38
36 26
9 22
31 8
34 14
20 33
16 27
3 20
26 40
40 9
24 17
13 35
36 7
13 32
29 33
3 17
37 20
33 28
4 30
3 14
4 24
35 3
16 15
21 35
35 6
6 40
22 11
22 24
12 35
34 15
35 24
29 40
26 24
35 34
13 21
33 37
32 31
19 32
16 9
3 40
18 34
17 1
7 26
20 19
23 3
5 12
17 15
7 35
40 38
37 26
13 26
28 5
23 28
33 25
28 20
23 27
12 31
16 38
2 22
12 19
11 25
25 15
18 16
12 14
28 24
15 22
10 20
5 34
1 27
9 20
22 8
21 40
14 4
11 18
13 15
33 14
23 16
23 4
31 17
31 30
30 23
39 29
3 8
14 25
8 10
40 98
31 12
34 38
32 20
31 23
33 19
37 13
6 37
7 10
24 21
20 26
13 1
21 19
6 28
3 29
11 14
1 4
26 3
5 12
37 31
29 23
18 14
6 30
17 8
2 11
1 2
36 37
25 16
25 36
8 34
32 38
9 11
36 13
17 35
9 6
4 36
37 33
11 8
3 6
36 35
27 5
37 20
5 6
22 35
31 27
1 33
5 17
11 5
15 9
14 25
14 33
31 13
35 14
32 36
33 32
22 3
6 24
7 40
6 33
22 8
8 26
21 34
36 34
30 7
3 11
38 14
20 16
11 17
14 40
33 21
28 27
26 28
38 29
31 3
33 22
30 1
26 27
19 16
20 21
1 10
3 34
1 9
13 9
26 29
39 3
39 8
29 33
38 21
29 10
19 5
5 1
26 18
16 29
4 31
19 30
36 23
35 7
30 11
25 27
40 99
31 36
16 38
26 23
10 13
10 39
6 15
33 29
37 14
12 22
5 1
19 20
34 12
6 12
6 8
30 7
9 24
16 10
17 36
4 14
18 38
35 18
7 4
30 28
5 37
13 29
18 31
34 1
25 17
23 19
34 29
34 21
33 1
24 1
32 1
16 28
25 7
2 14
20 1
39 5
14 13
37 15
4 31
23 8
26 6
16 19
15 32
40 34
30 12
20 21
24 34
28 27
37 1
5 32
14 18
24 4
28 32
36 40
17 27
16 36
37 33
38 11
24 22
19 25
2 24
28 15
5 29
38 13
33 23
13 15
34 26
36 2
25 38
29 24
29 12
38 30
1 6
20 28
27 3
6 5
28 37
19 30
35 15
17 15
37 8
7 36
24 16
29 21
24 13
12 25
15 31
36 11
17 11
33 16
31 9
9 12
32 40
19 2
9 3
32 35
40 100
18 17
4 2
36 11
22 21
8 12
22 32
9 25
13 6
3 40
13 29
9 32
23 12
33 7
20 25
29 24
4 30
38 13
20 7
32 25
30 38
39 38
1 39
3 25
27 10
3 13
39 4
29 40
10 24
39 28
40 24
2 25
21 38
24 2
22 23
34 20
31 14
34 35
37 18
17 1
15 40
16 12
15 14
31 5
5 30
8 13
5 15
25 39
2 10
26 19
9 40
28 21
15 16
6 23
18 4
15 19
20 21
34 36
17 15
27 2
28 11
31 30
24 5
36 28
17 3
25 27
33 31
37 20
32 40
26 39
24 20
20 28
20 30
12 4
8 15
25 33
7 5
25 26
14 36
38 28
31 21
33 5
14 13
38 6
16 6
2 19
6 25
9 22
24 26
7 6
13 20
32 28
13 9
35 39
37 33
31 24
30 16
11 12
39 8
13 26
33 8
40 101
12 3
29 40
26 2
11 29
12 31
15 7
23 39
13 6
8 29
5 26
13 14
31 4
1 5
29 15
8 24
22 28
25 19
33 7
40 37
37 20
29 31
17 25
25 34
36 33
6 28
11 17
8 6
4 36
18 11
5 2
3 19
8 37
14 25
9 15
13 32
24 33
26 22
1 10
40 27
32 21
16 33
16 22
20 26
6 17
21 30
24 26
4 16
21 12
13 17
26 7
12 36
39 15
9 3
40 22
19 16
10 37
24 6
40 7
31 2
18 37
6 25
34 13
38 12
8 27
21 38
20 36
20 22
4 21
12 13
18 2
27 21
40 32
33 31
40 24
23 4
16 2
26 18
12 26
1 17
27 38
15 4
26 13
27 18
26 19
5 14
5 12
9 26
12 1
11 4
37 6
18 9
30 1
20 2
38 39
12 16
12 40
2 10
34 26
21 28
9 33
11 14
40 102
28 37
4 21
34 12
25 31
5 37
36 7
10 16
35 32
6 31
25 36
27 10
11 31
23 28
4 8
33 13
39 31
29 34
27 35
20 38
10 37
13 15
2 35
8 38
31 15
8 3
20 26
4 1
8 39
29 30
24 18
14 8
40 8
20 28
30 35
32 19
8 23
26 23
33 34
18 26
24 4
35 15
22 24
6 22
31 2
36 30
13 38
28 8
30 28
29 5
13 5
7 13
10 9
29 11
27 36
9 38
37 7
20 35
35 11
14 6
40 23
9 29
18 14
33 16
15 19
1 11
24 30
17 29
39 28
19 6
2 24
24 16
12 6
35 22
9 26
40 32
38 29
22 9
36 31
25 19
15 39
37 3
39 22
19 27
18 28
1 39
39 17
34 5
18 33
37 40
32 38
32 10
12 20
4 26
32 3
31 1
7 2
40 13
17 30
37 12
3 4
12 36
20 10
40 103
4 8
40 17
34 23
29 18
1 6
29 31
17 19
10 26
38 16
39 25
1 3
34 27
1 35
20 12
14 27
6 14
11 10
8 25
2 27
35 12
31 35
16 39
16 26
26 3
8 1
18 14
14 12
30 29
37 39
10 20
39 32
22 12
3 22
31 20
3 38
3 16
32 40
24 16
36 4
36 32
30 32
19 27
38 21
27 31
18 38
37 24
37 18
17 12
33 19
22 5
39 35
21 31
20 9
3 11
25 6
21 22
17 27
34 24
31 26
40 36
12 10
34 29
20 15
8 31
30 5
37 35
35 7
25 38
12 13
8 21
1 11
30 28
4 29
20 39
30 19
21 37
9 38
25 30
39 1
13 23
25 29
10 33
28 14
27 38
21 4
16 8
21 2
2 3
20 28
7 32
28 17
17 15
17 4
6 10
3 8
37 38
4 3
25 5
21 34
2 34
16 14
21 28
2 6
40 104
13 21
12 11
15 19
17 38
22 10
14 26
12 38
12 40
18 6
13 7
8 34
31 25
33 31
13 27
24 18
32 28
21 17
35 27
14 11
13 26
3 12
9 25
28 29
17 6
3 4
32 3
35 22
32 20
16 14
5 37
8 31
31 32
1 13
36 18
39 40
7 16
24 10
26 15
39 26
38 32
23 39
28 37
29 25
34 15
7 6
5 11
9 15
14 15
25 24
13 17
16 27
30 6
21 27
30 36
36 5
40 21
21 20
20 24
25 1
37 40
15 29
14 33
1 4
4 23
1 27
1 18
39 30
7 23
20 17
40 16
15 39
27 40
18 19
27 33
9 30
19 25
38 22
35 26
14 1
3 31
34 40
20 19
4 36
28 11
12 31
1 5
6 35
26 24
20 4
29 13
2 38
39 33
18 29
32 15
9 11
6 10
2 21
39 8
4 13
7 38
5 34
7 31
9 35
26 5
40 105
25 12
38 32
8 14
10 29
31 2
10 20
24 39
9 14
38 11
26 32
27 35
13 31
27 29
11 10
17 6
18 22
33 6
4 33
37 36
8 34
3 11
12 37
35 16
28 29
6 29
2 14
9 7
40 29
40 20
18 1
25 19
18 29
17 4
4 31
37 17
32 17
1 35
3 32
37 26
34 29
1 9
20 24
31 32
6 31
4 36
27 33
14 32
26 2
17 8
19 11
13 21
16 29
21 23
15 10
19 27
10 4
34 14
17 18
10 22
38 4
36 25
25 1
39 36
8 6
21 6
27 26
24 16
7 39
7 30
28 11
15 35
11 35
33 15
11 26
14 20
19 39
25 33
12 27
5 9
29 5
4 5
9 40
6 12
19 15
3 27
14 15
1 14
31 34
30 40
13 26
26 20
33 18
2 38
33 9
16 19
2 17
10 37
35 30
29 7
14 30
35 32
2 15
2 5
18 12
4 14
40 106
31 27
5 31
18 5
3 2
30 20
10 39
2 33
24 20
18 23
9 11
35 25
39 8
30 11
4 23
17 30
2 12
40 35
20 16
14 34
29 37
17 3
1 26
1 14
19 38
13 8
6 19
35 36
24 13
7 2
4 8
2 9
24 23
4 29
28 8
7 32
24 16
30 16
24 38
17 37
35 12
13 18
28 20
6 13
11 7
31 14
31 30
27 8
29 27
10 27
1 21
38 40
28 38
26 7
6 17
20 19
9 5
35 30
27 4
2 28
15 17
18 37
22 6
22 3
5 25
27 37
37 11
29 34
39 40
23 9
5 3
40 15
8 6
12 40
40 20
29 1
16 17
35 13
33 31
34 23
4 26
10 20
4 2
23 16
12 23
22 2
22 15
21 23
36 25
36 38
20 25
1 5
16 12
31 2
19 23
36 13
17 9
22 27
1 18
40 23
9 10
4 3
6 37
32 36
21 35
35 27
21 17
40 107
7 10
2 3
15 22
10 9
38 2
19 21
19 38
23 11
29 16
6 27
7 5
19 36
1 20
31 24
38 36
16 10
24 38
15 39
13 32
11 2
33 14
8 31
31 7
26 14
5 24
25 34
39 10
15 4
36 29
9 31
23 32
20 27
32 18
35 34
10 34
14 28
2 33
4 28
16 24
23 29
36 37
13 4
5 11
20 12
8 22
1 2
8 12
4 35
28 16
40 21
14 23
33 6
6 3
11 20
25 21
24 21
24 8
29 3
24 30
18 11
6 18
38 21
18 27
28 39
1 37
27 23
3 31
28 19
6 15
33 26
22 16
1 38
34 28
28 6
13 27
36 13
15 12
19 15
7 3
27 3
35 37
8 32
24 35
31 18
7 16
7 6
11 14
1 19
37 38
11 4
31 2
14 10
34 26
21 37
23 1
31 4
39 16
3 22
12 28
9 16
13 17
39 6
20 21
28 26
1 9
30 17
10 22
40 108
10 29
17 32
22 39
32 5
35 23
12 13
18 28
30 36
16 22
25 28
1 18
35 2
36 32
39 17
11 22
6 35
37 28
30 17
9 3
25 35
14 2
15 5
23 5
38 27
1 31
39 28
16 40
38 25
12 8
34 8
12 15
3 37
1 5
35 36
29 25
20 17
24 4
28 30
14 16
27 31
14 32
29 5
25 21
4 10
26 23
21 30
15 25
34 35
11 8
22 24
30 7
31 2
9 5
8 6
33 23
21 22
5 18
1 30
2 24
10 30
19 13
7 34
21 11
36 38
19 4
2 19
29 30
9 21
18 35
22 35
5 13
10 8
38 22
7 23
12 23
6 12
29 32
38 37
2 3
28 1
6 10
35 20
14 36
26 39
29 37
29 17
11 31
1 24
33 22
25 14
1 12
36 23
34 14
7 6
31 9
38 29
29 11
40 1
36 19
12 30
36 18
30 24
19 20
9 33
38 30
37 17
3 18
40 27
40 109
31 18
36 5
11 13
21 32
6 5
40 18
35 25
30 23
14 31
23 10
20 37
10 21
19 32
7 6
18 8
5 30
24 26
26 37
40 33
6 13
30 10
8 33
34 21
20 33
27 32
11 10
37 27
31 30
5 7
13 27
19 30
25 33
32 31
19 39
35 22
15 25
22 20
31 27
19 17
40 36
19 3
9 17
3 10
13 18
17 28
13 9
7 23
34 35
22 2
6 22
18 35
2 21
6 19
10 8
28 39
7 17
6 8
21 19
4 35
1 20
28 29
33 4
39 11
14 9
15 32
26 18
25 2
29 4
21 20
8 30
1 26
5 27
3 14
11 28
21 5
4 24
9 8
18 16
39 20
11 1
4 30
23 33
20 4
27 34
16 27
13 17
25 30
7 33
37 3
18 11
12 13
38 27
14 10
20 13
23 9
16 9
35 36
31 23
39 7
36 31
2 31
34 33
14 7
14 37
1 5
15 29
40 24
35 31
26 4
40 110
15 16
33 17
40 32
9 16
10 29
23 26
29 18
13 6
36 8
16 5
18 24
23 19
14 15
17 38
17 35
27 40
23 16
22 13
38 9
35 34
34 28
4 35
39 1
18 16
3 24
35 37
24 25
14 11
29 36
11 30
21 28
20 34
23 31
11 3
3 12
40 9
19 13
6 14
35 12
1 14
23 1
38 7
37 38
25 7
22 23
36 3
17 23
40 17
35 6
38 36
16 27
36 23
14 31
16 4
38 22
22 6
2 1
33 32
20 1
29 11
1 30
39 21
12 36
27 26
38 27
31 3
29 23
23 37
35 7
14 18
5 7
2 5
8 2
9 15
3 17
1 40
16 19
33 7
29 26
30 31
2 13
25 26
10 32
12 25
11 10
21 5
1 22
37 8
19 31
12 31
21 35
19 26
4 13
20 19
14 21
9 8
20 26
38 14
24 26
22 8
8 32
5 26
5 24
23 12
33 21
33 14
32 15
14 8
29 33
36 15
40 111
13 36
10 27
19 34
16 7
40 13
28 9
1 23
6 29
37 5
32 10
4 19
20 21
15 30
31 8
6 5
13 14
37 3
35 39
8 35
12 32
32 38
19 22
22 20
4 24
36 2
24 36
14 23
18 22
2 22
12 16
30 19
31 29
40 25
23 26
30 8
14 20
22 21
30 12
18 24
17 11
2 33
33 34
8 40
25 29
22 37
20 36
38 11
19 13
18 21
21 4
19 16
39 24
27 17
40 27
3 22
37 7
1 38
12 25
30 35
35 9
1 39
6 19
4 40
38 36
10 4
36 27
4 28
16 5
38 13
37 28
29 20
21 27
20 5
28 32
27 14
12 13
23 8
28 18
38 22
15 23
19 15
29 21
12 36
12 15
29 37
27 22
17 20
1 16
14 36
20 1
18 38
26 22
2 29
22 6
35 22
6 36
11 5
15 13
8 16
12 18
28 16
11 8
2 8
36 33
1 6
17 18
23 22
5 2
29 38
26 13
40 36
40 112
8 25
31 20
16 21
38 24
14 4
32 10
3 32
25 11
30 4
12 16
10 3
32 22
2 12
27 8
37 18
32 13
27 14
12 1
13 36
21 19
34 36
29 33
38 33
22 23
37 15
33 31
19 39
38 34
24 34
22 14
33 10
14 34
21 17
35 3
37 29
1 18
17 37
5 40
23 12
29 27
26 25
23 6
38 10
13 3
26 9
14 15
12 20
16 26
6 37
32 39
37 12
36 8
29 12
22 12
32 18
13 15
13 20
30 8
9 32
28 11
11 31
22 6
9 7
28 9
37 39
2 34
12 32
18 14
26 3
10 21
31 9
20 21
16 5
5 28
38 40
35 27
37 36
11 1
31 5
9 1
3 16
2 3
40 8
6 26
35 22
38 25
11 12
1 26
2 16
29 39
1 20
28 12
22 21
27 16
26 12
23 30
2 40
5 37
19 23
32 19
40 23
4 26
6 29
1 36
13 18
3 38
20 4
21 5
26 7
28 24
31 27
18 25
40 113
17 16
2 25
38 34
26 2
33 34
36 5
29 13
7 21
13 21
32 26
27 26
34 28
11 28
18 34
23 6
20 39
31 3
12 5
34 30
36 39
16 14
19 28
19 35
2 28
33 9
30 29
16 4
31 28
13 7
40 24
1 15
16 27
26 28
29 38
13 24
24 15
18 39
40 21
6 2
31 27
32 5
27 3
33 39
29 1
13 11
29 35
32 6
36 23
17 40
4 23
24 20
37 10
28 24
14 35
10 4
35 31
29 31
38 27
11 2
11 12
32 18
35 7
12 33
14 10
9 26
5 7
20 7
1 2
14 1
22 13
8 16
30 4
4 8
24 23
3 32
11 5
20 9
20 2
12 20
23 16
34 36
29 36
31 10
18 12
13 26
28 21
26 12
22 28
5 34
29 18
3 24
19 33
17 31
4 35
13 9
32 16
15 37
6 15
27 21
33 31
6 3
19 1
7 23
40 37
14 30
7 8
1 23
3 26
9 35
34 21
2 18
21 23
31 4
40 114
6 1
36 23
12 2
13 17
11 35
40 29
35 25
36 40
8 11
11 26
16 14
3 29
27 17
12 13
15 17
37 8
29 18
23 31
13 26
1 21
33 36
38 16
38 34
22 10
12 11
14 18
18 28
36 21
31 1
3 20
29 27
15 40
19 4
26 20
10 6
31 6
9 40
19 8
7 37
5 30
10 9
38 27
24 16
7 27
10 15
39 36
15 34
16 7
22 20
2 33
34 10
37 28
27 36
31 15
32 21
30 26
24 13
10 39
32 29
26 32
20 19
40 25
18 35
3 9
4 40
37 24
24 8
7 29
31 34
21 9
32 8
30 28
5 9
18 3
28 11
6 22
20 24
38 18
3 32
8 16
2 35
34 24
39 15
28 16
20 31
27 10
15 35
4 24
36 12
36 17
37 10
22 23
24 18
5 25
26 1
28 23
19 6
17 30
32 14
5 4
22 11
6 5
21 37
22 37
35 29
21 30
22 26
1 9
36 3
33 15
23 12
24 32
13 19
15 32
40 115
33 26
28 14
6 22
9 31
33 16
30 13
6 29
17 3
11 10
4 14
39 40
25 24
30 26
40 26
1 38
19 11
34 14
8 1
26 3
14 21
19 33
11 7
24 29
36 4
36 11
3 22
14 10
1 5
6 37
15 34
8 25
7 29
29 3
9 35
40 38
40 3
34 21
37 38
12 1
6 34
39 22
11 39
32 12
16 23
33 25
32 27
19 35
32 33
5 18
12 5
21 40
10 29
31 26
2 3
6 17
29 27
29 1
14 39
5 34
10 12
2 30
37 30
32 25
27 19
29 4
17 9
6 32
19 6
13 35
38 28
21 20
38 18
40 8
30 34
14 16
40 20
5 6
1 18
31 30
15 2
35 33
9 26
4 5
37 32
5 36
24 23
27 10
40 29
25 12
18 19
17 1
35 3
22 23
9 16
3 7
8 21
28 12
8 12
19 3
38 34
36 35
10 32
15 31
22 29
2 40
5 16
40 23
5 40
18 32
2 39
7 14
25 14
20 28
6 13
10 24
40 116
6 33
16 5
34 11
25 16
32 21
12 11
37 10
2 15
18 26
7 23
5 19
31 39
40 21
28 37
17 15
31 18
11 7
6 25
24 5
19 28
3 17
6 13
39 1
28 7
5 39
5 31
35 34
38 27
33 36
10 17
35 26
23 21
40 29
29 20
29 3
6 20
21 33
37 23
36 20
17 5
6 34
32 1
26 8
39 16
32 31
35 22
27 8
4 15
6 32
17 1
14 31
18 17
19 33
12 36
3 32
29 1
24 35
19 35
1 35
20 9
28 39
5 32
3 37
6 23
1 20
29 10
14 11
13 9
14 16
15 26
35 37
22 30
23 31
36 27
3 34
29 16
21 3
1 40
21 34
4 1
32 16
40 11
27 25
4 8
2 35
9 15
30 19
12 33
26 4
11 20
16 17
25 4
2 11
31 9
8 31
19 26
31 15
9 28
24 38
22 1
26 9
11 23
29 35
32 15
21 24
19 20
8 14
12 38
6 7
36 38
4 3
7 40
38 2
33 4
12 20
37 40
40 117
22 27
15 35
31 30
6 29
31 8
23 26
12 4
3 32
2 7
26 9
26 11
30 19
39 29
10 6
19 1
22 24
29 12
6 14
34 3
31 18
9 1
38 18
35 29
18 14
20 33
10 9
15 27
39 7
34 33
6 8
35 36
30 10
36 37
5 20
33 23
14 34
28 4
23 19
40 23
13 38
22 35
22 16
4 21
8 11
23 36
32 19
15 24
16 10
39 17
11 5
22 5
36 4
32 21
1 24
39 5
25 17
17 13
4 15
19 15
37 28
26 22
1 38
11 38
15 13
3 27
6 35
19 18
12 15
38 32
20 7
24 8
38 15
1 20
28 2
40 39
13 29
16 21
36 11
1 32
22 30
25 3
8 17
5 13
20 10
1 40
17 6
31 32
20 35
3 8
33 4
10 39
10 23
35 30
21 39
1 14
8 12
30 26
3 18
25 40
40 36
21 36
6 21
29 16
34 26
39 26
22 39
4 1
31 37
13 22
38 39
29 19
36 39
17 29
1 17
19 39
17 18
15 26
40 118
10 11
7 15
2 33
24 37
25 14
33 32
2 7
22 17
9 11
16 20
5 28
32 24
15 25
16 5
4 32
23 40
35 30
24 10
3 23
4 18
30 2
10 3
38 28
33 40
9 35
35 21
36 16
38 6
30 13
15 13
27 17
1 24
40 3
15 28
25 24
25 26
37 14
12 13
12 14
29 30
26 21
10 6
30 4
10 30
21 5
26 28
13 21
1 20
28 9
39 11
31 36
35 36
17 34
3 17
6 7
3 25
38 37
25 8
20 33
4 15
3 13
38 21
20 18
35 16
38 36
35 7
7 17
33 22
39 37
16 33
37 29
30 22
37 26
32 31
25 39
35 18
11 25
17 6
35 10
28 35
39 5
12 35
1 17
6 29
20 10
31 3
15 26
21 19
18 37
32 40
40 17
38 7
34 14
28 27
14 28
37 2
28 6
32 36
2 36
19 24
23 30
15 32
19 29
33 14
28 23
2 1
5 6
27 13
26 34
39 31
1 15
7 21
29 22
34 2
4 3
7 9
39 2
30 40
40 119
2 31
34 18
7 31
26 12
28 6
3 31
35 36
36 27
40 17
11 9
6 8
11 35
27 13
15 36
7 36
7 11
3 17
33 12
31 22
21 39
31 34
32 33
27 8
24 1
16 30
7 23
28 26
36 14
33 17
15 1
26 17
6 34
14 8
29 25
8 22
16 29
25 17
37 8
25 16
29 28
36 37
40 2
26 27
27 21
30 22
30 17
6 29
9 35
5 11
11 37
11 12
20 39
33 34
3 7
8 26
14 15
6 13
27 38
2 18
19 23
6 9
12 6
4 3
38 36
9 25
18 39
38 21
10 11
3 21
38 37
25 22
28 9
32 23
8 34
35 21
21 22
27 30
17 10
2 3
28 17
23 26
20 29
6 15
39 35
9 38
19 31
26 33
36 29
34 3
12 10
6 5
1 39
31 28
28 1
15 16
32 3
3 16
6 20
7 20
37 21
1 38
15 12
21 29
28 36
17 35
21 15
37 33
33 19
8 4
25 19
13 26
21 4
39 3
17 18
34 36
7 35
36 23
30 36
22 15
40 80
27 19
21 1
8 4
26 29
29 23
13 29
39 17
22 35
10 34
12 36
23 7
4 28
17 36
8 17
5 39
22 32
27 3
25 1
10 6
15 6
19 23
5 8
19 34
19 11
5 23
22 11
16 1
26 32
14 9
23 36
36 10
8 27
40 22
21 32
12 23
20 36
34 31
2 24
39 10
8 14
16 35
40 6
11 29
7 1
34 14
28 39
22 23
1 37
32 12
28 23
33 37
35 36
10 20
20 15
35 15
24 29
35 4
12 16
1 18
15 13
35 32
28 11
19 2
15 39
31 37
31 15
38 16
29 38
23 3
21 34
4 21
1 19
32 29
18 19
14 20
16 14
36 14
14 29
32 31
21 29
40 81
25 11
22 12
1 33
8 15
4 27
15 29
7 12
27 2
8 30
22 30
17 18
29 6
28 38
13 2
32 31
7 20
10 35
7 30
1 24
8 3
15 4
40 38
23 28
39 20
1 27
11 28
18 13
28 24
5 25
28 5
30 19
9 35
6 2
27 26
29 19
32 24
18 25
7 3
1 23
29 7
1 14
25 6
14 10
16 24
26 28
34 18
12 2
7 38
31 12
25 35
14 33
37 27
12 38
20 34
7 27
19 9
23 15
29 12
7 18
23 9
12 8
10 21
13 20
4 30
5 22
5 7
13 5
18 37
15 28
39 10
14 3
10 23
39 4
5 30
15 16
21 34
23 3
17 12
22 2
30 34
31 6
40 82
31 29
12 40
35 6
13 17
21 17
13 16
10 4
19 15
16 40
21 12
33 26
13 27
5 17
12 10
39 38
36 38
37 38
14 26
5 27
4 35
9 26
18 22
30 36
30 2
15 32
34 35
8 16
2 33
10 24
38 7
8 27
8 6
23 6
5 31
4 38
10 17
26 29
20 9
28 11
14 40
28 39
33 31
11 22
25 31
35 2
40 39
6 37
28 6
19 10
13 32
35 24
18 27
19 18
34 23
21 23
10 14
39 5
33 24
13 4
8 32
28 17
21 32
8 14
17 6
31 3
1 3
12 8
21 13
37 3
36 14
16 19
23 14
11 12
24 11
36 15
2 28
27 33
18 12
9 8
24 36
35 1
23 24
40 83
1 34
34 21
36 4
22 10
1 30
14 22
38 34
38 16
31 32
20 38
36 17
33 29
39 28
10 30
4 7
20 1
19 30
16 21
20 3
16 35
26 39
12 8
27 7
15 6
1 24
33 9
14 32
20 12
33 36
29 4
2 33
27 14
15 37
25 38
7 37
9 10
15 5
19 25
6 14
36 38
17 13
31 27
28 16
17 32
1 17
7 20
40 32
28 36
8 13
33 22
6 38
14 25
13 19
28 27
20 15
35 36
21 15
8 3
33 13
23 7
16 3
20 21
28 6
34 24
31 22
18 33
40 15
2 7
30 21
5 29
35 15
9 31
40 37
30 15
3 27
10 13
13 12
14 23
8 23
36 30
15 2
2 24
15 14
40 84
20 31
24 26
21 7
34 21
25 15
32 6
30 16
32 18
15 23
37 36
34 29
35 7
28 20
31 3
1 39
22 24
37 35
32 31
26 12
31 17
7 24
15 16
12 1
14 6
8 31
34 27
3 37
27 25
23 36
38 18
10 30
17 9
27 35
32 30
39 34
30 26
38 25
14 15
37 15
40 39
25 23
3 32
40 12
1 32
21 37
18 2
7 27
28 26
7 39
27 8
35 1
38 15
32 39
33 17
11 40
3 23
34 36
37 33
23 4
34 5
15 13
16 8
36 4
38 30
12 25
28 30
29 28
18 35
40 2
4 29
11 9
9 1
3 7
22 21
18 1
5 27
6 38
28 3
38 13
12 28
18 10
30 25
34 20
12 20
40 85
29 15
31 35
11 23
15 1
20 21
9 8
22 16
8 14
37 10
9 13
15 4
13 37
2 23
2 18
17 23
11 33
19 8
5 2
23 1
20 24
40 2
9 38
5 22
19 15
36 29
22 15
30 11
14 6
27 20
27 11
36 28
6 22
26 7
29 10
10 6
13 12
15 14
35 6
21 10
7 5
2 11
9 31
2 10
1 25
36 4
4 3
16 39
38 29
31 29
26 17
22 11
10 17
6 25
8 29
35 11
24 28
9 18
27 21
4 8
38 22
8 32
14 35
6 28
31 20
3 11
37 3
27 10
24 18
19 10
13 29
18 16
6 37
1 3
8 7
20 14
24 16
19 21
16 30
31 34
24 1
13 11
8 39
26 34
34 25
3 12
40 86
8 4
29 3
28 30
8 5
22 18
39 14
32 12
14 18
19 2
23 19
31 11
28 27
13 31
32 22
36 14
25 12
1 2
18 17
11 33
26 23
5 9
24 29
1 4
25 21
2 15
40 6
22 4
8 6
34 26
36 21
32 36
24 23
12 29
28 36
20 14
30 19
13 3
37 5
20 8
26 39
21 29
1 28
6 35
16 3
1 25
37 14
31 22
33 23
21 18
24 4
31 2
32 7
4 5
10 25
21 15
17 4
9 24
5 2
35 15
4 36
26 27
8 30
40 34
37 7
18 31
25 15
8 7
7 39
21 16
6 15
6 17
19 13
1 37
5 36
15 16
30 12
40 1
11 12
31 20
7 9
20 33
21 23
36 31
13 10
28 34
38 20
40 87
21 22
32 6
1 23
16 12
7 36
40 2
2 37
25 3
32 30
21 26
20 3
15 19
23 34
36 37
21 40
29 24
31 23
2 27
9 31
35 27
29 3
7 6
14 33
34 33
35 37
13 3
19 32
24 35
13 36
38 21
28 24
4 33
5 4
37 27
28 27
5 40
40 8
34 9
24 34
5 12
38 3
9 28
37 15
36 26
38 33
10 11
12 20
31 26
24 26
15 16
36 2
22 20
39 22
10 29
18 35
37 8
5 28
17 33
16 17
38 39
33 11
36 5
26 25
21 28
23 40
25 36
9 20
13 35
13 21
25 38
17 3
16 24
28 29
26 12
5 22
30 14
32 22
30 5
20 25
11 34
30 38
13 38
17 4
14 31
27 5
25 5
24 20
40 88
32 33
24 40
26 20
40 22
39 15
29 35
30 4
38 11
25 21
31 27
34 20
7 35
31 24
21 34
26 25
3 37
7 6
22 18
29 5
26 5
34 6
15 37
14 5
25 29
14 33
11 17
18 27
35 34
22 30
28 2
21 19
36 29
32 3
24 33
7 16
1 24
12 28
3 24
28 32
23 16
22 23
14 35
3 36
9 28
21 40
2 20
6 29
16 40
36 13
23 1
19 16
11 35
3 26
16 29
21 10
11 23
8 21
39 13
8 24
19 23
30 24
36 37
7 11
33 36
35 6
8 6
28 24
16 38
24 15
9 5
6 37
8 32
6 13
14 15
31 14
30 21
11 4
11 9
24 25
15 2
36 40
10 17
26 13
9 21
15 36
33 19
11 14
11 22
40 89
7 16
38 30
7 32
2 1
31 23
25 29
5 27
20 12
17 11
40 32
29 10
22 9
29 40
34 17
11 24
33 20
5 2
38 11
5 22
1 33
2 8
39 26
31 8
29 12
1 5
24 4
22 38
15 39
27 35
24 20
21 9
31 32
24 22
12 37
19 9
17 18
34 10
2 29
21 13
38 6
13 33
9 10
18 8
12 15
27 36
36 39
13 3
4 35
15 20
13 40
28 30
33 23
5 18
25 17
33 15
3 39
31 11
33 32
3 27
8 7
11 29
39 35
24 37
27 26
35 36
37 15
13 1
26 20
24 8
16 29
4 40
22 39
17 4
16 5
26 4
23 35
4 31
9 12
28 2
14 8
7 29
1 39
16 31
36 19
36 3
15 31
34 14
38 4
9 8
40 90
8 21
21 14
25 5
16 35
9 13
29 6
17 18
14 4
1 12
6 31
3 1
34 2
26 31
18 16
40 35
2 24
29 25
13 11
20 19
6 8
27 19
30 25
17 33
14 37
4 33
12 40
34 14
16 12
2 19
25 2
29 16
28 26
27 10
5 12
22 3
16 8
10 8
23 25
18 11
6 4
15 2
18 22
40 32
15 11
30 1
36 26
10 15
38 12
13 15
9 7
32 6
14 27
29 4
2 4
24 1
5 4
17 15
28 18
21 7
3 32
26 10
10 2
37 6
29 36
33 28
24 8
27 25
3 23
11 25
12 37
3 14
15 29
31 15
22 35
22 5
17 4
38 22
24 37
15 37
6 16
10 39
6 23
30 40
30 26
28 12
32 28
5 13
37 33
5 37
21 38
40 91
40 29
17 21
8 1
5 27
32 20
23 36
34 10
3 14
23 9
19 25
10 32
11 25
6 34
30 37
39 18
31 5
30 26
40 37
2 18
11 23
35 16
29 15
1 12
6 4
26 13
39 36
30 34
3 12
17 3
21 12
31 35
30 22
37 25
27 35
7 35
6 30
2 8
35 11
16 25
40 32
7 10
4 31
9 26
18 6
26 3
7 15
10 17
15 21
24 21
13 36
22 25
38 9
21 39
37 28
20 2
2 33
8 27
29 3
26 18
23 16
36 30
20 24
38 31
33 22
16 33
30 11
39 20
1 40
34 8
33 36
36 4
26 27
11 5
26 10
19 8
35 32
14 15
7 40
5 24
36 22
8 16
12 40
17 28
7 13
14 31
16 14
37 16
6 27
8 39
17 26
23 32
40 92
8 19
8 16
23 40
4 8
5 22
15 37
7 1
26 9
5 9
35 25
21 27
18 22
15 2
12 16
4 1
12 2
39 31
17 39
7 4
18 40
25 15
5 1
21 4
35 22
32 35
34 14
37 17
20 3
17 15
8 18
38 8
8 26
32 33
8 40
37 8
36 9
13 33
30 5
36 19
26 13
12 25
15 7
19 29
21 15
19 13
24 9
35 9
2 7
36 24
15 20
36 30
19 4
30 40
18 5
38 9
29 16
39 5
6 24
32 14
36 20
36 13
29 37
6 14
1 35
17 4
14 8
31 11
8 34
4 24
30 1
38 15
23 29
30 31
36 38
24 16
36 4
32 26
37 33
35 16
29 33
33 9
25 17
24 25
22 19
18 21
34 22
15 31
27 22
5 8
39 29
39 1
30 33
40 93
30 8
14 22
5 16
2 36
19 8
35 3
38 27
30 10
33 8
28 39
20 1
36 23
6 32
36 13
22 5
32 12
12 26
6 25
16 29
31 24
13 32
30 11
19 2
15 40
4 6
5 7
36 31
38 13
12 1
19 9
35 36
30 40
29 31
9 1
39 19
7 24
29 10
17 7
35 13
24 25
34 15
2 24
4 3
7 26
24 26
24 28
37 6
15 22
13 24
26 34
39 26
24 23
35 10
22 36
18 4
38 33
21 14
15 38
21 32
16 33
26 36
4 12
8 21
16 18
31 5
25 20
10 36
8 15
28 11
35 7
10 9
1 29
19 23
36 1
40 23
31 32
25 9
37 18
34 38
29 30
38 25
14 34
12 40
27 28
33 11
18 38
12 16
23 33
1 33
4 9
3 40
31 9
4 2
40 94
16 37
29 5
23 24
40 19
12 11
21 25
25 12
8 17
23 22
10 39
27 23
24 25
28 19
9 31
11 7
12 40
1 29
1 23
31 22
28 34
2 28
24 5
11 25
35 14
13 21
38 4
17 31
25 32
6 40
3 36
19 13
20 7
23 36
17 1
22 20
26 20
2 10
26 8
38 12
31 20
36 39
36 34
12 20
34 35
16 34
6 39
1 25
6 10
36 5
26 32
5 9
33 19
20 9
17 28
16 23
6 32
15 22
20 27
21 18
20 11
40 22
19 36
7 3
30 32
9 1
39 26
2 1
30 31
40 32
33 37
3 17
30 7
16 19
38 36
33 17
16 20
26 23
34 31
11 13
9 23
10 1
3 9
28 9
23 7
1 18
37 1
17 30
34 10
5 14
34 33
27 6
30 37
26 10
20 1
40 95
36 21
5 25
15 35
22 17
35 4
32 12
37 26
18 21
20 28
16 14
3 18
15 28
39 24
8 31
14 11
14 15
6 31
23 12
24 4
15 27
37 38
30 22
38 8
40 25
18 15
14 29
18 5
14 27
2 26
29 35
13 40
12 34
3 6
35 18
3 30
4 12
25 19
19 16
32 31
22 12
33 25
9 40
31 16
1 3
3 23
8 13
2 1
19 8
16 28
25 3
33 11
18 36
35 20
23 26
39 40
1 10
15 31
15 10
22 19
6 35
2 5
17 1
2 33
21 34
2 8
24 23
22 9
2 21
21 11
22 18
39 29
8 4
9 35
30 33
29 11
2 24
14 30
21 4
36 14
18 31
5 6
25 8
19 13
2 40
8 32
2 36
25 35
17 13
25 22
19 1
32 10
36 35
27 38
6 26
27 24
40 96
29 37
9 16
20 25
15 34
35 31
22 21
26 6
8 19
7 9
16 33
3 38
7 30
24 28
20 36
24 17
35 3
39 10
2 36
11 34
21 32
30 19
32 33
5 15
4 38
9 19
35 19
3 31
23 31
35 15
38 16
20 4
18 23
35 9
32 1
23 12
20 22
20 6
4 24
31 39
38 22
28 38
16 32
10 33
15 20
12 8
19 38
11 10
23 25
33 35
14 39
2 40
7 33
37 12
4 35
11 13
37 39
28 9
33 1
30 38
31 24
35 39
34 17
15 8
3 29
13 18
9 13
16 20
23 21
40 21
10 9
25 15
34 26
38 21
7 11
2 33
31 27
10 17
22 29
16 36
25 26
14 18
30 13
4 15
30 11
14 15
38 34
7 36
40 38
39 20
36 13
6 16
19 33
13 24
9 37
20 28
17 22
40 97
34 3
29 15
1 24
40 21
6 34
3 37
18 4
12 21
12 23
5 32
40 32
3 27
9 3
25 27
35 14
31 8
34 23
19 3
11 10
22 26
12 5
15 31
6 40
35 36
26 10
11 3
39 11
15 2
6 23
32 16
20 34
22 5
36 40
28 1
10 24
29 10
32 21
18 37
9 30
23 17
17 15
29 18
11 19
12 25
31 20
27 21
16 29
6 4
2 1
20 1
18 31
31 9
26 4
19 13
35 37
22 20
40 12
4 20
2 5
36 29
21 29
23 39
21 15
17 36
11 17
5 16
4 13
39 1
8 34
33 21
20 26
15 27
10 21
32 28
28 9
16 4
14 31
22 1
27 11
8 24
26 30
38 17
17 20
35 34
5 29
7 30
5 34
22 13
20 32
4 25
38 34
11 8
15 11
38 19
18 7
40 4
6 18
40 98
20 35
8 30
3 29
35 1
20 14
15 34
16 8
20 36
6 26
8 4
30 1
22 5
15 30
23 3
40 2
12 23
38 16
40 8
28 39
7 15
32 35
40 32
4 31
39 7
8 3
38 29
9 8
38 25
39 22
35 16
30 35
18 40
11 8
33 6
18 8
1 31
33 23
23 10
8 7
16 5
25 8
23 31
20 3
23 19
16 15
3 18
33 32
15 31
10 15
22 19
29 30
5 32
25 10
35 25
9 21
35 23
20 33
25 22
16 21
26 29
25 31
7 23
24 37
26 15
27 33
9 15
36 28
15 6
19 29
25 15
28 27
36 19
21 6
31 27
23 24
33 37
31 16
14 32
21 8
23 40
38 18
10 9
5 18
16 28
19 15
9 17
1 17
14 25
8 31
16 10
29 14
24 11
30 40
10 39
5 8
30 38
40 11
27 21
40 99
19 32
20 31
9 23
25 27
7 20
17 7
26 28
36 16
12 40
25 35
37 39
32 25
33 23
30 7
4 38
4 18
12 19
17 24
1 36
38 33
34 8
29 9
5 33
24 32
15 26
23 16
1 29
20 1
40 38
13 17
13 2
25 5
15 17
10 18
34 36
36 35
30 5
15 38
5 7
7 39
1 6
33 40
17 33
3 19
28 30
29 28
6 40
36 7
35 10
24 20
24 10
1 23
37 38
39 13
38 36
40 23
9 40
11 6
14 25
2 28
23 37
38 18
10 2
35 28
39 8
19 6
21 29
18 1
5 18
13 6
37 9
35 1
39 26
39 19
36 10
10 29
18 32
33 13
16 39
31 15
30 1
4 27
6 26
33 2
38 31
29 30
36 5
8 18
17 10
35 4
14 31
34 11
5 40
32 7
39 22
39 10
8 40
12 2
13 5
40 100
37 18
25 37
26 30
9 6
11 32
14 31
25 34
12 23
30 36
32 16
26 24
11 13
21 18
7 5
2 40
22 5
10 1
35 9
21 15
39 36
40 14
17 26
37 10
14 38
24 35
17 38
16 12
26 19
36 35
11 39
11 23
4 20
9 38
32 13
17 20
31 38
34 10
29 21
4 16
37 20
23 27
35 31
16 39
23 4
36 32
14 15
8 11
24 20
27 13
39 23
12 40
38 24
1 23
21 27
20 21
13 17
3 31
6 14
21 10
25 22
1 7
8 12
2 18
15 17
2 6
14 1
38 7
3 26
11 18
12 18
7 31
17 40
1 2
9 1
6 3
18 7
5 9
1 24
1 37
39 3
20 9
22 16
24 5
30 16
11 14
33 2
20 36
28 11
21 34
17 1
6 39
36 2
31 13
16 40
11 12
23 7
4 30
17 5
12 15
20 22
