40 63
21 13
21 1
13 1
13 10
13 27
10 27
10 17
10 20
17 20
17 28
17 36
28 36
28 21
28 8
21 8
23 21
23 32
23 26
32 26
32 25
32 7
25 7
25 5
25 19
5 19
5 12
5 15
12 15
12 23
12 37
23 37
16 21
16 30
16 4
30 4
30 22
30 40
22 40
22 31
22 11
31 11
31 35
31 2
35 2
35 16
35 14
16 14
34 16
34 38
34 6
38 6
38 39
38 29
39 29
39 24
39 33
24 33
24 9
24 18
9 18
9 34
9 3
34 3
40 63
40 4
40 37
4 37
4 29
4 11
29 11
29 1
29 2
1 2
1 34
1 8
34 8
34 40
34 27
40 27
31 40
31 6
31 14
6 14
6 33
6 16
33 16
33 9
33 25
9 25
9 38
9 22
38 22
38 31
38 24
31 24
30 40
30 21
30 13
21 13
21 26
21 10
26 10
26 23
26 19
23 19
23 20
23 28
20 28
20 30
20 35
30 35
12 40
12 36
12 5
36 5
36 3
36 18
3 18
3 17
3 7
17 7
17 32
17 39
32 39
32 12
32 15
12 15
40 63
33 19
33 5
19 5
19 9
19 37
9 37
9 32
9 36
32 36
32 18
32 2
18 2
18 33
18 23
33 23
14 33
14 39
14 3
39 3
39 17
39 38
17 38
17 24
17 35
24 35
24 31
24 16
31 16
31 14
31 21
14 21
26 14
26 27
26 10
27 10
27 34
27 4
34 4
34 8
34 15
8 15
8 7
8 30
7 30
7 26
7 11
26 11
1 14
1 13
1 6
13 6
13 29
13 20
29 20
29 40
29 12
40 12
40 25
40 28
25 28
25 1
25 22
1 22
40 63
29 38
29 19
38 19
38 39
38 12
39 12
39 16
39 17
16 17
16 36
16 31
36 31
36 29
36 7
29 7
15 29
15 1
15 34
1 34
1 24
1 3
24 3
24 4
24 5
4 5
4 22
4 21
22 21
22 15
22 6
15 6
28 15
28 23
28 37
23 37
23 14
23 40
14 40
14 9
14 20
9 20
9 27
9 2
27 2
27 28
27 8
28 8
18 29
18 30
18 11
30 11
30 26
30 35
26 35
26 33
26 32
33 32
33 10
33 25
10 25
10 18
10 13
18 13
40 63
30 9
30 12
9 12
9 34
9 26
34 26
34 1
34 5
1 5
1 32
1 6
32 6
32 30
32 11
30 11
28 30
28 36
28 37
36 37
36 33
36 2
33 2
33 24
33 15
24 15
24 29
24 4
29 4
29 28
29 19
28 19
7 28
7 39
7 27
39 27
39 22
39 38
22 38
22 3
22 14
3 14
3 13
3 21
13 21
13 7
13 17
7 17
18 30
18 25
18 40
25 40
25 23
25 8
23 8
23 20
23 31
20 31
20 35
20 16
35 16
35 18
35 10
18 10
40 63
10 29
10 3
29 3
29 16
29 40
16 40
16 17
16 14
17 14
17 22
17 12
22 12
22 10
22 35
10 35
11 10
11 2
11 18
2 18
2 32
2 8
32 8
32 5
32 19
5 19
5 21
5 23
21 23
21 11
21 36
11 36
13 10
13 33
13 39
33 39
33 37
33 34
37 34
37 24
37 20
24 20
24 7
24 30
7 30
7 13
7 26
13 26
15 11
15 4
15 28
4 28
4 31
4 1
31 1
31 9
31 25
9 25
9 38
9 27
38 27
38 15
38 6
15 6
40 63
36 33
36 40
33 40
33 38
33 23
38 23
38 31
38 26
31 26
31 14
31 29
14 29
14 36
14 39
36 39
17 36
17 2
17 19
2 19
2 7
2 32
7 32
7 4
7 8
4 8
4 22
4 3
22 3
22 17
22 16
17 16
30 17
30 34
30 27
34 27
34 18
34 20
18 20
18 37
18 24
37 24
37 13
37 12
13 12
13 30
13 6
30 6
21 36
21 15
21 25
15 25
15 11
15 1
11 1
11 35
11 28
35 28
35 9
35 10
9 10
9 21
9 5
21 5
40 63
25 8
25 1
8 1
8 4
8 7
4 7
4 31
4 18
31 18
31 21
31 35
21 35
21 25
21 27
25 27
9 25
9 11
9 36
11 36
11 29
11 33
29 33
29 17
29 2
17 2
17 20
17 3
20 3
20 9
20 38
9 38
10 25
10 34
10 26
34 26
34 14
34 24
14 24
14 16
14 12
16 12
16 15
16 5
15 5
15 10
15 28
10 28
19 9
19 32
19 37
32 37
32 23
32 30
23 30
23 6
23 13
6 13
6 39
6 40
39 40
39 19
39 22
19 22
40 63
10 30
10 11
30 11
30 5
30 19
5 19
5 28
5 35
28 35
28 14
28 29
14 29
14 10
14 3
10 3
21 10
21 38
21 36
38 36
38 27
38 13
27 13
27 4
27 40
4 40
4 31
4 2
31 2
31 21
31 6
21 6
7 10
7 26
7 25
26 25
26 20
26 12
20 12
20 33
20 18
33 18
33 23
33 39
23 39
23 7
23 15
7 15
16 10
16 17
16 34
17 34
17 22
17 24
22 24
22 9
22 32
9 32
9 37
9 8
37 8
37 16
37 1
16 1
40 63
31 39
31 4
39 4
39 40
39 38
40 38
40 8
40 13
8 13
8 12
8 14
12 14
12 31
12 25
31 25
32 31
32 22
32 21
22 21
22 35
22 15
35 15
35 2
35 11
2 11
2 24
2 17
24 17
24 32
24 5
32 5
7 31
7 34
7 33
34 33
34 16
34 29
16 29
16 6
16 36
6 36
6 23
6 26
23 26
23 7
23 19
7 19
1 7
1 20
1 10
20 10
20 28
20 3
28 3
28 9
28 37
9 37
9 27
9 18
27 18
27 1
27 30
1 30
40 63
32 24
32 30
24 30
24 11
24 18
11 18
11 7
11 4
7 4
7 1
7 39
1 39
1 32
1 2
32 2
36 32
36 25
36 23
25 23
25 13
25 22
13 22
13 8
13 6
8 6
8 37
8 26
37 26
37 36
37 35
36 35
15 36
15 12
15 40
12 40
12 21
12 27
21 27
21 5
21 31
5 31
5 28
5 3
28 3
28 15
28 16
15 16
19 32
19 34
19 14
34 14
34 17
34 9
17 9
17 29
17 38
29 38
29 10
29 33
10 33
10 19
10 20
19 20
40 63
20 32
20 2
32 2
32 23
32 24
23 24
23 36
23 1
36 1
36 3
36 21
3 21
3 20
3 12
20 12
33 20
33 31
33 9
31 9
31 7
31 10
7 10
7 18
7 40
18 40
18 17
18 4
17 4
17 33
17 16
33 16
6 33
6 28
6 13
28 13
28 8
28 11
8 11
8 27
8 14
27 14
27 5
27 38
5 38
5 6
5 25
6 25
39 20
39 15
39 37
15 37
15 29
15 30
29 30
29 22
29 19
22 19
22 34
22 26
34 26
34 39
34 35
39 35
40 63
24 3
24 29
3 29
3 28
3 21
28 21
28 36
28 9
36 9
36 1
36 5
1 5
1 24
1 20
24 20
18 24
18 35
18 17
35 17
35 32
35 7
32 7
32 11
32 10
11 10
11 26
11 27
26 27
26 18
26 33
18 33
39 18
39 30
39 15
30 15
30 22
30 23
22 23
22 4
22 40
4 40
4 2
4 37
2 37
2 39
2 38
39 38
14 39
14 12
14 16
12 16
12 8
12 19
8 19
8 25
8 34
25 34
25 6
25 31
6 31
6 14
6 13
14 13
40 63
6 4
6 31
4 31
4 25
4 5
25 5
25 28
25 23
28 23
28 12
28 24
12 24
12 6
12 38
6 38
17 6
17 3
17 32
3 32
3 22
3 29
22 29
22 2
22 15
2 15
2 7
2 14
7 14
7 17
7 35
17 35
26 6
26 9
26 36
9 36
9 8
9 10
8 10
8 30
8 21
30 21
30 11
30 16
11 16
11 26
11 39
26 39
13 26
13 27
13 34
27 34
27 40
27 18
40 18
40 19
40 20
19 20
19 1
19 33
1 33
1 13
1 37
13 37
40 63
36 6
36 15
6 15
6 7
6 13
7 13
7 24
7 19
24 19
24 21
24 31
21 31
21 36
21 28
36 28
37 36
37 14
37 16
14 16
14 2
14 5
2 5
2 4
2 23
4 23
4 1
4 40
1 40
1 37
1 25
37 25
29 36
29 33
29 30
33 30
33 22
33 39
22 39
22 8
22 32
8 32
8 12
8 11
12 11
12 29
12 9
29 9
18 37
18 27
18 3
27 3
27 10
27 20
10 20
10 17
10 35
17 35
17 26
17 34
26 34
26 18
26 38
18 38
40 63
38 9
38 2
9 2
9 5
9 15
5 15
5 32
5 27
32 27
32 13
32 10
13 10
13 38
13 30
38 30
8 38
8 23
8 1
23 1
23 33
23 7
33 7
33 3
33 18
3 18
3 20
3 29
20 29
20 8
20 28
8 28
21 8
21 24
21 36
24 36
24 16
24 39
16 39
16 14
16 17
14 17
14 37
14 31
37 31
37 21
37 35
21 35
12 38
12 40
12 26
40 26
40 22
40 11
22 11
22 19
22 34
19 34
19 25
19 6
25 6
25 12
25 4
12 4
40 63
6 19
6 26
19 26
19 28
19 14
28 14
28 23
28 34
23 34
23 13
23 21
13 21
13 6
13 5
6 5
31 6
31 9
31 3
9 3
9 10
9 36
10 36
10 37
10 22
37 22
37 4
37 33
4 33
4 31
4 17
31 17
30 6
30 32
30 15
32 15
32 18
32 7
18 7
18 1
18 27
1 27
1 38
1 2
38 2
38 30
38 20
30 20
24 31
24 29
24 8
29 8
29 39
29 16
39 16
39 12
39 40
12 40
12 25
12 11
25 11
25 24
25 35
24 35
40 63
15 28
15 5
28 5
28 23
28 26
23 26
23 38
23 36
38 36
38 14
38 40
14 40
14 15
14 8
15 8
1 15
1 11
1 39
11 39
11 29
11 35
29 35
29 18
29 2
18 2
18 19
18 30
19 30
19 1
19 21
1 21
16 1
16 37
16 27
37 27
37 12
37 20
12 20
12 10
12 33
10 33
10 31
10 13
31 13
31 16
31 22
16 22
32 15
32 24
32 4
24 4
24 7
24 6
7 6
7 9
7 34
9 34
9 25
9 17
25 17
25 32
25 3
32 3
40 63
20 15
20 40
15 40
15 6
15 19
6 19
6 7
6 36
7 36
7 29
7 12
29 12
29 20
29 38
20 38
10 20
10 39
10 22
39 22
39 32
39 23
32 23
32 1
32 30
1 30
1 25
1 5
25 5
25 10
25 26
10 26
13 10
13 35
13 27
35 27
35 8
35 34
8 34
8 14
8 33
14 33
14 4
14 24
4 24
4 13
4 18
13 18
11 20
11 9
11 3
9 3
9 28
9 16
28 16
28 17
28 37
17 37
17 2
17 21
2 21
2 11
2 31
11 31
40 63
24 38
24 25
38 25
38 40
38 32
40 32
40 31
40 23
31 23
31 12
31 21
12 21
12 24
12 15
24 15
29 24
29 11
29 14
11 14
11 2
11 19
2 19
2 1
2 22
1 22
1 37
1 30
37 30
37 29
37 20
29 20
33 24
33 3
33 7
3 7
3 17
3 34
17 34
17 27
17 28
27 28
27 4
27 16
4 16
4 33
4 10
33 10
35 33
35 8
35 18
8 18
8 36
8 26
36 26
36 9
36 13
9 13
9 5
9 6
5 6
5 35
5 39
35 39
40 63
10 9
10 24
9 24
9 37
9 34
37 34
37 20
37 25
20 25
20 4
20 15
4 15
4 10
4 28
10 28
1 10
1 17
1 36
17 36
17 18
17 13
18 13
18 33
18 19
33 19
33 26
33 8
26 8
26 1
26 14
1 14
22 10
22 16
22 6
16 6
16 5
16 3
5 3
5 12
5 11
12 11
12 7
12 35
7 35
7 22
7 2
22 2
31 22
31 21
31 39
21 39
21 29
21 30
29 30
29 23
29 38
23 38
23 40
23 32
40 32
40 31
40 27
31 27
40 63
21 37
21 35
37 35
37 2
37 7
2 7
2 27
2 5
27 5
27 15
27 24
15 24
15 21
15 8
21 8
9 21
9 26
9 38
26 38
26 6
26 30
6 30
6 23
6 10
23 10
23 20
23 34
20 34
20 9
20 3
9 3
16 9
16 11
16 32
11 32
11 19
11 22
19 22
19 31
19 17
31 17
31 12
31 1
12 1
12 16
12 14
16 14
39 9
39 25
39 29
25 29
25 4
25 33
4 33
4 40
4 18
40 18
40 36
40 13
36 13
36 39
36 28
39 28
40 63
25 6
25 10
6 10
6 18
6 3
18 3
18 12
18 30
12 30
12 21
12 32
21 32
21 25
21 14
25 14
8 25
8 19
8 2
19 2
19 38
19 15
38 15
38 23
38 31
23 31
23 9
23 33
9 33
9 8
9 1
8 1
36 8
36 35
36 27
35 27
35 4
35 40
4 40
4 11
4 7
11 7
11 5
11 17
5 17
5 36
5 20
36 20
22 36
22 29
22 34
29 34
29 37
29 24
37 24
37 39
37 26
39 26
39 13
39 16
13 16
13 22
13 28
22 28
40 63
5 40
5 11
40 11
40 29
40 39
29 39
29 17
29 28
17 28
17 33
17 7
33 7
33 5
33 22
5 22
4 5
4 18
4 8
18 8
18 14
18 31
14 31
14 19
14 16
19 16
19 34
19 15
34 15
34 4
34 21
4 21
20 5
20 30
20 35
30 35
30 36
30 26
36 26
36 38
36 10
38 10
38 13
38 32
13 32
13 20
13 3
20 3
37 4
37 23
37 1
23 1
23 24
23 25
24 25
24 27
24 9
27 9
27 2
27 6
2 6
2 37
2 12
37 12
40 63
3 19
3 6
19 6
19 40
19 13
40 13
40 5
40 35
5 35
5 17
5 24
17 24
17 3
17 11
3 11
32 3
32 18
32 28
18 28
18 39
18 38
39 38
39 1
39 29
1 29
1 15
1 12
15 12
15 32
15 2
32 2
7 32
7 27
7 26
27 26
27 23
27 25
23 25
23 34
23 4
34 4
34 30
34 8
30 8
30 7
30 36
7 36
22 32
22 21
22 31
21 31
21 33
21 10
33 10
33 14
33 16
14 16
14 37
14 9
37 9
37 22
37 20
22 20
40 63
17 6
17 27
6 27
6 31
6 16
31 16
31 28
31 34
28 34
28 37
28 5
37 5
37 17
37 22
17 22
24 17
24 32
24 1
32 1
32 10
32 9
10 9
10 2
10 35
2 35
2 14
2 4
14 4
14 24
14 39
24 39
8 17
8 36
8 23
36 23
36 26
36 20
26 20
26 29
26 12
29 12
29 38
29 11
38 11
38 8
38 13
8 13
21 8
21 19
21 30
19 30
19 18
19 15
18 15
18 33
18 25
33 25
33 3
33 7
3 7
3 21
3 40
21 40
40 63
22 9
22 28
9 28
9 35
9 37
35 37
35 27
35 32
27 32
27 7
27 12
7 12
7 22
7 4
22 4
33 22
33 26
33 2
26 2
26 20
26 24
20 24
20 29
20 6
29 6
29 18
29 38
18 38
18 33
18 13
33 13
15 22
15 1
15 21
1 21
1 19
1 3
19 3
19 8
19 30
8 30
8 36
8 31
36 31
36 15
36 25
15 25
11 15
11 10
11 5
10 5
10 40
10 17
40 17
40 23
40 16
23 16
23 39
23 34
39 34
39 11
39 14
11 14
40 63
36 10
36 31
10 31
10 8
10 23
8 23
8 2
8 26
2 26
2 40
2 28
40 28
40 36
40 17
36 17
22 36
22 5
22 16
5 16
5 35
5 25
35 25
35 21
35 6
21 6
21 32
21 13
32 13
32 22
32 24
22 24
14 22
14 9
14 27
9 27
9 30
9 18
30 18
30 19
30 1
19 1
19 29
19 20
29 20
29 14
29 33
14 33
4 14
4 12
4 11
12 11
12 37
12 34
37 34
37 7
37 39
7 39
7 15
7 38
15 38
15 4
15 3
4 3
40 63
18 25
18 21
25 21
25 20
25 39
20 39
20 14
20 30
14 30
14 3
14 11
3 11
3 18
3 6
18 6
15 18
15 35
15 4
35 4
35 23
35 32
23 32
23 2
23 17
2 17
2 5
2 29
5 29
5 15
5 10
15 10
24 18
24 31
24 34
31 34
31 7
31 9
7 9
7 12
7 40
12 40
12 36
12 1
36 1
36 24
36 28
24 28
33 24
33 16
33 19
16 19
16 38
16 37
38 37
38 22
38 8
22 8
22 27
22 13
27 13
27 33
27 26
33 26
40 63
34 2
34 28
2 28
2 13
2 39
13 39
13 25
13 26
25 26
25 31
25 17
31 17
31 34
31 20
34 20
22 34
22 40
22 24
40 24
40 23
40 10
23 10
23 12
23 8
12 8
12 1
12 6
1 6
1 22
1 16
22 16
11 22
11 38
11 36
38 36
38 21
38 14
21 14
21 5
21 19
5 19
5 30
5 4
30 4
30 11
30 7
11 7
15 11
15 32
15 3
32 3
32 37
32 35
37 35
37 18
37 9
18 9
18 33
18 27
33 27
33 15
33 29
15 29
40 63
2 32
2 37
32 37
32 3
32 19
3 19
3 21
3 30
21 30
21 13
21 39
13 39
13 2
13 26
2 26
10 2
10 34
10 33
34 33
34 17
34 7
17 7
17 38
17 6
38 6
38 8
38 31
8 31
8 10
8 1
10 1
25 2
25 4
25 9
4 9
4 18
4 16
18 16
18 14
18 40
14 40
14 15
14 28
15 28
15 25
15 22
25 22
11 10
11 24
11 36
24 36
24 20
24 29
20 29
20 12
20 27
12 27
12 23
12 5
23 5
23 11
23 35
11 35
40 63
21 14
21 4
14 4
14 31
14 18
31 18
31 33
31 28
33 28
33 38
33 17
38 17
38 21
38 34
21 34
30 21
30 27
30 6
27 6
27 5
27 3
5 3
5 2
5 16
2 16
2 29
2 37
29 37
29 30
29 1
30 1
9 30
9 39
9 25
39 25
39 8
39 11
8 11
8 35
8 23
35 23
35 36
35 24
36 24
36 9
36 40
9 40
15 21
15 26
15 13
26 13
26 22
26 32
22 32
22 7
22 12
7 12
7 19
7 10
19 10
19 15
19 20
15 20
40 63
35 17
35 13
17 13
17 19
17 30
19 30
19 15
19 16
15 16
15 40
15 21
40 21
40 35
40 27
35 27
26 35
26 2
26 20
2 20
2 6
2 24
6 24
6 11
6 9
11 9
11 25
11 5
25 5
25 26
25 1
26 1
14 35
14 34
14 39
34 39
34 36
34 28
36 28
36 12
36 23
12 23
12 38
12 31
38 31
38 14
38 3
14 3
33 26
33 18
33 29
18 29
18 7
18 22
7 22
7 4
7 37
4 37
4 8
4 10
8 10
8 33
8 32
33 32
40 63
1 31
1 25
31 25
31 20
31 5
20 5
20 4
20 15
4 15
4 2
4 32
2 32
2 1
2 33
1 33
18 1
18 6
18 40
6 40
6 30
6 8
30 8
30 14
30 9
14 9
14 26
14 21
26 21
26 18
26 17
18 17
13 1
13 10
13 36
10 36
10 24
10 7
24 7
24 16
24 28
16 28
16 11
16 37
11 37
11 13
11 39
13 39
27 18
27 38
27 12
38 12
38 22
38 19
22 19
22 34
22 23
34 23
34 3
34 35
3 35
3 27
3 29
27 29
40 63
28 20
28 10
20 10
20 38
20 33
38 33
38 21
38 13
21 13
21 32
21 24
32 24
32 28
32 30
28 30
2 28
2 31
2 8
31 8
31 6
31 39
6 39
6 7
6 19
7 19
7 17
7 12
17 12
17 2
17 9
2 9
25 28
25 3
25 5
3 5
3 35
3 15
35 15
35 11
35 27
11 27
11 4
11 16
4 16
4 25
4 1
25 1
34 28
34 29
34 22
29 22
29 18
29 37
18 37
18 14
18 36
14 36
14 40
14 26
40 26
40 34
40 23
34 23
40 63
34 4
34 19
4 19
4 9
4 23
9 23
9 1
9 18
1 18
1 7
1 6
7 6
7 34
7 27
34 27
29 34
29 12
29 16
12 16
12 25
12 31
25 31
25 14
25 15
14 15
14 28
14 10
28 10
28 29
28 22
29 22
24 29
24 11
24 26
11 26
11 39
11 30
39 30
39 33
39 8
33 8
33 13
33 20
13 20
13 24
13 40
24 40
37 29
37 2
37 32
2 32
2 5
2 17
5 17
5 35
5 38
35 38
35 36
35 21
36 21
36 37
36 3
37 3
40 63
36 6
36 35
6 35
6 5
6 16
5 16
5 11
5 24
11 24
11 40
11 10
40 10
40 36
40 30
36 30
19 36
19 18
19 20
18 20
18 29
18 17
29 17
29 9
29 4
9 4
9 27
9 21
27 21
27 19
27 23
19 23
14 19
14 12
14 26
12 26
12 3
12 33
3 33
3 25
3 7
25 7
25 31
25 37
31 37
31 14
31 38
14 38
2 14
2 39
2 32
39 32
39 22
39 1
22 1
22 34
22 13
34 13
34 15
34 28
15 28
15 2
15 8
2 8
40 63
28 38
28 26
38 26
38 31
38 14
31 14
31 36
31 33
36 33
36 2
36 30
2 30
2 28
2 17
28 17
16 28
16 21
16 15
21 15
21 37
21 1
37 1
37 22
37 27
22 27
22 9
22 8
9 8
9 16
9 32
16 32
40 28
40 12
40 6
12 6
12 34
12 18
34 18
34 4
34 20
4 20
4 24
4 3
24 3
24 40
24 19
40 19
29 40
29 11
29 13
11 13
11 5
11 25
5 25
5 39
5 23
39 23
39 35
39 10
35 10
35 29
35 7
29 7
40 63
25 10
25 14
10 14
10 31
10 27
31 27
31 36
31 30
36 30
36 26
36 1
26 1
26 25
26 35
25 35
7 25
7 13
7 32
13 32
13 16
13 18
16 18
16 8
16 29
8 29
8 6
8 34
6 34
6 7
6 2
7 2
24 7
24 11
24 4
11 4
11 5
11 39
5 39
5 28
5 38
28 38
28 17
28 37
17 37
17 24
17 40
24 40
22 25
22 3
22 12
3 12
3 19
3 21
19 21
19 23
19 9
23 9
23 20
23 33
20 33
20 22
20 15
22 15
40 63
6 23
6 4
23 4
23 25
23 10
25 10
25 19
25 21
19 21
19 13
19 5
13 5
13 6
13 11
6 11
9 6
9 14
9 12
14 12
14 20
14 18
20 18
20 38
20 1
38 1
38 8
38 7
8 7
8 9
8 24
9 24
16 6
16 2
16 40
2 40
2 36
2 15
36 15
36 34
36 39
34 39
34 29
34 27
29 27
29 16
29 35
16 35
28 6
28 3
28 26
3 26
3 17
3 22
17 22
17 31
17 32
31 32
31 37
31 33
37 33
37 28
37 30
28 30
40 63
10 6
10 15
6 15
6 40
6 24
40 24
40 19
40 34
19 34
19 28
19 14
28 14
28 10
28 9
10 9
27 10
27 21
27 2
21 2
21 33
21 3
33 3
33 38
33 39
38 39
38 1
38 13
1 13
1 27
1 12
27 12
29 27
29 26
29 20
26 20
26 17
26 8
17 8
17 5
17 35
5 35
5 31
5 36
31 36
31 29
31 16
29 16
11 29
11 23
11 25
23 25
23 18
23 7
18 7
18 32
18 22
32 22
32 30
32 4
30 4
30 11
30 37
11 37
40 63
2 40
2 31
40 31
40 19
40 6
19 6
19 17
19 35
17 35
17 15
17 12
15 12
15 2
15 28
2 28
20 2
20 24
20 13
24 13
24 36
24 23
36 23
36 9
36 5
9 5
9 32
9 29
32 29
32 20
32 34
20 34
11 20
11 37
11 30
37 30
37 33
37 3
33 3
33 4
33 16
4 16
4 18
4 39
18 39
18 11
18 21
11 21
38 20
38 1
38 14
1 14
1 25
1 22
25 22
25 26
25 27
26 27
26 7
26 10
7 10
7 38
7 8
38 8
40 63
23 15
23 26
15 26
15 8
15 27
8 27
8 6
8 14
6 14
6 11
6 25
11 25
11 23
11 34
23 34
37 23
37 9
37 3
9 3
9 2
9 30
2 30
2 10
2 12
10 12
10 20
10 24
20 24
20 37
20 16
37 16
5 37
5 28
5 21
28 21
28 4
28 13
4 13
4 38
4 31
38 31
38 29
38 17
29 17
29 5
29 39
5 39
35 37
35 36
35 18
36 18
36 32
36 40
32 40
32 19
32 22
19 22
19 1
19 7
1 7
1 35
1 33
35 33
40 63
21 24
21 17
24 17
24 5
24 36
5 36
5 32
5 29
32 29
32 30
32 23
30 23
30 21
30 40
21 40
7 21
7 31
7 33
31 33
31 25
31 3
25 3
25 4
25 16
4 16
4 13
4 9
13 9
13 7
13 20
7 20
34 21
34 37
34 26
37 26
37 22
37 14
22 14
22 19
22 6
19 6
19 39
19 12
39 12
39 34
39 11
34 11
8 34
8 2
8 27
2 27
2 28
2 38
28 38
28 35
28 1
35 1
35 18
35 15
18 15
18 8
18 10
8 10
40 63
8 37
8 32
37 32
37 39
37 15
39 15
39 31
39 2
31 2
31 21
31 3
21 3
21 8
21 18
8 18
34 8
34 38
34 22
38 22
38 30
38 5
30 5
30 1
30 27
1 27
1 25
1 33
25 33
25 34
25 29
34 29
9 34
9 36
9 28
36 28
36 4
36 7
4 7
4 20
4 19
20 19
20 23
20 35
23 35
23 9
23 14
9 14
40 9
40 10
40 12
10 12
10 16
10 17
16 17
16 24
16 26
24 26
24 6
24 13
6 13
6 40
6 11
40 11
40 63
14 3
14 33
3 33
3 25
3 21
25 21
25 8
25 19
8 19
8 5
8 23
5 23
5 14
5 35
14 35
34 14
34 16
34 9
16 9
16 38
16 27
38 27
38 39
38 40
39 40
39 7
39 12
7 12
7 34
7 20
34 20
28 14
28 31
28 17
31 17
31 1
31 15
1 15
1 13
1 10
13 10
13 32
13 26
32 26
32 28
32 24
28 24
4 34
4 30
4 18
30 18
30 2
30 22
2 22
2 36
2 11
36 11
36 29
36 6
29 6
29 4
29 37
4 37
40 63
7 11
7 23
11 23
11 13
11 8
13 8
13 36
13 29
36 29
36 26
36 30
26 30
26 7
26 16
7 16
38 7
38 20
38 17
20 17
20 2
20 6
2 6
2 35
2 3
35 3
35 27
35 15
27 15
27 38
27 25
38 25
14 7
14 1
14 31
1 31
1 10
1 4
10 4
10 5
10 34
5 34
5 24
5 32
24 32
24 14
24 9
14 9
22 7
22 21
22 33
21 33
21 19
21 40
19 40
19 37
19 12
37 12
37 18
37 39
18 39
18 22
18 28
22 28
40 63
8 23
8 4
23 4
23 20
23 24
20 24
20 31
20 3
31 3
31 5
31 39
5 39
5 8
5 28
8 28
19 8
19 12
19 34
12 34
12 40
12 36
40 36
40 26
40 14
26 14
26 6
26 35
6 35
6 19
6 29
19 29
37 8
37 10
37 18
10 18
10 25
10 1
25 1
25 30
25 38
30 38
30 22
30 13
22 13
22 37
22 21
37 21
33 19
33 27
33 9
27 9
27 17
27 7
17 7
17 16
17 15
16 15
16 2
16 11
2 11
2 33
2 32
33 32
40 63
4 9
4 33
9 33
9 1
9 34
1 34
1 22
1 13
22 13
22 39
22 35
39 35
39 4
39 20
4 20
25 4
25 32
25 2
32 2
32 30
32 36
30 36
30 17
30 7
17 7
17 28
17 16
28 16
28 25
28 6
25 6
15 25
15 3
15 12
3 12
3 10
3 8
10 8
10 24
10 21
24 21
24 31
24 40
31 40
31 15
31 29
15 29
18 25
18 11
18 26
11 26
11 38
11 14
38 14
38 19
38 27
19 27
19 23
19 5
23 5
23 18
23 37
18 37
40 63
7 23
7 21
23 21
23 25
23 15
25 15
25 22
25 32
22 32
22 26
22 12
26 12
26 7
26 17
7 17
36 7
36 30
36 14
30 14
30 16
30 6
16 6
16 37
16 40
37 40
37 2
37 11
2 11
2 36
2 39
36 39
19 36
19 38
19 5
38 5
38 34
38 3
34 3
34 13
34 24
13 24
13 1
13 33
1 33
1 19
1 20
19 20
8 19
8 18
8 35
18 35
18 10
18 27
10 27
10 31
10 4
31 4
31 29
31 9
29 9
29 8
29 28
8 28
40 63
19 34
19 25
34 25
34 13
34 35
13 35
13 4
13 26
4 26
4 18
4 1
18 1
18 19
18 9
19 9
5 19
5 20
5 21
20 21
20 30
20 31
30 31
30 27
30 28
27 28
27 39
27 2
39 2
39 5
39 33
5 33
38 5
38 32
38 12
32 12
32 23
32 16
23 16
23 22
23 40
22 40
22 15
22 29
15 29
15 38
15 24
38 24
6 19
6 14
6 36
14 36
14 3
14 37
3 37
3 8
3 17
8 17
8 7
8 10
7 10
7 6
7 11
6 11
40 63
39 2
39 1
2 1
2 18
2 21
18 21
18 17
18 13
17 13
17 25
17 4
25 4
25 39
25 24
39 24
8 39
8 33
8 38
33 38
33 3
33 12
3 12
3 31
3 36
31 36
31 16
31 10
16 10
16 8
16 15
8 15
35 8
35 32
35 22
32 22
32 26
32 29
26 29
26 20
26 40
20 40
20 5
20 7
5 7
5 35
5 28
35 28
19 39
19 30
19 23
30 23
30 14
30 27
14 27
14 11
14 6
11 6
11 37
11 34
37 34
37 19
37 9
19 9
40 63
15 23
15 3
23 3
23 35
23 25
35 25
35 34
35 39
34 39
34 27
34 37
27 37
27 15
27 38
15 38
11 15
11 8
11 9
8 9
8 6
8 29
6 29
6 14
6 40
14 40
14 4
14 18
4 18
4 11
4 33
11 33
1 11
1 12
1 36
12 36
12 32
12 24
32 24
32 13
32 28
13 28
13 21
13 16
21 16
21 1
21 7
1 7
5 15
5 17
5 31
17 31
17 10
17 22
10 22
10 20
10 2
20 2
20 19
20 26
19 26
19 5
19 30
5 30
40 63
13 28
13 18
28 18
28 26
28 34
26 34
26 3
26 20
3 20
3 17
3 5
17 5
17 13
17 4
13 4
37 13
37 23
37 39
23 39
23 40
23 9
40 9
40 31
40 16
31 16
31 29
31 33
29 33
29 37
29 36
37 36
12 37
12 35
12 2
35 2
35 21
35 7
21 7
21 38
21 8
38 8
38 19
38 22
19 22
19 12
19 32
12 32
1 12
1 11
1 14
11 14
11 6
11 27
6 27
6 24
6 15
24 15
24 25
24 30
25 30
25 1
25 10
1 10
40 63
38 12
38 21
12 21
12 39
12 2
39 2
39 40
39 29
40 29
40 26
40 23
26 23
26 38
26 17
38 17
37 38
37 14
37 10
14 10
14 4
14 1
4 1
4 15
4 8
15 8
15 3
15 11
3 11
3 37
3 28
37 28
16 38
16 34
16 24
34 24
34 20
34 30
20 30
20 13
20 5
13 5
13 22
13 7
22 7
22 16
22 6
16 6
9 38
9 35
9 19
35 19
35 18
35 33
18 33
18 25
18 36
25 36
25 27
25 32
27 32
27 9
27 31
9 31
40 63
20 22
20 13
22 13
22 3
22 35
3 35
3 15
3 1
15 1
15 31
15 18
31 18
31 20
31 36
20 36
10 20
10 11
10 4
11 4
11 16
11 39
16 39
16 24
16 25
24 25
24 5
24 26
5 26
5 10
5 6
10 6
28 20
28 30
28 12
30 12
30 29
30 27
29 27
29 2
29 17
2 17
2 23
2 7
23 7
23 28
23 9
28 9
38 10
38 40
38 19
40 19
40 34
40 37
34 37
34 14
34 33
14 33
14 32
14 8
32 8
32 38
32 21
38 21
40 63
16 28
16 20
28 20
28 31
28 29
31 29
31 18
31 35
18 35
18 10
18 26
10 26
10 16
10 8
16 8
12 16
12 2
12 36
2 36
2 37
2 21
37 21
37 7
37 34
7 34
7 40
7 24
40 24
40 12
40 14
12 14
1 12
1 32
1 15
32 15
32 23
32 19
23 19
23 3
23 39
3 39
3 4
3 11
4 11
4 1
4 27
1 27
25 12
25 22
25 30
22 30
22 38
22 6
38 6
38 33
38 5
33 5
33 17
33 9
17 9
17 25
17 13
25 13
40 63
39 30
39 26
30 26
30 28
30 17
28 17
28 4
28 9
4 9
4 14
4 24
14 24
14 39
14 38
39 38
22 39
22 36
22 32
36 32
36 10
36 37
10 37
10 15
10 20
15 20
15 7
15 25
7 25
7 22
7 12
22 12
5 22
5 23
5 13
23 13
23 1
23 35
1 35
1 3
1 27
3 27
3 21
3 31
21 31
21 5
21 40
5 40
11 39
11 19
11 16
19 16
19 34
19 2
34 2
34 6
34 18
6 18
6 8
6 29
8 29
8 11
8 33
11 33
40 63
24 4
24 29
4 29
4 16
4 2
16 2
16 8
16 37
8 37
8 38
8 18
38 18
38 24
38 27
24 27
40 24
40 20
40 3
20 3
20 19
20 22
19 22
19 7
19 26
7 26
7 5
7 11
5 11
5 40
5 25
40 25
31 24
31 35
31 12
35 12
35 14
35 10
14 10
14 6
14 9
6 9
6 1
6 17
1 17
1 31
1 23
31 23
21 40
21 13
21 32
13 32
13 15
13 34
15 34
15 36
15 30
36 30
36 28
36 39
28 39
28 21
28 33
21 33
40 63
34 38
34 20
38 20
38 18
38 3
18 3
18 8
18 24
8 24
8 1
8 23
1 23
1 34
1 22
34 22
6 34
6 37
6 10
37 10
37 14
37 21
14 21
14 27
14 11
27 11
27 32
27 36
32 36
32 6
32 13
6 13
16 6
16 33
16 26
33 26
33 25
33 39
25 39
25 19
25 4
19 4
19 9
19 12
9 12
9 16
9 29
16 29
35 6
35 28
35 31
28 31
28 7
28 30
7 30
7 40
7 17
40 17
40 15
40 5
15 5
15 35
15 2
35 2
40 63
20 10
20 3
10 3
10 27
10 22
27 22
27 8
27 1
8 1
8 36
8 6
36 6
36 20
36 17
20 17
33 20
33 34
33 31
34 31
34 13
34 11
13 11
13 23
13 19
23 19
23 32
23 40
32 40
32 33
32 2
33 2
4 33
4 25
4 26
25 26
25 12
25 38
12 38
12 18
12 39
18 39
18 21
18 35
21 35
21 4
21 16
4 16
37 20
37 7
37 28
7 28
7 9
7 30
9 30
9 14
9 29
14 29
14 5
14 15
5 15
5 37
5 24
37 24
40 63
12 27
12 7
27 7
27 14
27 39
14 39
14 9
14 40
9 40
9 26
9 16
26 16
26 12
26 33
12 33
19 12
19 3
19 21
3 21
3 38
3 29
38 29
38 5
38 32
5 32
5 30
5 22
30 22
30 19
30 31
19 31
18 12
18 37
18 15
37 15
37 36
37 11
36 11
36 35
36 17
35 17
35 1
35 4
1 4
1 18
1 25
18 25
23 12
23 8
23 20
8 20
8 28
8 6
28 6
28 10
28 34
10 34
10 24
10 2
24 2
24 23
24 13
23 13
40 63
10 31
10 9
31 9
31 30
31 2
30 2
30 33
30 22
33 22
33 16
33 19
16 19
16 10
16 28
10 28
24 10
24 3
24 38
3 38
3 36
3 34
36 34
36 37
36 18
37 18
37 23
37 29
23 29
23 24
23 27
24 27
13 24
13 32
13 35
32 35
32 20
32 6
20 6
20 17
20 15
17 15
17 4
17 26
4 26
4 13
4 5
13 5
39 10
39 11
39 25
11 25
11 40
11 12
40 12
40 8
40 14
8 14
8 21
8 1
21 1
21 39
21 7
39 7
40 63
3 10
3 7
10 7
10 6
10 20
6 20
6 25
6 34
25 34
25 37
25 8
37 8
37 3
37 35
3 35
18 3
18 9
18 30
9 30
9 36
9 28
36 28
36 2
36 22
2 22
2 24
2 19
24 19
24 18
24 21
18 21
5 18
5 15
5 31
15 31
15 40
15 33
40 33
40 27
40 26
27 26
27 4
27 14
4 14
4 5
4 12
5 12
38 18
38 32
38 11
32 11
32 17
32 29
17 29
17 1
17 13
1 13
1 23
1 16
23 16
23 38
23 39
38 39
40 63
10 14
10 34
14 34
14 6
14 23
6 23
6 18
6 32
18 32
18 11
18 1
11 1
11 10
11 9
10 9
29 10
29 31
29 16
31 16
31 13
31 30
13 30
13 4
13 28
4 28
4 36
4 27
36 27
36 29
36 19
29 19
7 10
7 3
7 17
3 17
3 24
3 15
24 15
24 21
24 37
21 37
21 25
21 35
25 35
25 7
25 38
7 38
12 29
12 20
12 26
20 26
20 5
20 22
5 22
5 8
5 40
8 40
8 2
8 33
2 33
2 12
2 39
12 39
40 63
21 34
21 11
34 11
34 39
34 5
39 5
39 36
39 2
36 2
36 26
36 7
26 7
26 21
26 22
21 22
4 21
4 1
4 13
1 13
1 25
1 20
25 20
25 17
25 3
17 3
17 30
17 38
30 38
30 4
30 32
4 32
10 21
10 35
10 18
35 18
35 37
35 15
37 15
37 28
37 23
28 23
28 8
28 40
8 40
8 10
8 9
10 9
6 4
6 12
6 29
12 29
12 19
12 33
19 33
19 31
19 16
31 16
31 24
31 27
24 27
24 6
24 14
6 14
40 63
39 17
39 18
17 18
17 40
17 19
40 19
40 9
40 25
9 25
9 32
9 4
32 4
32 39
32 24
39 24
3 39
3 10
3 30
10 30
10 12
10 35
12 35
12 26
12 36
26 36
26 2
26 7
2 7
2 3
2 27
3 27
21 39
21 8
21 13
8 13
8 15
8 5
15 5
15 23
15 22
23 22
23 31
23 11
31 11
31 21
31 37
21 37
33 39
33 29
33 34
29 34
29 1
29 28
1 28
1 14
1 20
14 20
14 38
14 6
38 6
38 33
38 16
33 16
40 63
11 30
11 28
30 28
30 5
30 12
5 12
5 33
5 24
33 24
33 38
33 17
38 17
38 11
38 10
11 10
21 11
21 2
21 26
2 26
2 7
2 8
7 8
7 39
7 3
39 3
39 29
39 20
29 20
29 21
29 18
21 18
34 11
34 37
34 31
37 31
37 14
37 36
14 36
14 13
14 19
13 19
13 23
13 40
23 40
23 34
23 6
34 6
16 11
16 4
16 9
4 9
4 32
4 22
32 22
32 35
32 27
35 27
35 1
35 25
1 25
1 16
1 15
16 15
40 63
9 16
9 39
16 39
16 25
16 7
25 7
25 38
25 3
38 3
38 17
38 27
17 27
17 9
17 31
9 31
18 9
18 36
18 13
36 13
36 35
36 24
35 24
35 29
35 21
29 21
29 34
29 1
34 1
34 18
34 8
18 8
15 9
15 26
15 19
26 19
26 12
26 5
12 5
12 20
12 33
20 33
20 4
20 23
4 23
4 15
4 28
15 28
32 15
32 37
32 6
37 6
37 10
37 22
10 22
10 2
10 30
2 30
2 14
2 11
14 11
14 32
14 40
32 40
40 63
3 29
3 38
29 38
29 28
29 4
28 4
28 27
28 19
27 19
27 9
27 16
9 16
9 3
9 39
3 39
33 3
33 21
33 40
21 40
21 12
21 6
12 6
12 17
12 7
17 7
17 30
17 14
30 14
30 33
30 11
33 11
34 3
34 23
34 24
23 24
23 37
23 8
37 8
37 25
37 10
25 10
25 22
25 15
22 15
22 34
22 1
34 1
2 33
2 26
2 35
26 35
26 31
26 36
31 36
31 32
31 13
32 13
32 18
32 5
18 5
18 2
18 20
2 20
40 63
8 29
8 1
29 1
29 33
29 16
33 16
33 26
33 19
26 19
26 36
26 12
36 12
36 8
36 25
8 25
6 8
6 37
6 18
37 18
37 40
37 35
40 35
40 21
40 13
21 13
21 10
21 39
10 39
10 6
10 20
6 20
14 8
14 7
14 4
7 4
7 9
7 34
9 34
9 27
9 22
27 22
27 2
27 38
2 38
2 14
2 17
14 17
32 14
32 15
32 3
15 3
15 5
15 24
5 24
5 31
5 30
31 30
31 28
31 23
28 23
28 32
28 11
32 11
40 63
33 38
33 25
38 25
38 19
38 4
19 4
19 28
19 1
28 1
28 16
28 11
16 11
16 33
16 9
33 9
13 33
13 17
13 3
17 3
17 32
17 18
32 18
32 23
32 37
23 37
23 29
23 20
29 20
29 13
29 2
13 2
36 33
36 40
36 21
40 21
40 31
40 22
31 22
31 27
31 24
27 24
27 10
27 15
10 15
10 36
10 39
36 39
14 33
14 5
14 8
5 8
5 35
5 34
35 34
35 26
35 12
26 12
26 6
26 7
6 7
6 14
6 30
14 30
40 63
17 36
17 3
36 3
36 32
36 26
32 26
32 15
32 9
15 9
15 6
15 10
6 10
6 17
6 4
17 4
5 17
5 7
5 40
7 40
7 19
7 38
19 38
19 14
19 22
14 22
14 39
14 13
39 13
39 5
39 16
5 16
28 5
28 34
28 21
34 21
34 35
34 23
35 23
35 11
35 30
11 30
11 18
11 27
18 27
18 28
18 31
28 31
33 17
33 8
33 2
8 2
8 29
8 25
29 25
29 1
29 24
1 24
1 12
1 20
12 20
12 33
12 37
33 37
40 63
4 35
4 13
35 13
35 11
35 17
11 17
11 14
11 40
14 40
14 21
14 31
21 31
21 4
21 22
4 22
25 4
25 34
25 38
34 38
34 3
34 7
3 7
3 6
3 37
6 37
6 26
6 33
26 33
26 25
26 10
25 10
24 4
24 19
24 1
19 1
19 27
19 8
27 8
27 39
27 16
39 16
39 28
39 30
28 30
28 24
28 29
24 29
18 25
18 5
18 20
5 20
5 12
5 2
12 2
12 15
12 23
15 23
15 32
15 9
32 9
32 18
32 36
18 36
40 63
36 26
36 17
26 17
26 22
26 34
22 34
22 4
22 1
4 1
4 31
4 14
31 14
31 36
31 19
36 19
2 36
2 13
2 30
13 30
13 25
13 9
25 9
25 24
25 12
24 12
24 23
24 16
23 16
23 2
23 8
2 8
35 2
35 37
35 5
37 5
37 10
37 11
10 11
10 6
10 15
6 15
6 29
6 20
29 20
29 35
29 18
35 18
21 36
21 7
21 27
7 27
7 32
7 40
32 40
32 33
32 3
33 3
33 38
33 28
38 28
38 21
38 39
21 39
40 63
13 7
13 12
7 12
7 39
7 6
39 6
39 34
39 22
34 22
34 10
34 3
10 3
10 13
10 15
13 15
38 13
38 23
38 32
23 32
23 31
23 36
31 36
31 29
31 5
29 5
29 33
29 20
33 20
33 38
33 2
38 2
21 13
21 9
21 27
9 27
9 40
9 19
40 19
40 25
40 35
25 35
25 37
25 14
37 14
37 21
37 18
21 18
30 38
30 28
30 11
28 11
28 17
28 4
17 4
17 16
17 1
16 1
16 24
16 8
24 8
24 30
24 26
30 26
40 63
9 34
9 28
34 28
34 21
34 4
21 4
21 38
21 8
38 8
38 23
38 17
23 17
23 9
23 7
9 7
3 9
3 35
3 22
35 22
35 36
35 30
36 30
36 2
36 33
2 33
2 29
2 37
29 37
29 3
29 18
3 18
11 9
11 39
11 14
39 14
39 6
39 26
6 26
6 32
6 13
32 13
32 25
32 15
25 15
25 11
25 5
11 5
1 11
1 16
1 19
16 19
16 12
16 24
12 24
12 27
12 31
27 31
27 20
27 10
20 10
20 1
20 40
1 40
40 63
19 25
19 26
25 26
25 33
25 7
33 7
33 16
33 27
16 27
16 29
16 12
29 12
29 19
29 10
19 10
40 19
40 38
40 32
38 32
38 1
38 13
1 13
1 31
1 35
31 35
31 4
31 15
4 15
4 40
4 5
40 5
28 19
28 36
28 17
36 17
36 21
36 20
21 20
21 18
21 23
18 23
18 24
18 8
24 8
24 28
24 30
28 30
9 19
9 2
9 3
2 3
2 11
2 6
11 6
11 34
11 14
34 14
34 22
34 37
22 37
22 9
22 39
9 39
40 63
32 40
32 21
40 21
40 3
40 29
3 29
3 28
3 2
28 2
28 13
28 10
13 10
13 32
13 33
32 33
23 32
23 24
23 35
24 35
24 15
24 26
15 26
15 19
15 30
19 30
19 17
19 22
17 22
17 23
17 16
23 16
39 32
39 5
39 1
5 1
5 9
5 20
9 20
9 37
9 38
37 38
37 18
37 4
18 4
18 39
18 12
39 12
34 23
34 31
34 25
31 25
31 36
31 11
36 11
36 8
36 7
8 7
8 6
8 14
6 14
6 34
6 27
34 27
40 63
7 6
7 4
6 4
6 16
6 5
16 5
16 39
16 38
39 38
39 21
39 15
21 15
21 7
21 26
7 26
12 7
12 40
12 30
40 30
40 2
40 17
2 17
2 31
2 34
31 34
31 28
31 9
28 9
28 12
28 27
12 27
13 7
13 1
13 35
1 35
1 18
1 33
18 33
18 36
18 23
36 23
36 25
36 10
25 10
25 13
25 8
13 8
22 12
22 37
22 19
37 19
37 11
37 20
11 20
11 3
11 24
3 24
3 14
3 32
14 32
14 22
14 29
22 29
40 63
5 36
5 25
36 25
36 21
36 32
21 32
21 34
21 23
34 23
34 24
34 33
24 33
24 5
24 18
5 18
28 5
28 7
28 15
7 15
7 29
7 8
29 8
29 40
29 9
40 9
40 31
40 26
31 26
31 28
31 6
28 6
14 28
14 4
14 1
4 1
4 22
4 3
22 3
22 2
22 10
2 10
2 20
2 19
20 19
20 14
20 30
14 30
12 28
12 13
12 38
13 38
13 35
13 16
35 16
35 27
35 39
27 39
27 37
27 17
37 17
37 12
37 11
12 11
40 63
12 26
12 31
26 31
26 20
26 35
20 35
20 11
20 22
11 22
11 19
11 34
19 34
19 12
19 16
12 16
30 12
30 13
30 38
13 38
13 33
13 8
33 8
33 37
33 28
37 28
37 15
37 14
15 14
15 30
15 18
30 18
27 12
27 1
27 21
1 21
1 7
1 32
7 32
7 36
7 17
36 17
36 6
36 29
6 29
6 27
6 23
27 23
25 27
25 2
25 9
2 9
2 3
2 39
3 39
3 10
3 5
10 5
10 40
10 4
40 4
40 25
40 24
25 24
40 63
39 29
39 5
29 5
29 21
29 22
21 22
21 18
21 8
18 8
18 33
18 26
33 26
33 39
33 16
39 16
9 39
9 23
9 27
23 27
23 19
23 30
19 30
19 38
19 35
38 35
38 31
38 24
31 24
31 9
31 32
9 32
10 9
10 6
10 36
6 36
6 15
6 28
15 28
15 34
15 4
34 4
34 12
34 17
12 17
12 10
12 20
10 20
7 9
7 37
7 25
37 25
37 13
37 1
13 1
13 3
13 2
3 2
3 40
3 11
40 11
40 7
40 14
7 14
40 63
13 11
13 18
11 18
11 40
11 25
40 25
40 7
40 33
7 33
7 12
7 16
12 16
12 13
12 38
13 38
28 13
28 39
28 2
39 2
39 20
39 29
20 29
20 4
20 1
4 1
4 10
4 8
10 8
10 28
10 30
28 30
6 28
6 37
6 27
37 27
37 22
37 26
22 26
22 32
22 31
32 31
32 21
32 34
21 34
21 6
21 36
6 36
3 28
3 5
3 23
5 23
5 24
5 19
24 19
24 35
24 17
35 17
35 9
35 14
9 14
9 3
9 15
3 15
40 63
28 13
28 5
13 5
13 7
13 4
7 4
7 15
7 26
15 26
15 23
15 20
23 20
23 28
23 2
28 2
3 28
3 27
3 32
27 32
27 17
27 37
17 37
17 29
17 39
29 39
29 33
29 25
33 25
33 3
33 14
3 14
24 28
24 40
24 11
40 11
40 16
40 31
16 31
16 8
16 38
8 38
8 9
8 34
9 34
9 24
9 36
24 36
10 3
10 21
10 19
21 19
21 30
21 35
30 35
30 12
30 1
12 1
12 22
12 6
22 6
22 10
22 18
10 18
40 63
40 1
40 5
1 5
1 39
1 32
39 32
39 26
39 22
26 22
26 14
26 3
14 3
14 40
14 27
40 27
18 40
18 4
18 2
4 2
4 11
4 30
11 30
11 8
11 13
8 13
8 25
8 19
25 19
25 18
25 12
18 12
23 40
23 36
23 10
36 10
36 7
36 31
7 31
7 17
7 33
17 33
17 38
17 20
38 20
38 23
38 34
23 34
35 23
35 6
35 16
6 16
6 29
6 28
29 28
29 37
29 15
37 15
37 24
37 21
24 21
24 35
24 9
35 9
40 63
13 19
13 1
19 1
19 11
19 28
11 28
11 36
11 30
36 30
36 32
36 29
32 29
32 13
32 4
13 4
27 13
27 40
27 25
40 25
40 24
40 3
24 3
24 34
24 10
34 10
34 23
34 8
23 8
23 27
23 5
27 5
9 27
9 6
9 35
6 35
6 17
6 31
17 31
17 39
17 21
39 21
39 20
39 38
20 38
20 9
20 18
9 18
16 27
16 37
16 22
37 22
37 7
37 26
7 26
7 33
7 2
33 2
33 15
33 14
15 14
15 16
15 12
16 12
40 63
4 18
4 36
18 36
18 29
18 24
29 24
29 19
29 2
19 2
19 20
19 7
20 7
20 4
20 40
4 40
3 4
3 5
3 34
5 34
5 14
5 22
14 22
14 31
14 11
31 11
31 33
31 30
33 30
33 3
33 21
3 21
16 4
16 28
16 39
28 39
28 32
28 27
32 27
32 9
32 6
9 6
9 38
9 12
38 12
38 16
38 13
16 13
37 4
37 25
37 1
25 1
25 17
25 26
17 26
17 23
17 8
23 8
23 35
23 10
35 10
35 37
35 15
37 15
40 63
9 27
9 37
27 37
27 23
27 1
23 1
23 26
23 22
26 22
26 39
26 11
39 11
39 9
39 25
9 25
6 9
6 21
6 14
21 14
21 32
21 24
32 24
32 19
32 40
19 40
19 15
19 30
15 30
15 6
15 36
6 36
8 9
8 4
8 34
4 34
4 29
4 2
29 2
29 31
29 38
31 38
31 28
31 18
28 18
28 8
28 5
8 5
7 6
7 33
7 17
33 17
33 3
33 13
3 13
3 20
3 16
20 16
20 12
20 10
12 10
12 7
12 35
7 35
40 63
16 4
16 14
4 14
4 5
4 11
5 11
5 40
5 31
40 31
40 17
40 6
17 6
17 16
17 20
16 20
27 16
27 35
27 1
35 1
35 18
35 22
18 22
18 38
18 30
38 30
38 26
38 13
26 13
26 27
26 23
27 23
25 16
25 34
25 29
34 29
34 37
34 12
37 12
37 32
37 8
32 8
32 9
32 3
9 3
9 25
9 10
25 10
36 16
36 33
36 7
33 7
33 21
33 39
21 39
21 28
21 24
28 24
28 15
28 19
15 19
15 36
15 2
36 2
40 63
29 7
29 14
7 14
7 4
7 30
4 30
4 24
4 10
24 10
24 3
24 27
3 27
3 29
3 31
29 31
19 29
19 2
19 18
2 18
2 35
2 17
35 17
35 38
35 13
38 13
38 34
38 22
34 22
34 19
34 1
19 1
8 29
8 15
8 6
15 6
15 16
15 33
16 33
16 36
16 40
36 40
36 11
36 32
11 32
11 8
11 28
8 28
20 8
20 12
20 25
12 25
12 9
12 23
9 23
9 37
9 21
37 21
37 26
37 5
26 5
26 20
26 39
20 39
40 63
33 24
33 11
24 11
24 34
24 2
34 2
34 32
34 3
32 3
32 15
32 31
15 31
15 33
15 18
33 18
12 33
12 30
12 4
30 4
30 10
30 20
10 20
10 25
10 36
25 36
25 8
25 17
8 17
8 12
8 29
12 29
26 12
26 27
26 22
27 22
27 40
27 7
40 7
40 5
40 35
5 35
5 6
5 19
6 19
6 26
6 37
26 37
28 26
28 9
28 1
9 1
9 38
9 21
38 21
38 16
38 13
16 13
16 39
16 14
39 14
39 28
39 23
28 23
40 63
27 6
27 37
6 37
6 5
6 35
5 35
5 21
5 3
21 3
21 28
21 1
28 1
28 27
28 4
27 4
12 27
12 40
12 17
40 17
40 25
40 24
25 24
25 23
25 20
23 20
23 32
23 39
32 39
32 12
32 33
12 33
18 12
18 15
18 36
15 36
15 11
15 29
11 29
11 19
11 38
19 38
19 30
19 9
30 9
30 18
30 16
18 16
10 12
10 13
10 34
13 34
13 7
13 8
7 8
7 2
7 22
2 22
2 14
2 31
14 31
14 10
14 26
10 26
40 63
25 7
25 36
7 36
7 28
7 22
28 22
28 23
28 37
23 37
23 40
23 2
40 2
40 25
40 12
25 12
16 25
16 31
16 15
31 15
31 1
31 30
1 30
1 34
1 10
34 10
34 20
34 32
20 32
20 16
20 39
16 39
27 25
27 17
27 19
17 19
17 9
17 14
9 14
9 33
9 8
33 8
33 11
33 13
11 13
11 27
11 5
27 5
21 16
21 26
21 6
26 6
26 3
26 35
3 35
3 38
3 24
38 24
38 4
38 18
4 18
4 21
4 29
21 29
40 63
31 9
31 28
9 28
9 36
9 4
36 4
36 3
36 23
3 23
3 30
3 17
30 17
30 31
30 21
31 21
15 31
15 26
15 8
26 8
26 10
26 5
10 5
10 12
10 34
12 34
12 37
12 29
37 29
37 15
37 38
15 38
19 31
19 27
19 32
27 32
27 13
27 40
13 40
13 35
13 39
35 39
35 1
35 33
1 33
1 19
1 2
19 2
6 15
6 25
6 11
25 11
25 16
25 22
16 22
16 7
16 20
7 20
7 24
7 18
24 18
24 6
24 14
6 14
40 63
18 13
18 28
13 28
13 8
13 32
8 32
8 40
8 37
40 37
40 14
40 10
14 10
14 18
14 24
18 24
1 18
1 15
1 9
15 9
15 16
15 19
16 19
16 20
16 21
20 21
20 30
20 35
30 35
30 1
30 4
1 4
39 1
39 17
39 2
17 2
17 26
17 31
26 31
26 33
26 11
33 11
33 27
33 6
27 6
27 39
27 36
39 36
5 18
5 25
5 38
25 38
25 3
25 29
3 29
3 34
3 23
34 23
34 12
34 22
12 22
12 5
12 7
5 7
40 63
32 25
32 29
25 29
25 38
25 13
38 13
38 19
38 23
19 23
19 6
19 36
6 36
6 32
6 18
32 18
40 32
40 4
40 15
4 15
4 30
4 14
30 14
30 21
30 27
21 27
21 12
21 39
12 39
12 40
12 22
40 22
1 32
1 9
1 11
9 11
9 24
9 10
24 10
24 26
24 37
26 37
26 7
26 16
7 16
7 1
7 35
1 35
33 1
33 8
33 2
8 2
8 20
8 34
20 34
20 28
20 3
28 3
28 31
28 5
31 5
31 33
31 17
33 17
40 63
22 40
22 25
40 25
40 5
40 20
5 20
5 8
5 14
8 14
8 27
8 31
27 31
27 22
27 11
22 11
21 22
21 29
21 23
29 23
29 28
29 13
28 13
28 6
28 12
6 12
6 7
6 9
7 9
7 21
7 38
21 38
15 21
15 10
15 17
10 17
10 26
10 34
26 34
26 36
26 19
36 19
36 35
36 24
35 24
35 15
35 32
15 32
33 15
33 30
33 18
30 18
30 3
30 39
3 39
3 16
3 37
16 37
16 4
16 1
4 1
4 33
4 2
33 2
40 63
7 28
7 32
28 32
28 36
28 16
36 16
36 5
36 27
5 27
5 21
5 17
21 17
21 7
21 1
7 1
14 7
14 38
14 3
38 3
38 19
38 23
19 23
19 22
19 26
22 26
22 40
22 6
40 6
40 14
40 24
14 24
13 14
13 30
13 29
30 29
30 31
30 35
31 35
31 4
31 39
4 39
4 9
4 18
9 18
9 13
9 33
13 33
2 13
2 15
2 10
15 10
15 20
15 25
20 25
20 8
20 37
8 37
8 34
8 11
34 11
34 2
34 12
2 12
40 63
7 24
7 8
24 8
24 29
24 27
29 27
29 35
29 9
35 9
35 40
35 31
40 31
40 7
40 26
7 26
17 7
17 39
17 16
39 16
39 28
39 6
28 6
28 32
28 38
32 38
32 13
32 22
13 22
13 17
13 36
17 36
14 7
14 20
14 15
20 15
20 12
20 1
12 1
12 5
12 19
5 19
5 3
5 11
3 11
3 14
3 4
14 4
21 7
21 23
21 33
23 33
23 10
23 30
10 30
10 37
10 2
37 2
37 18
37 34
18 34
18 21
18 25
21 25
