40 65
21 13
13 10
10 17
17 28
28 1
1 27
27 20
20 36
36 8
8 23
23 32
32 25
25 5
5 12
12 26
26 7
7 19
19 15
15 37
37 16
16 30
30 22
22 31
31 35
35 4
4 40
40 11
11 2
2 14
14 34
34 38
38 39
39 24
24 9
9 6
6 29
29 33
33 18
18 3
3 21
10 9
34 4
33 27
36 17
19 34
32 2
37 9
11 32
37 39
36 24
11 13
12 17
34 22
17 16
14 24
9 29
30 35
27 12
34 11
37 23
7 14
13 8
29 22
30 26
18 37
40 121
1 17
17 20
20 15
15 39
39 25
25 37
37 36
36 14
14 18
18 31
31 16
16 12
12 24
24 22
22 34
34 40
40 4
4 28
28 29
29 23
23 13
13 2
2 27
27 5
5 8
8 10
10 35
35 11
11 3
3 21
21 38
38 7
7 6
6 33
33 32
32 19
19 9
9 26
26 30
30 1
17 23
29 26
18 28
34 39
35 31
28 30
11 7
13 12
20 8
39 5
40 36
8 25
4 1
39 31
34 8
6 9
23 30
23 18
7 35
7 36
32 36
24 15
27 39
3 36
20 37
32 17
8 33
4 37
34 16
36 19
22 31
39 1
1 10
40 23
34 36
8 39
9 7
24 18
30 33
22 20
12 6
15 2
10 7
40 3
18 15
4 7
30 32
17 8
12 34
20 27
5 15
33 37
37 34
16 5
32 34
36 5
5 12
10 16
28 21
22 35
4 25
9 3
29 7
31 27
16 36
13 25
18 7
11 33
20 30
8 4
13 10
17 5
33 29
1 33
6 4
28 38
16 19
6 17
18 33
35 14
2 34
40 125
25 20
20 17
17 26
26 14
14 30
30 5
5 36
36 12
12 19
19 8
8 15
15 3
3 39
39 21
21 7
7 35
35 22
22 29
29 18
18 1
1 33
33 32
32 11
11 34
34 4
4 13
13 37
37 9
9 28
28 24
24 6
6 31
31 40
40 23
23 27
27 16
16 10
10 38
38 2
2 25
6 7
19 1
5 23
31 12
30 40
19 22
1 12
6 12
27 2
40 10
19 10
39 7
26 25
13 23
16 4
6 32
34 19
7 30
28 22
24 15
14 36
16 7
25 24
26 32
38 29
14 37
6 16
39 31
27 20
7 20
15 9
33 22
33 9
5 17
30 32
29 15
4 21
19 7
33 40
19 27
6 8
31 8
35 9
25 6
14 1
20 14
20 19
16 8
35 1
17 9
19 14
23 24
7 36
14 15
5 4
10 25
40 4
26 38
33 28
3 33
16 12
1 8
21 2
26 11
34 23
31 3
35 10
26 33
12 39
1 25
20 29
17 22
36 35
2 23
2 32
1 27
25 27
14 33
1 11
15 23
11 9
40 29
31 24
36 34
15 40
40 97
37 36
36 2
2 24
24 20
20 7
7 10
10 22
22 15
15 30
30 14
14 4
4 39
39 26
26 16
16 29
29 21
21 11
11 9
9 1
1 6
6 13
13 35
35 3
3 19
19 38
38 23
23 18
18 17
17 32
32 12
12 28
28 25
25 5
5 34
34 40
40 33
33 8
8 31
31 27
27 37
22 1
9 31
3 40
4 34
15 12
23 32
38 28
10 3
21 17
16 31
30 10
15 19
35 32
14 2
15 7
8 37
31 32
24 15
28 19
4 15
27 28
11 14
5 12
6 24
18 31
33 32
8 39
30 13
20 30
35 36
8 23
3 18
13 23
11 5
3 7
5 20
20 2
5 32
9 18
7 39
35 33
38 21
8 7
31 3
4 30
39 34
1 11
11 28
2 32
40 22
15 11
3 37
35 6
20 35
28 31
1 34
24 3
40 64
38 33
33 4
4 7
7 3
3 18
18 40
40 20
20 17
17 16
16 36
36 39
39 26
26 2
2 21
21 14
14 10
10 31
31 1
1 5
5 19
19 28
28 35
35 29
29 13
13 11
11 9
9 23
23 22
22 24
24 27
27 37
37 8
8 34
34 25
25 15
15 30
30 6
6 32
32 12
12 38
30 36
7 8
22 32
6 25
21 35
15 11
4 34
32 40
9 17
33 21
8 23
15 35
31 2
29 9
36 2
2 3
23 29
40 21
12 7
22 11
34 21
22 4
36 5
34 33
40 109
37 23
23 28
28 27
27 22
22 34
34 30
30 2
2 15
15 9
9 36
36 6
6 12
12 18
18 31
31 39
39 5
5 14
14 32
32 25
25 4
4 29
29 17
17 7
7 26
26 19
19 1
1 24
24 20
20 11
11 16
16 3
3 35
35 21
21 10
10 33
33 8
8 13
13 40
40 38
38 37
6 20
9 18
27 13
1 37
17 31
28 9
38 9
5 10
37 22
18 7
14 8
16 30
21 20
32 12
1 21
4 3
17 36
35 6
21 4
2 38
28 26
12 27
18 17
25 20
21 3
25 36
22 15
22 33
19 11
26 4
5 16
6 30
13 14
30 38
22 13
12 19
29 28
9 25
19 17
11 38
33 23
11 7
35 16
12 4
12 36
28 13
33 16
39 23
20 37
37 39
11 6
29 9
3 15
15 5
30 21
2 40
30 24
3 30
2 19
24 2
35 9
13 10
23 17
5 40
14 17
12 1
34 25
27 39
7 4
40 98
34 5
5 32
32 33
33 21
21 24
24 14
14 9
9 6
6 37
37 35
35 18
18 3
3 25
25 38
38 10
10 13
13 29
29 20
20 1
1 2
2 31
31 23
23 39
39 11
11 28
28 8
8 40
40 4
4 22
22 7
7 27
27 36
36 26
26 15
15 19
19 16
16 30
30 17
17 12
12 34
4 1
39 32
12 39
27 32
19 31
25 27
38 2
30 11
13 8
6 12
6 24
28 37
12 16
23 5
1 35
18 39
34 36
34 33
29 35
4 10
28 22
37 14
37 30
33 26
31 13
33 14
12 11
36 16
23 40
5 37
25 10
30 28
25 24
8 19
19 14
38 27
35 22
36 11
38 6
13 15
24 40
6 26
13 3
12 32
23 27
16 17
7 15
5 9
35 30
31 36
30 15
9 37
10 32
31 38
13 24
10 29
19 21
17 36
40 137
2 1
1 33
33 30
30 15
15 11
11 6
6 5
5 21
21 17
17 7
7 36
36 16
16 23
23 25
25 20
20 38
38 34
34 40
40 39
39 19
19 12
12 24
24 9
9 22
22 18
18 31
31 26
26 29
29 28
28 13
13 4
4 3
3 37
37 35
35 14
14 8
8 27
27 10
10 32
32 2
24 38
28 18
40 2
30 12
1 6
18 25
21 11
4 7
1 35
3 2
13 18
37 25
17 9
27 26
38 32
23 31
31 10
11 32
29 22
17 40
32 6
1 31
27 40
36 20
4 17
13 3
40 4
19 6
20 11
26 20
29 17
36 32
25 13
35 11
22 37
12 17
18 15
5 19
25 12
5 2
31 13
19 29
15 34
8 6
20 21
8 39
40 6
1 22
18 16
23 40
26 2
18 35
20 35
12 36
3 8
1 12
8 24
26 40
6 36
15 19
32 30
40 36
1 5
17 5
11 40
13 6
25 17
19 38
15 17
9 28
14 9
8 36
16 5
11 33
12 3
39 36
8 23
31 19
15 23
19 9
38 12
39 34
15 3
16 9
26 7
5 31
18 4
29 6
39 29
25 32
25 3
34 13
29 25
24 2
15 36
26 38
12 2
40 138
21 37
37 3
3 33
33 7
7 18
18 31
31 6
6 19
19 10
10 34
34 40
40 11
11 14
14 28
28 16
16 26
26 36
36 35
35 23
23 30
30 24
24 2
2 39
39 4
4 27
27 9
9 32
32 8
8 5
5 38
38 15
15 25
25 22
22 1
1 17
17 29
29 13
13 12
12 20
20 21
15 1
23 24
19 39
21 30
17 20
13 38
6 2
20 30
39 8
13 33
12 23
11 23
1 20
32 15
33 14
11 5
24 6
37 36
3 39
15 30
12 7
4 13
6 36
12 16
21 19
2 5
40 18
4 14
26 15
22 29
13 11
32 24
36 27
11 21
27 7
24 12
6 5
3 14
9 15
1 3
30 28
6 40
4 6
1 7
11 4
4 18
29 8
28 6
34 3
26 23
3 17
35 1
8 22
40 4
20 25
4 9
36 3
9 3
7 34
5 26
8 18
16 4
24 26
18 24
32 4
37 5
34 31
3 23
8 30
33 17
37 9
30 4
31 22
2 3
16 5
38 7
32 19
37 31
13 34
25 4
7 32
14 12
18 19
35 16
22 30
13 18
29 5
19 33
25 24
28 39
27 15
25 37
14 22
25 34
24 10
39 10
34 23
37 13
40 126
10 37
37 30
30 36
36 17
17 14
14 19
19 7
7 8
8 40
40 34
34 21
21 28
28 25
25 9
9 35
35 33
33 2
2 11
11 16
16 27
27 23
23 24
24 12
12 15
15 29
29 13
13 5
5 4
4 3
3 38
38 26
26 1
1 6
6 18
18 20
20 22
22 32
32 39
39 31
31 10
9 27
6 9
3 40
36 12
19 9
39 22
11 3
5 39
16 2
34 2
30 13
32 12
37 3
32 20
1 29
16 29
26 33
39 28
2 18
5 27
31 23
7 40
5 32
39 40
16 30
21 9
25 31
14 11
6 40
12 19
24 9
9 14
39 38
33 27
5 2
13 34
17 28
8 22
6 22
35 17
23 15
1 28
16 38
36 27
29 23
19 36
33 39
37 21
35 29
37 35
40 16
38 6
5 19
34 27
17 13
19 24
40 9
7 14
6 23
13 16
5 21
4 37
12 38
15 34
24 27
28 26
25 4
21 17
38 17
39 12
40 20
17 39
30 14
1 39
3 34
8 38
35 22
18 14
33 15
30 35
18 39
12 28
21 27
36 23
34 36
22 11
40 92
33 36
36 11
11 10
10 28
28 4
4 5
5 24
24 12
12 30
30 21
21 3
3 2
2 31
31 29
29 7
7 1
1 35
35 18
18 34
34 39
39 9
9 32
32 13
13 37
37 6
6 16
16 14
14 25
25 40
40 8
8 19
19 23
23 38
38 20
20 27
27 17
17 26
26 22
22 15
15 33
7 19
20 40
21 31
32 39
21 28
31 12
30 37
14 35
31 9
1 24
30 36
4 27
9 3
16 20
14 6
29 36
39 27
39 6
12 40
24 19
4 12
1 29
18 28
20 6
39 15
25 24
22 27
6 10
16 2
10 19
4 1
13 16
18 1
21 36
29 39
33 16
20 37
14 7
6 24
31 20
12 5
25 11
28 29
13 28
11 4
35 30
27 29
35 11
2 23
30 4
28 40
29 35
40 81
5 8
8 11
11 3
3 39
39 2
2 27
27 10
10 23
23 16
16 14
14 7
7 25
25 34
34 17
17 26
26 1
1 6
6 4
4 40
40 12
12 30
30 9
9 22
22 28
28 32
32 38
38 15
15 19
19 35
35 33
33 37
37 36
36 20
20 29
29 13
13 24
24 18
18 21
21 31
31 5
29 11
7 35
35 18
6 24
3 9
33 22
38 24
15 14
27 40
4 9
22 18
6 21
29 1
26 18
24 22
8 6
15 6
14 11
6 30
21 28
36 17
4 25
20 13
7 28
38 11
36 21
33 28
37 3
4 3
25 32
5 28
10 29
39 23
24 23
10 17
35 9
33 2
27 35
4 34
16 13
37 11
40 130
27 37
37 7
7 24
24 40
40 39
39 28
28 32
32 19
19 5
5 22
22 35
35 25
25 9
9 21
21 13
13 4
4 1
1 2
2 15
15 36
36 26
26 17
17 29
29 8
8 33
33 34
34 11
11 23
23 10
10 16
16 18
18 30
30 20
20 6
6 38
38 12
12 3
3 31
31 14
14 27
3 17
17 14
3 19
18 26
35 12
21 40
37 8
12 9
22 4
13 31
9 31
8 38
25 5
28 13
1 37
3 21
5 30
40 25
22 8
25 30
40 8
12 14
4 2
10 26
21 26
25 29
10 34
31 35
19 21
15 17
1 26
28 15
16 19
17 7
24 2
27 11
12 32
30 13
30 24
11 13
24 10
24 29
34 9
25 33
25 14
19 4
30 36
13 5
38 23
20 38
8 14
19 37
15 7
16 21
35 27
40 19
14 11
12 15
11 35
8 26
24 3
40 36
11 16
25 15
5 29
3 6
20 18
1 40
39 30
36 8
1 21
39 31
33 13
24 38
18 37
11 30
8 13
20 15
28 36
31 27
18 29
16 13
32 17
27 20
35 20
7 34
28 40
32 8
9 28
5 1
40 45
8 28
28 9
9 20
20 27
27 17
17 3
3 12
12 39
39 15
15 6
6 36
36 24
24 29
29 14
14 18
18 7
7 31
31 5
5 33
33 38
38 16
16 10
10 26
26 13
13 40
40 2
2 11
11 34
34 4
4 35
35 23
23 37
37 1
1 21
21 22
22 30
30 32
32 19
19 25
25 8
28 19
39 9
39 21
30 15
1 39
40 97
5 1
1 8
8 6
6 4
4 22
22 12
12 10
10 2
2 23
23 16
16 27
27 11
11 21
21 35
35 26
26 14
14 39
39 25
25 9
9 30
30 33
33 24
24 19
19 15
15 38
38 36
36 34
34 17
17 13
13 20
20 32
32 28
28 18
18 31
31 40
40 3
3 37
37 7
7 29
29 5
6 3
12 29
21 36
36 4
2 20
18 13
15 32
22 31
23 15
37 15
39 7
4 7
4 12
8 33
16 31
14 15
36 12
13 26
36 30
15 31
30 28
25 12
37 31
18 33
28 4
29 14
3 35
38 13
5 34
29 39
30 39
32 18
3 8
40 20
22 10
7 34
21 6
36 16
10 33
11 14
34 38
36 9
38 21
37 25
30 31
8 31
20 5
19 26
10 36
3 20
38 11
40 27
39 1
9 23
28 26
22 17
31 21
40 88
14 26
26 29
29 31
31 16
16 36
36 28
28 39
39 20
20 1
1 19
19 30
30 4
4 2
2 27
27 24
24 35
35 23
23 13
13 38
38 12
12 21
21 9
9 32
32 11
11 34
34 6
6 37
37 17
17 7
7 3
3 10
10 33
33 5
5 18
18 22
22 15
15 8
8 40
40 25
25 14
2 30
25 9
36 38
20 31
36 8
34 20
37 13
16 24
18 38
1 35
16 38
5 1
22 29
32 20
11 10
22 16
27 37
30 36
1 34
5 38
40 1
3 37
38 27
34 4
34 39
12 24
3 30
39 13
15 2
35 6
39 2
32 4
32 23
14 8
32 18
17 8
30 28
29 6
39 5
28 38
9 12
31 33
17 31
20 7
34 22
6 14
20 2
37 19
40 127
40 32
32 17
17 33
33 22
22 28
28 31
31 9
9 15
15 12
12 6
6 36
36 24
24 8
8 1
1 7
7 20
20 23
23 35
35 34
34 5
5 29
29 19
19 10
10 27
27 2
2 38
38 11
11 30
30 18
18 39
39 16
16 3
3 13
13 25
25 37
37 14
14 26
26 4
4 21
21 40
33 36
13 14
18 14
23 3
21 14
17 5
21 25
34 37
33 39
38 24
14 24
6 9
2 11
40 16
19 36
33 28
31 12
22 34
2 24
23 7
36 30
9 32
4 2
22 29
35 1
20 4
5 1
25 2
12 28
34 12
24 39
29 12
35 29
28 29
22 37
24 40
36 10
11 12
27 31
40 31
6 15
2 37
10 23
10 22
8 15
40 18
7 34
31 6
28 26
38 36
34 31
19 15
23 12
35 13
11 34
37 9
18 25
28 21
6 22
5 38
36 1
25 35
15 30
38 29
7 37
5 23
26 22
40 22
19 31
8 10
3 4
9 40
27 11
24 5
7 31
29 7
2 6
36 14
33 25
13 2
26 34
26 40
16 1
28 35
5 4
5 16
30 31
40 43
26 16
16 5
5 33
33 18
18 25
25 36
36 40
40 15
15 8
8 24
24 9
9 32
32 20
20 21
21 28
28 12
12 13
13 11
11 10
10 19
19 27
27 37
37 3
3 31
31 6
6 34
34 39
39 22
22 14
14 2
2 7
7 1
1 4
4 23
23 38
38 17
17 35
35 30
30 29
29 26
23 21
32 31
27 28
40 99
17 31
31 25
25 4
4 20
20 29
29 9
9 36
36 32
32 30
30 34
34 1
1 12
12 3
3 2
2 38
38 26
26 27
27 39
39 6
6 18
18 16
16 35
35 15
15 19
19 10
10 14
14 40
40 21
21 13
13 24
24 8
8 23
23 5
5 28
28 37
37 7
7 33
33 22
22 11
11 17
39 1
29 37
10 34
16 9
17 2
3 4
4 13
8 11
14 25
36 35
36 39
36 8
38 8
35 10
14 5
15 32
37 34
11 10
17 32
9 37
32 9
34 21
37 23
19 17
22 37
21 10
32 26
32 29
37 14
39 21
40 6
37 16
40 33
32 39
21 14
37 3
29 6
35 17
38 29
18 25
40 7
17 5
35 34
24 22
1 2
33 30
40 32
20 6
33 20
1 14
3 26
14 36
35 26
25 35
25 8
24 2
32 7
24 36
20 38
40 83
3 22
22 10
10 34
34 29
29 33
33 32
32 14
14 20
20 27
27 15
15 4
4 28
28 24
24 26
26 18
18 39
39 12
12 36
36 16
16 30
30 21
21 23
23 2
2 38
38 35
35 5
5 31
31 8
8 40
40 25
25 13
13 9
9 1
1 19
19 6
6 7
7 37
37 17
17 11
11 3
27 1
38 8
39 11
4 6
32 29
26 11
2 37
38 40
16 2
12 10
32 31
13 18
13 26
7 34
25 8
28 18
2 22
4 16
5 11
37 33
32 37
4 12
6 32
17 35
27 22
19 32
10 38
20 9
18 20
30 19
27 38
17 29
22 31
26 9
10 31
3 32
15 7
8 7
39 24
3 30
40 37
28 27
36 25
40 64
23 5
5 17
17 4
4 18
18 22
22 8
8 24
24 35
35 19
19 37
37 14
14 39
39 12
12 21
21 34
34 10
10 29
29 9
9 33
33 11
11 3
3 13
13 31
31 6
6 36
36 1
1 16
16 32
32 26
26 20
20 28
28 2
2 25
25 40
40 38
38 27
27 7
7 30
30 15
15 23
35 7
11 16
7 32
9 36
28 18
33 25
34 28
11 28
15 18
38 20
9 14
24 6
38 18
31 9
2 13
28 30
4 32
7 2
13 18
28 15
26 22
14 24
10 8
16 31
40 139
27 21
21 39
39 4
4 9
9 16
16 7
7 14
14 30
30 3
3 8
8 19
19 20
20 29
29 36
36 24
24 22
22 10
10 15
15 1
1 23
23 12
12 40
40 32
32 13
13 35
35 34
34 11
11 5
5 38
38 18
18 6
6 31
31 2
2 17
17 33
33 37
37 26
26 25
25 28
28 27
16 24
2 28
34 36
9 22
5 17
32 38
3 40
28 33
2 3
6 37
23 36
40 26
11 10
17 7
14 40
10 2
29 14
18 33
18 27
33 11
12 18
9 25
5 13
17 37
9 14
26 4
32 21
15 23
30 1
35 22
34 4
26 19
15 21
17 31
10 26
10 19
5 6
29 19
3 23
37 1
32 1
37 12
19 39
8 22
6 7
13 29
15 28
20 36
33 20
30 19
36 21
2 20
7 38
38 40
21 3
11 27
8 6
1 8
3 26
11 9
40 17
32 28
6 40
13 17
2 7
33 40
34 22
25 18
18 22
40 39
15 38
22 20
5 24
19 21
17 21
38 33
18 29
33 4
27 6
33 3
1 29
27 14
5 20
35 19
18 32
7 35
17 23
26 34
4 23
35 40
39 7
3 5
12 26
28 14
8 36
11 26
21 1
28 5
20 12
40 52
31 7
7 3
3 28
28 4
4 19
19 27
27 33
33 5
5 24
24 13
13 9
9 17
17 20
20 8
8 40
40 29
29 38
38 34
34 10
10 39
39 18
18 6
6 23
23 1
1 11
11 16
16 26
26 14
14 37
37 35
35 25
25 36
36 22
22 2
2 12
12 21
21 30
30 32
32 15
15 31
13 31
16 38
39 21
15 39
34 25
26 40
10 32
9 33
15 24
33 10
23 34
3 32
40 78
21 18
18 17
17 40
40 37
37 10
10 14
14 28
28 35
35 22
22 32
32 15
15 30
30 4
4 13
13 16
16 34
34 20
20 6
6 31
31 5
5 9
9 19
19 27
27 3
3 26
26 11
11 38
38 8
8 25
25 24
24 12
12 2
2 29
29 36
36 39
39 7
7 1
1 23
23 33
33 21
1 17
15 34
29 33
1 4
33 31
16 37
38 37
15 13
28 20
31 40
11 34
25 4
16 8
10 21
35 13
30 33
13 20
38 25
14 3
30 26
23 6
31 4
27 6
15 39
18 4
10 27
21 22
35 21
31 11
7 27
3 36
8 15
17 23
37 20
25 33
5 37
30 21
33 11
40 115
36 3
3 24
24 38
38 12
12 15
15 16
16 4
4 14
14 6
6 5
5 13
13 19
19 21
21 2
2 26
26 29
29 7
7 31
31 20
20 35
35 32
32 23
23 17
17 37
37 1
1 34
34 33
33 39
39 28
28 18
18 10
10 22
22 25
25 11
11 30
30 40
40 9
9 27
27 8
8 36
3 21
35 16
28 14
39 26
31 2
25 20
5 24
39 22
40 6
14 15
30 34
38 1
3 32
22 18
38 25
17 15
31 24
26 17
1 10
8 34
40 16
22 20
11 24
27 29
28 29
38 21
24 17
29 30
20 30
20 24
8 24
28 30
15 32
28 9
5 30
7 18
25 30
19 20
5 14
15 22
7 34
1 7
21 1
11 8
27 13
10 30
33 35
16 25
17 29
23 7
36 19
10 32
20 9
18 34
15 36
39 17
15 37
30 35
38 29
31 22
2 39
20 29
21 39
2 25
40 26
22 38
39 6
3 27
32 19
2 30
10 29
12 27
28 4
20 16
30 19
40 104
21 6
6 1
1 24
24 5
5 37
37 20
20 38
38 39
39 22
22 12
12 15
15 9
9 10
10 36
36 32
32 26
26 16
16 31
31 27
27 34
34 3
3 19
19 7
7 35
35 40
40 4
4 28
28 11
11 33
33 13
13 8
8 23
23 2
2 18
18 30
30 17
17 25
25 29
29 14
14 21
13 28
4 36
30 12
23 17
20 1
11 15
18 9
9 37
27 36
36 21
31 20
21 10
32 12
23 18
8 4
1 16
32 14
10 5
22 37
19 27
33 16
10 1
10 11
36 9
8 10
28 7
7 33
5 31
26 9
1 19
23 24
26 13
3 2
4 2
3 28
30 39
25 35
30 16
35 19
36 7
1 17
20 5
31 18
6 38
11 31
14 9
5 26
26 6
2 5
29 30
8 7
40 14
13 38
27 7
9 19
34 26
9 20
31 23
23 35
10 28
21 13
25 39
39 37
28 22
40 44
13 11
11 22
22 2
2 8
8 30
30 5
5 34
34 18
18 1
1 23
23 19
19 32
32 33
33 38
38 29
29 37
37 36
36 20
20 26
26 10
10 9
9 35
35 17
17 4
4 21
21 3
3 25
25 39
39 6
6 27
27 7
7 15
15 12
12 14
14 31
31 16
16 24
24 40
40 28
28 13
34 19
25 16
39 15
6 8
40 64
11 35
35 13
13 15
15 4
4 34
34 10
10 1
1 25
25 21
21 8
8 37
37 9
9 22
22 5
5 40
40 3
3 7
7 38
38 16
16 32
32 14
14 36
36 19
19 2
2 6
6 27
27 31
31 18
18 24
24 20
20 29
29 26
26 30
30 28
28 12
12 39
39 23
23 33
33 17
17 11
29 30
34 40
40 26
5 18
35 9
40 39
28 31
23 34
10 31
31 16
2 25
17 19
7 39
1 24
12 21
4 29
7 21
14 25
3 19
14 13
37 7
20 32
28 37
15 6
40 105
13 9
9 36
36 28
28 37
37 23
23 32
32 26
26 34
34 15
15 30
30 14
14 22
22 31
31 2
2 16
16 20
20 12
12 5
5 35
35 27
27 4
4 18
18 25
25 29
29 6
6 1
1 3
3 33
33 8
8 11
11 7
7 24
24 39
39 38
38 19
19 40
40 10
10 17
17 21
21 13
16 13
16 9
36 33
29 12
6 18
1 21
29 39
28 8
2 25
12 24
27 34
32 19
14 40
15 39
11 14
26 11
38 20
2 24
24 34
32 2
24 18
36 26
24 35
24 14
28 23
9 32
13 28
8 6
34 19
39 27
5 7
12 19
11 37
5 2
3 6
12 35
31 34
8 21
8 18
3 26
7 25
31 25
27 40
31 26
35 34
10 31
35 11
13 32
6 37
27 17
30 35
24 16
24 38
25 34
14 23
13 34
1 38
18 23
14 9
22 25
19 22
1 4
36 39
40 15
15 23
40 69
33 15
15 17
17 13
13 8
8 6
6 35
35 23
23 36
36 29
29 24
24 3
3 11
11 4
4 5
5 28
28 19
19 7
7 25
25 31
31 21
21 37
37 2
2 30
30 16
16 34
34 9
9 18
18 12
12 26
26 38
38 39
39 1
1 32
32 27
27 22
22 10
10 40
40 14
14 20
20 33
35 34
22 31
15 25
1 7
28 27
37 32
16 13
20 27
4 33
40 18
14 25
34 8
36 28
13 3
35 40
27 23
24 32
27 13
5 39
27 29
12 14
10 21
39 7
34 22
17 23
23 22
3 20
14 18
10 17
40 99
14 29
29 24
24 9
9 6
6 25
25 22
22 20
20 40
40 8
8 36
36 23
23 37
37 11
11 2
2 39
39 26
26 1
1 12
12 27
27 17
17 33
33 16
16 34
34 28
28 10
10 13
13 4
4 30
30 32
32 19
19 21
21 3
3 5
5 15
15 31
31 38
38 7
7 18
18 35
35 14
33 18
14 27
4 18
33 8
20 24
19 39
16 3
29 15
28 25
29 36
30 12
35 24
24 27
7 23
32 12
22 29
20 37
9 19
15 22
8 9
16 5
12 13
1 7
13 28
8 23
26 34
9 26
17 5
6 34
23 19
15 18
35 2
27 7
4 40
33 40
16 23
16 9
21 7
11 7
16 6
32 23
8 1
22 11
34 15
37 3
29 3
30 31
32 38
21 16
11 17
9 37
40 32
36 21
17 30
14 34
24 33
34 32
24 5
27 4
40 115
6 24
24 18
18 30
30 1
1 21
21 28
28 5
5 23
23 22
22 19
19 25
25 37
37 36
36 39
39 33
33 40
40 20
20 8
8 11
11 27
27 12
12 14
14 2
2 13
13 38
38 32
32 4
4 35
35 26
26 10
10 31
31 17
17 34
34 9
9 15
15 3
3 16
16 7
7 29
29 6
23 10
26 23
26 9
10 14
1 13
37 12
37 27
7 17
9 31
27 32
32 34
24 22
12 4
24 25
31 36
30 36
16 38
10 13
14 33
31 2
11 37
21 15
12 17
16 36
4 30
31 30
4 24
26 1
20 15
24 33
37 10
25 39
9 21
15 28
16 2
14 30
13 34
1 4
12 13
12 32
21 2
19 29
8 36
24 1
15 7
18 37
23 12
17 38
34 35
39 22
25 30
40 35
39 27
3 35
20 23
7 3
32 11
27 29
32 9
32 1
34 20
15 31
11 30
22 37
12 39
30 28
24 40
25 11
17 14
30 20
8 5
20 14
31 39
28 22
32 6
40 137
30 17
17 36
36 3
3 34
34 14
14 8
8 7
7 19
19 29
29 5
5 33
33 12
12 23
23 27
27 21
21 25
25 39
39 9
9 6
6 35
35 22
22 10
10 37
37 13
13 4
4 1
1 38
38 15
15 40
40 20
20 26
26 28
28 31
31 24
24 16
16 11
11 18
18 32
32 2
2 30
6 11
13 16
40 27
8 39
15 14
24 4
29 32
3 22
19 30
33 1
10 16
35 10
7 31
19 22
1 9
21 4
37 32
14 23
16 2
12 6
8 23
15 10
31 10
30 7
27 36
26 15
38 11
28 6
4 6
34 36
5 28
39 38
24 13
17 20
18 7
26 10
11 3
9 33
31 36
18 38
12 11
27 28
37 7
35 38
33 25
23 37
3 2
36 11
8 18
40 14
25 8
17 28
40 29
21 39
18 28
21 37
8 1
15 27
14 20
13 12
6 1
18 15
14 11
13 21
32 25
2 35
17 24
40 26
35 40
24 19
11 31
5 13
8 15
32 11
33 3
19 23
17 39
21 22
24 34
5 23
16 28
22 31
20 10
27 33
1 3
12 34
8 27
3 28
35 36
1 19
37 33
38 37
25 24
23 9
1 10
2 6
24 5
40 76
24 5
5 18
18 9
9 34
34 21
21 11
11 26
26 28
28 15
15 33
33 10
10 23
23 13
13 7
7 37
37 27
27 35
35 22
22 31
31 40
40 8
8 29
29 39
39 2
2 6
6 4
4 19
19 20
20 17
17 38
38 14
14 30
30 16
16 3
3 32
32 1
1 36
36 12
12 25
25 24
20 34
4 34
7 36
20 32
37 39
23 32
36 38
31 25
19 14
9 27
16 9
33 40
19 39
37 21
11 27
39 35
38 8
18 38
23 29
30 18
26 23
34 2
26 20
14 5
26 21
10 4
38 21
20 12
1 3
12 32
12 30
14 11
11 23
21 24
2 12
9 35
40 113
33 34
34 28
28 36
36 24
24 25
25 19
19 31
31 27
27 9
9 37
37 16
16 3
3 23
23 12
12 21
21 38
38 39
39 2
2 40
40 10
10 7
7 8
8 14
14 6
6 1
1 32
32 18
18 15
15 29
29 4
4 13
13 20
20 22
22 17
17 35
35 26
26 11
11 5
5 30
30 33
10 16
1 40
3 28
1 28
4 24
12 9
5 35
24 38
16 34
39 16
2 9
30 40
36 39
17 13
5 13
11 19
28 17
23 8
33 28
25 6
30 16
20 6
35 16
17 24
23 9
29 11
33 5
30 18
26 28
40 29
20 4
31 10
15 4
34 25
30 15
22 1
5 9
25 29
24 22
22 21
36 21
7 15
34 39
38 30
15 14
6 8
37 21
11 12
35 3
23 35
37 25
27 11
7 27
31 6
16 12
23 5
28 21
40 34
6 26
2 15
17 40
39 29
35 14
24 14
37 13
33 9
8 34
36 11
27 8
36 33
22 6
20 19
23 22
40 45
27 17
17 19
19 26
26 21
21 13
13 37
37 28
28 15
15 7
7 3
3 14
14 40
40 23
23 11
11 24
24 33
33 1
1 30
30 36
36 6
6 35
35 12
12 10
10 31
31 16
16 8
8 4
4 9
9 2
2 29
29 5
5 34
34 18
18 20
20 38
38 22
22 39
39 32
32 25
25 27
35 10
36 28
31 7
2 14
22 14
40 40
5 39
39 17
17 2
2 8
8 10
10 12
12 23
23 1
1 18
18 25
25 21
21 31
31 40
40 15
15 22
22 6
6 11
11 27
27 14
14 19
19 7
7 9
9 35
35 36
36 24
24 3
3 13
13 38
38 34
34 28
28 33
33 16
16 37
37 29
29 4
4 32
32 20
20 26
26 30
30 5
40 99
12 20
20 37
37 4
4 30
30 13
13 29
29 22
22 11
11 27
27 26
26 23
23 3
3 8
8 40
40 33
33 34
34 24
24 25
25 28
28 2
2 10
10 1
1 15
15 17
17 7
7 32
32 6
6 5
5 18
18 21
21 38
38 19
19 14
14 39
39 31
31 36
36 16
16 35
35 9
9 12
38 22
36 3
34 29
21 23
18 37
25 11
4 27
7 40
5 38
36 8
15 37
5 11
38 27
39 17
38 40
36 21
2 31
18 39
29 12
10 30
16 4
34 14
18 24
40 24
7 10
24 38
4 29
26 14
32 23
24 36
1 9
22 2
27 16
30 9
7 12
6 16
31 18
9 25
2 8
19 35
6 37
12 6
20 32
15 16
28 27
4 12
27 5
37 14
3 10
5 2
14 11
6 28
33 2
8 38
17 25
18 2
39 21
39 8
23 1
40 123
25 10
10 40
40 14
14 31
31 21
21 18
18 27
27 1
1 19
19 24
24 16
16 8
8 37
37 23
23 32
32 34
34 20
20 11
11 17
17 22
22 28
28 12
12 29
29 26
26 39
39 6
6 9
9 7
7 2
2 35
35 33
33 36
36 4
4 13
13 3
3 38
38 15
15 30
30 5
5 25
21 19
13 2
16 22
28 30
1 13
9 21
6 35
30 19
24 26
14 34
17 19
21 39
13 24
24 6
22 7
34 30
11 33
14 29
11 38
24 30
40 35
8 32
17 25
24 27
11 40
36 6
27 7
19 35
8 6
23 36
25 6
9 11
37 28
30 39
6 38
20 28
30 22
3 23
8 35
24 18
34 11
18 14
27 3
3 40
13 7
1 32
12 9
1 9
11 10
12 15
4 1
40 1
9 27
13 39
37 14
15 5
29 25
15 6
37 25
22 14
8 20
26 34
9 37
26 18
20 5
18 20
18 35
27 4
17 8
32 18
16 36
8 27
32 35
32 14
32 25
15 29
3 10
24 2
36 27
28 9
10 33
20 10
1 38
40 79
7 25
25 19
19 12
12 3
3 39
39 23
23 36
36 21
21 38
38 17
17 26
26 40
40 10
10 16
16 34
34 15
15 29
29 18
18 5
5 33
33 1
1 6
6 11
11 9
9 22
22 31
31 14
14 4
4 30
30 27
27 8
8 2
2 20
20 13
13 24
24 28
28 32
32 35
35 37
37 7
29 31
3 38
2 15
16 19
20 17
38 11
37 28
16 28
40 11
31 25
12 25
5 2
23 37
24 32
14 33
22 34
11 31
19 23
40 15
36 27
4 17
4 3
36 38
28 17
35 21
18 11
2 16
35 3
7 22
22 38
22 26
22 21
36 4
14 24
12 22
22 40
36 34
28 2
34 37
40 111
20 13
13 24
24 2
2 4
4 28
28 26
26 18
18 7
7 3
3 8
8 16
16 40
40 22
22 12
12 30
30 25
25 31
31 17
17 11
11 14
14 37
37 38
38 33
33 15
15 5
5 34
34 9
9 36
36 1
1 39
39 32
32 27
27 19
19 29
29 23
23 6
6 21
21 35
35 10
10 20
21 38
15 20
24 6
27 11
5 9
30 8
29 5
7 19
26 7
5 12
22 28
5 27
24 16
33 18
11 15
37 20
27 24
35 12
18 4
28 5
32 1
37 15
11 3
30 33
38 2
11 20
3 34
8 20
39 17
31 22
4 29
15 36
37 7
19 13
2 15
35 36
35 15
1 19
5 23
7 22
18 21
35 13
37 2
29 39
39 40
1 22
30 19
6 22
26 23
37 28
29 24
25 23
21 13
7 35
10 5
3 40
13 7
33 1
25 12
20 26
25 29
21 16
33 14
29 28
31 26
21 5
21 8
29 36
24 12
36 8
20 3
40 82
7 31
31 18
18 34
34 25
25 37
37 4
4 3
3 8
8 15
15 13
13 35
35 20
20 5
5 12
12 32
32 23
23 9
9 1
1 29
29 40
40 11
11 2
2 21
21 26
26 14
14 39
39 22
22 6
6 27
27 19
19 30
30 38
38 16
16 36
36 28
28 17
17 24
24 33
33 10
10 7
8 33
35 15
19 1
18 6
37 26
20 33
28 39
30 36
17 35
25 36
16 11
40 10
28 21
2 6
1 17
16 20
26 19
13 19
3 6
29 10
5 29
5 3
22 13
38 25
29 23
9 18
9 38
14 29
20 40
19 12
33 12
6 23
11 34
12 16
30 33
4 5
35 11
18 19
24 40
26 6
24 23
26 28
40 135
40 6
6 37
37 30
30 19
19 12
12 33
33 36
36 4
4 32
32 35
35 34
34 11
11 27
27 16
16 18
18 13
13 1
1 39
39 25
25 5
5 15
15 10
10 38
38 29
29 21
21 14
14 28
28 2
2 22
22 9
9 8
8 23
23 7
7 26
26 3
3 20
20 24
24 31
31 17
17 40
23 4
6 16
35 20
13 24
38 1
14 18
8 26
6 12
9 18
29 39
1 37
7 37
7 38
4 40
10 22
34 13
30 35
10 3
28 24
2 17
21 17
21 4
11 5
20 37
37 2
35 10
28 1
38 8
27 36
24 16
16 22
15 17
34 12
16 38
23 34
21 9
26 6
21 12
7 17
5 7
1 23
14 20
8 35
30 29
40 14
31 40
35 16
31 25
30 34
16 3
11 33
20 6
23 2
5 33
39 15
20 19
5 14
17 4
17 18
36 21
23 35
15 30
22 12
9 3
5 6
32 6
33 40
23 31
19 11
11 4
12 8
10 14
2 21
28 7
20 7
38 28
36 39
6 23
8 17
29 32
39 31
11 38
36 24
24 6
2 18
40 20
16 40
4 38
40 23
12 35
20 4
5 17
20 27
15 28
14 26
40 109
28 34
34 36
36 1
1 5
5 4
4 21
21 11
11 27
27 13
13 15
15 32
32 19
19 9
9 30
30 35
35 40
40 22
22 16
16 10
10 25
25 37
37 17
17 29
29 24
24 39
39 31
31 26
26 23
23 38
38 33
33 18
18 6
6 7
7 20
20 3
3 12
12 2
2 8
8 14
14 28
26 21
33 29
18 26
7 16
29 26
24 35
34 3
9 8
15 3
28 35
8 18
6 1
25 20
8 27
31 25
9 22
16 1
33 8
10 40
19 23
14 6
26 3
40 7
27 5
26 35
10 1
29 3
1 15
39 23
23 25
20 26
31 30
38 7
1 28
8 32
19 21
27 26
28 21
16 14
25 2
13 21
7 30
14 5
13 8
11 17
10 20
17 7
15 29
1 23
26 39
11 32
20 24
33 1
19 2
14 3
23 21
24 40
32 10
4 3
26 28
15 11
25 9
28 9
30 32
12 32
23 15
5 20
21 10
4 31
40 78
29 25
25 1
1 3
3 15
15 13
13 18
18 22
22 14
14 11
11 38
38 5
5 27
27 32
32 33
33 20
20 6
6 10
10 9
9 17
17 40
40 37
37 4
4 31
31 34
34 12
12 39
39 21
21 8
8 28
28 19
19 2
2 24
24 7
7 30
30 23
23 36
36 35
35 26
26 16
16 29
1 27
22 8
35 11
17 20
34 29
39 28
6 11
27 35
20 25
38 39
15 6
18 33
17 34
35 34
35 1
32 17
16 33
33 24
27 40
33 15
23 11
3 23
23 19
29 10
19 35
27 31
40 8
2 12
23 21
22 29
5 12
39 14
30 9
5 3
2 9
37 38
19 6
1 28
40 138
10 29
29 23
23 21
21 9
9 1
1 17
17 14
14 13
13 40
40 19
19 8
8 32
32 3
3 36
36 18
18 37
37 25
25 31
31 4
4 39
39 2
2 24
24 20
20 28
28 16
16 30
30 27
27 15
15 6
6 35
35 34
34 12
12 11
11 38
38 5
5 33
33 22
22 26
26 7
7 10
9 30
16 38
5 32
30 35
40 5
21 22
24 12
33 17
27 2
32 23
29 3
29 17
22 20
27 17
27 36
24 5
24 33
5 20
31 2
13 1
28 21
18 29
10 26
12 26
29 6
26 17
3 12
5 19
37 30
14 10
4 16
23 33
28 39
14 37
23 22
5 22
35 8
30 22
37 5
36 26
37 39
32 36
30 33
34 29
31 14
21 36
16 36
13 4
24 23
25 12
7 4
1 36
9 18
40 22
19 27
32 9
5 12
19 12
40 24
30 29
8 13
11 10
28 23
23 7
37 33
35 18
32 18
6 19
16 37
26 31
31 29
28 33
1 19
16 25
7 30
4 33
19 35
1 20
3 21
30 15
15 16
6 34
29 38
11 33
11 36
6 20
25 13
26 24
3 17
11 21
7 5
4 29
31 23
15 1
39 6
7 15
6 16
13 20
40 45
2 10
10 7
7 14
14 24
24 15
15 33
33 32
32 6
6 12
12 23
23 30
30 1
1 4
4 40
40 19
19 9
9 35
35 36
36 21
21 25
25 37
37 13
13 39
39 16
16 27
27 38
38 22
22 17
17 26
26 28
28 29
29 5
5 3
3 8
8 11
11 34
34 18
18 20
20 31
31 2
11 22
39 36
2 19
1 23
21 11
40 66
17 28
28 24
24 35
35 26
26 3
3 29
29 37
37 27
27 11
11 18
18 34
34 22
22 21
21 40
40 32
32 25
25 36
36 39
39 1
1 7
7 19
19 33
33 12
12 30
30 15
15 5
5 6
6 38
38 20
20 13
13 2
2 4
4 23
23 10
10 16
16 14
14 8
8 9
9 31
31 17
16 20
6 24
30 39
21 13
22 18
9 34
34 8
18 15
3 17
33 40
25 38
12 10
32 19
15 17
25 39
15 29
33 14
22 33
12 27
22 38
22 36
18 14
36 33
3 2
12 1
27 38
40 71
33 32
32 29
29 8
8 6
6 26
26 25
25 28
28 24
24 4
4 14
14 11
11 39
39 13
13 38
38 17
17 20
20 37
37 19
19 22
22 12
12 1
1 2
2 31
31 30
30 21
21 40
40 36
36 27
27 34
34 7
7 3
3 23
23 18
18 5
5 15
15 16
16 9
9 35
35 10
10 33
29 9
5 25
7 10
37 2
6 24
26 8
22 31
22 17
37 14
17 27
36 7
5 34
33 35
15 29
21 17
10 1
32 18
15 11
22 11
33 6
8 19
28 12
30 17
24 33
31 10
40 1
28 33
4 25
11 10
16 30
23 33
40 77
1 18
18 5
5 19
19 40
40 30
30 6
6 24
24 22
22 4
4 8
8 28
28 27
27 23
23 16
16 32
32 25
25 34
34 11
11 36
36 37
37 15
15 35
35 26
26 17
17 33
33 39
39 38
38 3
3 10
10 12
12 7
7 20
20 14
14 29
29 31
31 2
2 13
13 9
9 21
21 1
3 26
17 36
11 22
12 33
33 15
17 12
11 28
39 11
38 6
39 29
25 18
40 3
14 9
14 23
12 22
18 39
28 19
2 40
7 3
30 8
23 8
20 31
3 15
4 3
17 24
19 21
9 25
13 32
33 16
34 15
1 29
19 9
23 7
29 40
19 25
29 36
19 36
40 67
29 15
15 19
19 38
38 11
11 13
13 9
9 5
5 24
24 37
37 1
1 8
8 17
17 27
27 28
28 6
6 12
12 23
23 33
33 32
32 25
25 16
16 3
3 35
35 36
36 21
21 7
7 4
4 14
14 40
40 20
20 2
2 10
10 22
22 39
39 26
26 18
18 30
30 34
34 31
31 29
20 13
38 27
29 36
32 15
23 11
14 22
17 18
1 7
14 19
24 23
32 31
25 7
34 13
7 5
31 39
36 31
18 22
22 33
5 40
3 12
40 33
20 11
10 11
39 6
34 9
32 7
19 37
40 81
24 22
22 26
26 8
8 7
7 9
9 12
12 32
32 25
25 37
37 15
15 14
14 11
11 21
21 23
23 29
29 39
39 31
31 38
38 28
28 33
33 30
30 5
5 19
19 13
13 18
18 35
35 20
20 40
40 17
17 16
16 10
10 2
2 4
4 6
6 27
27 1
1 36
36 3
3 34
34 24
18 2
34 29
11 23
10 5
18 15
27 8
24 14
40 13
14 4
29 37
17 30
3 37
1 19
9 22
13 3
16 37
17 1
31 18
1 39
7 15
34 15
25 33
25 24
9 23
31 5
35 9
40 31
2 1
16 32
3 2
3 17
11 32
22 27
20 15
36 39
13 35
12 14
27 32
39 27
1 11
6 20
40 139
21 15
15 4
4 6
6 35
35 30
30 23
23 8
8 39
39 3
3 38
38 12
12 36
36 33
33 9
9 1
1 7
7 18
18 22
22 17
17 13
13 28
28 34
34 20
20 10
10 26
26 5
5 14
14 31
31 11
11 16
16 24
24 19
19 27
27 37
37 29
29 32
32 25
25 2
2 40
40 21
21 17
11 32
30 37
21 33
32 26
7 40
38 17
28 7
27 15
34 37
20 21
37 14
14 35
34 11
9 11
10 17
19 15
25 33
1 28
8 16
34 7
2 39
33 28
6 30
13 36
18 39
11 5
22 25
24 32
24 4
8 34
19 2
5 9
20 22
36 28
16 17
40 23
38 1
36 31
39 40
36 9
12 22
5 17
30 28
38 20
8 28
27 40
16 29
32 17
40 29
21 9
6 26
36 2
30 21
6 13
36 14
7 37
23 26
31 13
21 3
6 37
32 40
14 18
5 7
35 27
24 13
37 21
29 17
34 10
38 37
16 7
11 12
35 13
19 9
27 9
16 40
12 14
20 6
7 26
15 6
32 27
20 13
23 18
40 33
37 19
19 33
20 4
22 29
25 30
22 7
20 19
10 37
29 9
5 18
36 35
6 38
26 30
32 31
19 13
40 44
12 25
25 26
26 24
24 22
22 1
1 19
19 27
27 40
40 34
34 38
38 8
8 18
18 11
11 3
3 23
23 15
15 6
6 7
7 16
16 35
35 14
14 32
32 33
33 37
37 30
30 13
13 28
28 36
36 21
21 9
9 29
29 2
2 20
20 10
10 17
17 31
31 4
4 5
5 39
39 12
12 36
40 9
36 5
40 18
40 100
9 21
21 15
15 25
25 5
5 14
14 3
3 7
7 22
22 17
17 1
1 8
8 31
31 23
23 6
6 35
35 29
29 27
27 26
26 2
2 20
20 34
34 24
24 18
18 36
36 39
39 16
16 40
40 30
30 19
19 33
33 32
32 13
13 4
4 11
11 10
10 38
38 12
12 28
28 37
37 9
38 29
35 33
20 21
40 38
4 21
8 7
21 8
22 27
1 16
32 10
35 9
32 24
30 39
13 20
31 27
40 3
20 5
14 32
29 23
11 28
14 4
13 22
26 40
8 35
29 3
1 13
9 36
18 37
14 38
35 5
39 10
38 30
20 22
26 30
21 6
33 3
14 15
17 3
16 6
12 33
40 19
22 32
34 1
10 9
18 7
22 18
24 27
3 12
11 26
9 29
33 27
18 10
27 39
1 4
9 22
10 20
4 6
40 5
28 29
37 25
40 122
3 9
9 13
13 28
28 38
38 32
32 21
21 22
22 40
40 24
24 36
36 39
39 7
7 12
12 5
5 10
10 14
14 23
23 4
4 20
20 6
6 27
27 2
2 37
37 15
15 30
30 16
16 33
33 29
29 18
18 35
35 11
11 8
8 26
26 34
34 25
25 1
1 31
31 19
19 17
17 3
24 37
28 12
36 21
29 8
15 34
25 28
21 18
5 17
11 15
1 4
10 27
34 27
32 2
16 4
16 24
17 2
13 40
18 27
28 34
15 1
33 17
24 33
14 20
4 32
30 3
37 17
9 26
17 30
15 7
3 20
21 23
23 32
29 5
36 38
31 24
18 40
40 19
20 15
2 1
4 6
22 28
18 31
23 24
17 12
17 40
14 9
35 39
27 38
32 36
11 31
14 16
33 18
27 15
23 28
18 13
23 5
11 21
36 31
31 34
4 11
37 7
31 4
19 30
5 13
31 14
33 3
33 36
37 1
25 10
2 6
1 30
7 33
29 1
28 16
32 18
30 23
23 27
20 19
37 25
22 37
17 38
1 33
40 53
26 14
14 9
9 24
24 20
20 16
16 6
6 1
1 17
17 39
39 31
31 35
35 38
38 22
22 25
25 10
10 33
33 32
32 28
28 21
21 37
37 5
5 13
13 11
11 18
18 23
23 15
15 27
27 36
36 19
19 7
7 29
29 8
8 3
3 34
34 4
4 30
30 40
40 12
12 2
2 26
17 22
37 8
39 38
32 5
10 12
9 23
19 8
38 9
29 25
23 37
10 24
26 1
17 35
40 110
32 15
15 21
21 25
25 10
10 2
2 1
1 12
12 23
23 36
36 3
3 26
26 16
16 22
22 4
4 5
5 7
7 39
39 40
40 34
34 9
9 30
30 20
20 31
31 17
17 13
13 6
6 18
18 11
11 27
27 24
24 19
19 33
33 37
37 38
38 14
14 28
28 35
35 8
8 29
29 32
10 19
7 29
28 5
3 30
3 13
32 24
2 35
5 13
29 36
26 20
15 22
10 34
13 29
15 5
6 10
6 34
37 23
37 39
27 28
34 1
6 9
36 38
14 23
23 20
10 37
39 8
18 30
23 11
27 30
30 17
16 2
14 36
26 28
5 39
40 30
1 30
4 40
13 23
8 12
40 38
27 19
23 39
33 31
40 3
26 9
12 17
15 23
23 2
32 39
31 29
19 23
14 40
27 14
30 21
4 20
38 8
12 3
2 19
7 34
19 15
15 11
32 14
10 11
38 6
29 30
40 13
12 5
26 17
16 32
16 11
40 102
3 21
21 1
1 24
24 34
34 40
40 23
23 6
6 27
27 19
19 5
5 36
36 14
14 38
38 32
32 26
26 16
16 39
39 28
28 9
9 4
4 31
31 10
10 18
18 33
33 8
8 12
12 22
22 11
11 2
2 30
30 15
15 13
13 20
20 17
17 25
25 37
37 7
7 35
35 29
29 3
40 39
17 38
38 33
32 33
18 24
17 26
21 25
39 1
14 15
28 7
34 10
37 4
14 11
34 20
15 2
4 25
19 12
7 24
22 3
2 37
17 3
17 1
15 6
39 33
8 21
28 13
36 35
28 27
25 32
6 22
10 36
39 34
21 2
22 30
30 13
24 38
33 19
32 8
25 24
40 21
33 17
40 17
33 22
30 23
12 33
16 15
19 30
14 13
31 14
8 4
30 11
35 33
9 5
16 35
3 32
14 21
39 26
5 39
37 24
10 21
5 1
11 16
40 42
4 21
21 18
18 15
15 22
22 6
6 34
34 13
13 32
32 7
7 12
12 28
28 35
35 37
37 23
23 39
39 3
3 11
11 30
30 16
16 25
25 40
40 33
33 19
19 24
24 31
31 8
8 26
26 5
5 14
14 9
9 10
10 20
20 29
29 38
38 36
36 17
17 27
27 2
2 1
1 4
4 6
24 35
40 111
36 23
23 15
15 28
28 16
16 8
8 5
5 17
17 40
40 34
34 1
1 7
7 3
3 31
31 38
38 9
9 32
32 29
29 25
25 13
13 11
11 24
24 4
4 35
35 10
10 30
30 37
37 14
14 21
21 19
19 2
2 27
27 33
33 22
22 6
6 12
12 39
39 26
26 20
20 18
18 36
15 13
37 5
9 14
31 16
14 35
10 13
37 18
5 21
4 17
19 24
26 8
23 21
8 22
17 6
34 8
5 3
22 28
28 37
24 33
34 39
4 31
40 38
14 32
40 35
40 22
32 4
26 40
25 37
39 22
2 15
36 1
26 31
18 7
37 11
11 3
32 24
25 2
3 12
23 34
19 22
9 19
28 4
21 12
36 14
20 33
8 17
20 23
12 4
33 36
39 38
18 6
12 8
5 1
25 20
33 10
22 37
2 28
13 9
16 33
20 32
38 6
13 8
25 33
23 14
24 17
6 5
13 34
37 17
20 13
29 35
25 12
40 101
12 13
13 15
15 39
39 25
25 32
32 30
30 24
24 7
7 28
28 11
11 34
34 26
26 40
40 36
36 10
10 20
20 27
27 5
5 18
18 14
14 6
6 35
35 23
23 1
1 31
31 9
9 4
4 19
19 2
2 16
16 22
22 21
21 29
29 38
38 8
8 17
17 33
33 37
37 3
3 12
9 16
10 34
9 13
6 16
25 3
1 36
23 6
30 31
18 33
17 35
11 27
21 26
18 23
24 31
35 11
4 3
24 1
17 18
35 26
16 1
5 15
4 33
32 20
4 32
2 10
28 18
16 31
11 37
4 12
8 28
25 18
4 39
28 40
6 13
27 38
35 25
5 26
8 3
22 5
25 22
36 18
24 22
36 7
21 36
40 37
27 16
25 19
12 20
9 35
6 19
34 31
5 6
40 15
31 6
40 23
3 21
4 20
22 37
36 33
40 11
28 27
40 139
22 34
34 4
4 33
33 23
23 40
40 9
9 25
25 18
18 38
38 39
39 6
6 13
13 32
32 3
3 5
5 28
28 17
17 12
12 36
36 14
14 31
31 20
20 21
21 30
30 11
11 16
16 2
2 24
24 29
29 27
27 35
35 37
37 7
7 26
26 1
1 19
19 8
8 10
10 15
15 22
12 38
23 22
40 18
5 38
1 18
34 12
22 11
35 6
33 2
40 38
38 21
5 40
25 29
23 1
12 32
18 10
25 32
17 26
20 22
12 10
39 33
7 35
11 5
2 36
39 20
28 15
37 8
4 15
25 6
20 40
5 36
14 10
13 33
17 37
19 20
18 29
27 8
6 3
29 23
36 39
21 18
33 15
6 18
8 9
31 29
38 19
26 38
17 33
26 36
1 16
26 29
39 8
32 31
36 8
15 3
17 6
8 22
29 12
19 28
14 4
9 24
21 29
32 18
32 7
17 5
36 18
9 21
13 20
5 20
2 17
12 27
33 30
6 31
9 30
21 2
13 23
21 14
26 33
39 32
19 23
34 31
1 15
37 19
18 34
17 1
15 24
24 28
39 9
3 34
4 32
20 17
28 13
18 3
28 25
31 26
14 9
38 10
39 26
38 13
40 58
1 32
32 40
40 2
2 30
30 5
5 31
31 9
9 38
38 8
8 21
21 6
6 28
28 18
18 39
39 10
10 20
20 24
24 25
25 7
7 34
34 26
26 35
35 33
33 17
17 14
14 23
23 19
19 4
4 11
11 22
22 15
15 36
36 13
13 3
3 12
12 37
37 29
29 27
27 16
16 1
19 34
12 22
6 1
17 38
2 16
3 23
4 29
7 2
17 6
34 21
39 33
33 37
33 5
5 23
33 9
17 26
14 22
16 25
40 48
2 22
22 17
17 15
15 19
19 13
13 33
33 7
7 5
5 16
16 27
27 10
10 4
4 36
36 12
12 8
8 24
24 30
30 1
1 34
34 32
32 11
11 26
26 37
37 20
20 31
31 38
38 40
40 29
29 23
23 14
14 25
25 35
35 39
39 21
21 9
9 3
3 18
18 6
6 28
28 2
7 13
33 6
2 18
12 40
31 4
30 12
36 28
30 26
40 56
21 9
9 4
4 19
19 30
30 36
36 33
33 1
1 24
24 7
7 13
13 27
27 34
34 18
18 35
35 32
32 6
6 40
40 22
22 31
31 39
39 37
37 25
25 8
8 10
10 38
38 29
29 3
3 20
20 2
2 17
17 12
12 15
15 26
26 16
16 11
11 14
14 5
5 28
28 23
23 21
15 5
23 35
16 24
32 29
15 13
13 30
36 20
24 6
25 36
4 29
13 1
11 8
40 7
38 19
17 24
31 26
40 68
19 6
6 17
17 35
35 28
28 11
11 16
16 1
1 8
8 5
5 9
9 30
30 27
27 24
24 12
12 14
14 29
29 32
32 26
26 25
25 23
23 37
37 40
40 4
4 21
21 20
20 2
2 22
22 3
3 18
18 36
36 34
34 39
39 33
33 31
31 13
13 38
38 15
15 7
7 10
10 19
36 30
2 40
8 37
5 15
14 4
29 11
12 11
36 23
35 37
5 36
36 12
14 3
34 7
25 6
40 36
38 1
25 24
37 18
4 15
3 16
10 12
9 21
12 27
25 21
25 5
25 22
9 20
35 26
40 84
31 29
29 36
36 19
19 32
32 24
24 28
28 38
38 20
20 25
25 23
23 33
33 14
14 27
27 18
18 21
21 5
5 15
15 17
17 16
16 40
40 12
12 30
30 22
22 26
26 39
39 9
9 10
10 11
11 1
1 6
6 37
37 4
4 2
2 8
8 7
7 35
35 3
3 13
13 34
34 31
11 34
37 35
2 3
35 28
28 15
1 27
28 33
7 30
39 40
27 28
39 24
17 23
14 3
8 16
37 40
10 30
27 29
18 15
37 19
21 24
37 21
9 33
29 1
2 1
26 37
2 26
3 16
13 4
11 37
23 22
14 19
19 13
35 14
20 22
37 30
11 17
21 30
22 19
20 31
8 36
38 34
26 29
9 38
17 9
40 70
7 1
1 28
28 20
20 10
10 24
24 32
32 19
19 8
8 39
39 2
2 4
4 3
3 18
18 25
25 14
14 35
35 26
26 36
36 12
12 40
40 5
5 31
31 33
33 13
13 30
30 17
17 38
38 16
16 23
23 6
6 9
9 37
37 22
22 34
34 21
21 15
15 27
27 11
11 29
29 7
31 14
12 17
4 29
2 30
32 4
31 9
19 31
13 3
33 17
28 10
21 39
23 1
35 20
31 8
7 12
1 34
25 37
30 14
20 5
1 6
21 19
39 26
36 11
29 28
5 39
19 14
26 34
35 9
19 1
19 3
40 119
31 28
28 13
13 6
6 2
2 38
38 40
40 33
33 4
4 7
7 39
39 12
12 27
27 22
22 30
30 17
17 29
29 25
25 37
37 32
32 16
16 18
18 8
8 21
21 11
11 20
20 26
26 23
23 15
15 36
36 24
24 35
35 10
10 19
19 34
34 1
1 3
3 9
9 5
5 14
14 31
32 17
34 12
36 2
3 31
11 37
25 10
5 37
7 16
12 37
2 35
17 25
12 20
39 32
32 35
16 36
27 33
35 3
14 40
14 20
2 20
17 11
29 40
3 20
30 39
40 12
14 39
11 34
35 27
20 1
40 31
29 3
40 18
24 34
16 30
31 29
8 1
2 1
12 10
10 29
24 7
24 26
5 22
4 35
2 26
26 7
24 23
11 5
16 12
32 26
13 12
25 35
31 15
27 1
33 23
33 13
33 5
27 28
25 16
7 14
29 23
15 6
26 16
23 36
4 12
6 11
12 6
18 24
12 21
31 26
38 30
15 21
27 25
30 2
25 8
27 31
3 28
34 38
25 11
1 17
40 73
5 40
40 31
31 29
29 21
21 13
13 8
8 12
12 23
23 24
24 22
22 27
27 20
20 3
3 10
10 15
15 11
11 38
38 19
19 2
2 1
1 34
34 16
16 14
14 37
37 33
33 35
35 18
18 30
30 4
4 6
6 32
32 28
28 25
25 17
17 26
26 7
7 39
39 9
9 36
36 5
8 5
19 1
3 15
38 5
20 28
2 11
28 13
39 19
22 33
28 17
11 36
3 30
15 16
3 5
26 11
4 34
17 7
7 14
9 11
8 28
2 10
8 11
15 1
18 32
31 23
15 21
12 38
18 6
12 6
24 34
4 14
28 33
10 11
40 81
16 2
2 9
9 31
31 35
35 6
6 28
28 40
40 19
19 36
36 15
15 1
1 12
12 11
11 4
4 13
13 7
7 21
21 5
5 22
22 32
32 37
37 25
25 24
24 3
3 29
29 27
27 23
23 38
38 34
34 26
26 39
39 33
33 30
30 8
8 17
17 20
20 14
14 10
10 18
18 16
3 12
40 5
20 32
10 15
20 24
5 2
3 32
34 31
9 8
12 31
30 5
18 22
38 27
8 15
23 10
9 23
24 27
36 29
28 25
33 40
27 10
21 27
35 4
29 26
24 17
33 24
29 31
19 22
26 7
14 9
12 10
3 4
8 5
6 24
10 28
36 23
34 2
17 18
39 34
6 21
1 2
40 106
36 23
23 35
35 39
39 32
32 7
7 27
27 30
30 34
34 21
21 9
9 20
20 2
2 37
37 6
6 33
33 38
38 17
17 24
24 5
5 11
11 12
12 10
10 25
25 15
15 13
13 18
18 31
31 3
3 8
8 4
4 19
19 40
40 29
29 16
16 28
28 1
1 14
14 26
26 22
22 36
29 36
4 30
17 32
13 3
22 23
4 21
37 19
22 24
6 20
37 11
3 24
28 18
35 8
23 4
38 39
30 33
27 38
37 24
27 16
5 6
39 13
31 10
37 38
9 1
29 30
9 7
31 6
1 20
39 4
28 40
15 9
7 12
24 29
31 17
15 1
8 12
33 20
38 4
37 26
7 4
15 2
29 23
24 10
18 19
5 26
4 6
28 8
16 9
16 1
36 11
4 24
17 29
5 31
26 17
31 22
25 16
1 11
28 31
14 2
34 1
5 18
15 17
24 14
32 38
17 4
34 3
40 64
1 12
12 6
6 15
15 20
20 14
14 29
29 5
5 37
37 3
3 25
25 13
13 31
31 36
36 17
17 26
26 23
23 11
11 32
32 4
4 10
10 7
7 33
33 38
38 34
34 35
35 19
19 22
22 28
28 39
39 16
16 9
9 18
18 2
2 40
40 27
27 30
30 21
21 24
24 8
8 1
21 22
32 35
19 29
36 4
31 23
35 26
19 14
9 3
25 7
18 38
20 5
33 15
23 25
31 8
24 16
32 23
8 9
38 28
29 32
7 31
30 3
16 6
32 7
22 33
40 67
1 4
4 8
8 23
23 6
6 22
22 11
11 16
16 37
37 10
10 19
19 7
7 35
35 32
32 20
20 29
29 24
24 25
25 12
12 27
27 15
15 30
30 21
21 2
2 31
31 36
36 13
13 38
38 34
34 9
9 18
18 5
5 40
40 28
28 33
33 3
3 39
39 26
26 17
17 14
14 1
20 19
34 4
18 22
30 1
23 32
14 22
40 31
38 29
2 20
12 10
5 8
36 21
21 18
18 31
20 9
39 22
37 5
6 2
17 6
8 13
37 23
8 31
34 32
15 20
19 37
17 39
14 20
40 135
29 16
16 5
5 12
12 2
2 9
9 1
1 18
18 6
6 20
20 32
32 26
26 24
24 21
21 10
10 14
14 28
28 31
31 7
7 8
8 23
23 17
17 25
25 27
27 3
3 38
38 40
40 37
37 35
35 36
36 19
19 33
33 4
4 15
15 11
11 39
39 22
22 34
34 13
13 30
30 29
31 6
5 31
40 22
32 10
22 29
23 13
2 32
10 31
21 9
15 29
23 22
7 38
32 9
13 22
12 11
35 8
28 5
5 37
32 28
3 7
39 32
1 7
26 36
37 7
8 17
36 38
35 31
26 3
28 21
26 8
16 21
22 9
11 31
13 7
31 19
19 1
25 12
40 6
30 4
32 4
18 17
34 28
7 10
20 24
11 13
4 35
34 8
31 37
24 12
20 22
28 29
21 29
5 38
31 29
13 3
39 33
11 33
27 7
31 24
6 35
25 28
39 1
7 39
6 32
40 33
5 13
27 33
15 38
34 38
25 32
18 9
22 28
18 13
3 34
22 37
36 8
5 15
1 28
17 13
31 18
27 14
24 2
6 23
30 14
36 5
17 35
28 23
20 3
23 21
19 5
33 8
12 29
7 24
38 11
2 21
40 92
15 36
36 10
10 19
19 26
26 32
32 23
23 20
20 14
14 34
34 6
6 22
22 5
5 7
7 2
2 28
28 40
40 12
12 3
3 35
35 13
13 30
30 39
39 4
4 11
11 18
18 31
31 9
9 33
33 16
16 27
27 38
38 21
21 29
29 37
37 17
17 25
25 24
24 8
8 1
1 15
37 9
1 39
3 38
5 36
32 1
18 5
40 14
15 7
3 1
28 3
29 8
17 32
38 32
39 26
40 31
11 40
22 31
20 2
28 39
1 31
40 35
37 13
14 39
4 19
34 27
12 19
14 19
1 23
31 11
24 33
8 27
22 15
39 2
14 21
17 20
11 37
25 28
36 26
17 13
11 3
11 8
31 39
37 4
34 4
2 30
1 21
28 22
35 16
9 21
32 27
12 33
11 38
40 83
5 39
39 12
12 24
24 36
36 23
23 15
15 16
16 25
25 22
22 2
2 21
21 8
8 30
30 1
1 38
38 27
27 35
35 28
28 17
17 18
18 34
34 14
14 3
3 4
4 37
37 29
29 6
6 32
32 40
40 10
10 26
26 33
33 7
7 13
13 9
9 19
19 31
31 20
20 11
11 5
36 1
8 29
33 28
13 10
28 14
13 8
40 21
6 34
3 12
21 12
3 36
18 9
9 29
31 36
11 19
10 37
20 23
32 23
7 15
7 9
21 25
32 29
30 23
27 12
40 13
19 5
26 32
1 11
5 7
12 23
2 24
35 34
38 33
34 26
37 25
39 17
9 24
8 38
1 33
27 36
22 40
20 3
17 12
40 98
1 25
25 34
34 33
33 13
13 30
30 27
27 31
31 16
16 14
14 3
3 18
18 7
7 20
20 23
23 40
40 26
26 36
36 10
10 29
29 21
21 24
24 12
12 5
5 39
39 22
22 28
28 2
2 35
35 15
15 11
11 38
38 37
37 4
4 8
8 19
19 6
6 17
17 32
32 9
9 1
31 23
22 25
5 9
20 38
13 15
25 12
27 16
21 12
19 26
13 3
32 39
40 34
10 33
4 29
24 22
15 39
8 39
18 20
35 24
14 34
25 5
11 5
26 28
25 36
33 37
39 30
15 6
22 29
26 1
36 39
35 37
35 36
15 34
30 5
2 11
36 9
6 40
11 9
1 8
8 23
22 15
34 18
35 1
11 37
21 13
39 34
17 34
39 20
28 24
7 6
31 21
11 18
19 35
4 2
31 17
3 19
13 35
29 20
40 136
29 15
15 9
9 22
22 24
24 21
21 34
34 31
31 37
37 8
8 38
38 14
14 3
3 33
33 4
4 12
12 25
25 5
5 27
27 2
2 20
20 26
26 17
17 30
30 32
32 10
10 23
23 7
7 39
39 28
28 6
6 36
36 19
19 13
13 11
11 16
16 35
35 40
40 1
1 18
18 29
38 30
4 3
4 37
4 10
40 39
13 12
2 13
10 35
17 6
34 9
16 37
24 34
29 40
33 22
26 8
6 35
33 23
23 38
4 24
17 1
3 25
9 20
15 31
23 24
26 2
36 40
40 14
21 32
6 23
7 24
11 9
21 27
17 22
3 2
35 20
37 32
10 31
25 36
13 4
24 36
18 25
3 27
10 36
38 9
2 28
32 35
31 39
26 14
3 16
11 6
25 7
30 29
38 2
1 32
26 27
21 17
39 13
29 2
23 29
18 40
9 2
30 12
11 12
32 22
34 37
36 33
13 8
25 35
3 17
15 12
33 34
15 16
13 36
5 1
13 26
16 9
11 26
10 11
19 27
34 38
24 26
37 22
16 22
13 6
2 37
22 19
9 32
7 27
9 13
12 24
21 28
28 11
27 23
23 12
18 10
9 33
40 77
9 36
36 19
19 35
35 25
25 39
39 32
32 38
38 24
24 20
20 34
34 1
1 7
7 23
23 6
6 40
40 28
28 3
3 4
4 15
15 26
26 18
18 27
27 8
8 22
22 17
17 21
21 29
29 5
5 14
14 31
31 2
2 33
33 11
11 12
12 30
30 16
16 10
10 37
37 13
13 9
25 23
11 4
7 5
5 21
15 28
16 37
3 22
40 29
36 4
22 34
11 19
28 36
31 19
27 4
21 18
38 22
9 18
7 10
40 4
7 4
29 28
37 20
35 9
19 17
37 24
18 12
9 8
25 18
15 32
2 18
33 27
19 16
2 20
4 37
7 31
40 33
7 8
40 86
21 4
4 23
23 18
18 8
8 22
22 36
36 1
1 3
3 10
10 19
19 16
16 30
30 28
28 29
29 31
31 38
38 39
39 2
2 32
32 37
37 26
26 5
5 14
14 40
40 7
7 33
33 20
20 17
17 34
34 11
11 25
25 24
24 15
15 9
9 13
13 35
35 27
27 6
6 12
12 21
12 30
12 39
24 2
16 21
7 37
25 29
7 21
3 6
23 27
25 5
17 29
38 10
10 20
1 14
11 9
30 3
38 4
13 32
17 21
40 16
37 2
14 39
35 39
35 37
27 3
38 18
15 7
2 18
21 20
17 30
10 16
18 1
4 32
11 27
25 38
15 35
14 34
15 26
37 29
33 35
9 22
26 1
10 39
14 18
29 30
7 30
40 123
31 36
36 12
12 2
2 29
29 6
6 37
37 34
34 19
19 14
14 25
25 35
35 26
26 9
9 18
18 15
15 22
22 1
1 28
28 21
21 33
33 10
10 13
13 17
17 11
11 39
39 8
8 23
23 3
3 5
5 30
30 38
38 4
4 24
24 7
7 32
32 16
16 27
27 20
20 40
40 31
4 10
31 8
25 6
23 2
8 35
25 8
19 28
27 21
28 35
4 9
20 10
32 37
30 27
21 38
19 33
26 12
17 30
29 1
29 37
29 24
29 3
34 24
20 17
34 8
23 15
33 3
17 16
40 18
8 13
6 7
2 26
7 35
19 4
21 16
6 38
18 32
21 17
9 34
26 31
24 18
14 23
36 24
5 13
6 16
2 24
33 6
17 22
31 25
36 21
21 22
16 35
21 12
1 33
14 13
17 32
2 14
31 3
30 14
32 14
19 10
37 40
2 10
31 21
3 7
21 23
12 3
35 32
10 28
23 31
25 15
4 40
22 3
15 7
34 6
38 28
23 37
17 18
22 11
24 22
26 14
10 36
8 12
24 32
40 122
22 14
14 24
24 17
17 8
8 26
26 33
33 31
31 30
30 7
7 21
21 25
25 29
29 27
27 19
19 39
39 12
12 37
37 18
18 9
9 15
15 16
16 34
34 38
38 4
4 32
32 13
13 6
6 11
11 20
20 2
2 36
36 28
28 3
3 10
10 40
40 23
23 35
35 1
1 5
5 22
20 19
3 14
25 30
3 23
28 27
35 26
35 32
2 14
24 13
36 33
23 37
12 31
1 33
5 18
11 27
9 39
9 16
32 38
8 37
17 4
13 9
30 32
27 3
37 17
11 33
11 4
12 9
23 34
24 33
32 18
5 16
18 33
13 37
9 30
25 5
13 21
4 9
22 17
1 25
33 35
40 38
40 37
6 26
8 1
28 34
12 15
26 25
17 14
32 15
23 9
31 10
14 20
14 12
27 24
21 36
6 23
21 30
34 4
36 5
39 26
31 8
33 6
14 30
13 4
27 15
24 10
6 28
9 10
14 7
27 16
26 15
31 16
36 27
10 15
37 21
36 23
7 28
36 13
26 24
20 26
3 38
20 17
40 89
1 10
10 37
37 28
28 9
9 21
21 34
34 27
27 8
8 22
22 6
6 38
38 35
35 12
12 40
40 20
20 2
2 5
5 30
30 25
25 36
36 4
4 11
11 19
19 3
3 13
13 39
39 29
29 26
26 15
15 24
24 23
23 18
18 17
17 33
33 7
7 32
32 14
14 31
31 16
16 1
31 8
4 5
16 8
13 8
18 15
39 32
32 24
19 37
10 17
7 23
1 31
36 1
37 15
22 30
6 31
4 19
9 6
22 19
38 30
25 4
29 16
35 7
22 40
18 10
34 24
5 26
5 22
31 34
6 37
8 18
16 20
1 27
36 10
31 39
35 18
25 21
2 35
28 34
10 4
5 14
21 19
7 21
30 37
23 28
17 5
3 5
2 8
23 37
35 22
40 116
36 32
32 17
17 28
28 2
2 15
15 7
7 34
34 14
14 33
33 6
6 8
8 3
3 10
10 18
18 11
11 16
16 27
27 39
39 13
13 19
19 35
35 21
21 30
30 37
37 23
23 5
5 25
25 20
20 4
4 22
22 29
29 12
12 38
38 26
26 1
1 9
9 24
24 31
31 40
40 36
30 39
29 4
38 21
19 31
6 25
10 6
8 34
7 35
11 28
8 18
33 8
29 23
2 38
23 28
8 24
19 23
22 26
39 29
32 37
9 3
32 1
11 1
34 3
27 12
1 28
37 19
12 37
9 27
2 32
39 6
12 30
36 22
11 25
3 26
24 11
29 31
14 18
38 11
35 30
32 4
38 37
17 6
34 20
28 15
7 17
11 22
2 8
40 5
22 37
17 24
24 19
9 33
10 25
26 6
17 13
18 39
36 1
34 12
21 7
5 29
33 5
38 27
12 32
2 36
34 6
9 6
22 27
4 33
14 13
9 20
7 1
7 31
39 22
40 9
22 12
24 7
40 75
12 22
22 25
25 26
26 19
19 18
18 33
33 23
23 13
13 24
24 38
38 35
35 36
36 1
1 31
31 30
30 4
4 39
39 28
28 37
37 6
6 9
9 20
20 17
17 32
32 40
40 7
7 29
29 3
3 15
15 27
27 8
8 34
34 16
16 2
2 5
5 14
14 21
21 10
10 11
11 12
14 34
33 4
7 11
18 3
22 27
11 18
3 12
20 40
6 8
1 21
6 38
22 11
23 24
5 31
18 1
22 2
27 3
7 28
23 7
40 9
1 40
14 10
38 40
4 25
7 37
37 40
36 37
23 8
29 10
26 3
26 36
37 8
32 10
6 1
22 18
40 133
17 7
7 36
36 12
12 23
23 4
4 6
6 13
13 28
28 40
40 10
10 5
5 39
39 22
22 8
8 32
32 21
21 26
26 29
29 14
14 37
37 3
3 24
24 35
35 11
11 27
27 15
15 31
31 34
34 2
2 9
9 19
19 1
1 25
25 30
30 20
20 38
38 18
18 16
16 33
33 17
21 35
9 11
1 21
1 28
16 27
9 17
32 25
16 25
20 10
36 35
1 23
20 26
26 24
37 26
30 26
24 11
28 30
30 17
9 28
11 20
13 31
5 9
29 8
38 28
28 15
1 5
26 5
36 37
14 36
2 30
29 20
30 14
6 9
35 19
2 22
36 31
15 7
26 9
12 25
13 40
10 24
26 18
9 38
34 24
23 22
32 2
23 39
4 8
11 30
31 12
17 8
10 11
37 6
5 13
12 8
12 19
23 40
9 25
23 32
24 12
30 39
1 32
33 31
14 12
14 35
39 6
18 2
37 16
29 25
13 16
23 34
10 28
6 1
15 23
10 36
39 34
37 19
22 25
38 8
1 20
25 26
27 29
32 11
3 12
26 35
33 40
31 35
24 17
15 18
33 39
39 24
5 32
13 23
40 51
34 1
1 22
22 7
7 8
8 40
40 33
33 39
39 31
31 2
2 25
25 6
6 24
24 18
18 11
11 17
17 38
38 10
10 5
5 13
13 37
37 28
28 16
16 21
21 20
20 27
27 36
36 9
9 15
15 4
4 30
30 26
26 29
29 32
32 14
14 12
12 3
3 35
35 19
19 23
23 34
17 13
8 20
30 25
20 28
6 21
35 10
27 40
2 38
32 8
2 35
22 25
40 78
33 23
23 25
25 37
37 5
5 26
26 20
20 8
8 16
16 27
27 12
12 9
9 7
7 6
6 10
10 2
2 17
17 19
19 1
1 4
4 15
15 22
22 11
11 38
38 36
36 28
28 13
13 35
35 14
14 40
40 39
39 21
21 30
30 24
24 32
32 3
3 29
29 18
18 34
34 31
31 33
11 26
34 35
39 14
12 37
2 24
38 18
19 36
12 33
17 11
21 12
33 37
22 6
11 36
16 7
5 9
9 30
10 40
18 23
7 28
33 13
23 31
10 3
23 4
8 13
5 36
38 1
12 8
35 16
27 1
37 22
30 4
33 18
4 18
11 37
3 31
14 36
1 36
40 30
40 62
38 27
27 1
1 35
35 7
7 13
13 33
33 17
17 37
37 22
22 29
29 10
10 36
36 8
8 39
39 4
4 5
5 25
25 21
21 20
20 16
16 14
14 30
30 19
19 32
32 3
3 31
31 15
15 23
23 9
9 26
26 6
6 12
12 28
28 2
2 18
18 40
40 34
34 24
24 11
11 38
24 38
11 15
2 39
9 6
37 40
19 21
21 3
33 39
34 31
36 6
11 5
35 15
10 5
40 27
32 28
34 23
13 8
12 24
8 29
12 19
34 17
15 7
40 88
18 2
2 36
36 37
37 3
3 30
30 23
23 33
33 17
17 24
24 1
1 25
25 20
20 7
7 16
16 6
6 12
12 14
14 32
32 38
38 8
8 19
19 26
26 11
11 22
22 28
28 21
21 34
34 31
31 5
5 29
29 4
4 27
27 10
10 39
39 35
35 40
40 15
15 13
13 9
9 18
11 16
28 5
35 18
23 13
19 16
39 2
22 5
7 21
33 11
25 2
14 18
6 37
19 40
36 35
22 9
21 17
35 29
32 26
10 25
28 14
36 13
16 31
25 6
13 20
21 24
30 6
23 14
2 32
18 30
7 35
37 35
12 33
12 27
4 6
38 17
39 3
13 2
26 39
29 16
2 31
12 15
7 36
36 15
37 10
5 27
35 6
24 37
36 4
40 113
15 21
21 30
30 37
37 22
22 12
12 31
31 18
18 3
3 2
2 28
28 13
13 32
32 38
38 14
14 36
36 33
33 29
29 20
20 6
6 19
19 4
4 16
16 39
39 25
25 7
7 23
23 40
40 5
5 11
11 9
9 1
1 10
10 34
34 24
24 27
27 35
35 8
8 26
26 17
17 15
5 20
14 19
10 37
26 7
40 15
34 8
5 12
31 33
1 23
10 19
28 18
16 15
35 4
28 15
36 28
14 4
3 29
8 16
31 35
3 39
9 32
25 28
36 11
15 38
18 7
1 20
18 32
33 1
32 5
2 13
24 29
28 8
29 19
22 13
8 20
20 22
13 29
10 4
29 5
6 37
27 5
17 27
11 12
36 32
25 34
19 25
38 40
29 4
33 5
23 8
33 6
31 6
30 26
23 28
37 7
39 31
8 9
3 19
6 36
35 36
14 24
23 17
27 8
9 31
30 18
1 16
15 22
17 3
1 14
36 19
26 5
28 9
10 39
40 76
22 25
25 32
32 39
39 6
6 1
1 19
19 31
31 10
10 7
7 9
9 27
27 40
40 16
16 28
28 26
26 35
35 4
4 3
3 8
8 34
34 37
37 20
20 29
29 17
17 33
33 12
12 13
13 5
5 23
23 24
24 14
14 30
30 36
36 2
2 21
21 15
15 11
11 18
18 38
38 22
4 7
29 4
9 21
35 27
17 34
10 6
7 15
14 29
19 40
16 23
2 40
14 18
24 4
2 3
16 33
21 36
9 34
32 24
8 20
5 38
39 8
38 8
6 34
33 31
6 19
5 33
39 28
1 27
9 28
22 10
8 31
19 29
9 14
1 22
16 31
31 11
40 74
27 30
30 23
23 11
11 40
40 26
26 32
32 2
2 7
7 28
28 15
15 20
20 17
17 8
8 13
13 25
25 36
36 33
33 29
29 35
35 31
31 12
12 9
9 39
39 10
10 5
5 19
19 38
38 18
18 1
1 6
6 4
4 37
37 14
14 24
24 22
22 34
34 21
21 3
3 16
16 27
28 14
18 31
20 22
2 10
5 24
33 25
21 37
10 13
5 30
25 22
7 26
25 21
12 36
12 24
27 1
1 8
34 11
14 7
21 9
6 34
36 16
26 5
11 31
28 21
11 33
14 16
14 17
3 12
6 15
23 18
24 19
40 32
19 31
8 39
40 106
6 24
24 23
23 29
29 1
1 38
38 9
9 14
14 33
33 2
2 39
39 19
19 27
27 35
35 3
3 32
32 15
15 34
34 22
22 11
11 13
13 10
10 28
28 8
8 18
18 17
17 40
40 20
20 7
7 37
37 4
4 16
16 21
21 26
26 31
31 5
5 25
25 12
12 36
36 30
30 6
13 40
21 4
13 19
13 39
25 27
5 7
6 20
1 18
32 38
33 37
26 12
36 26
39 32
38 40
35 13
10 22
33 34
18 21
23 12
32 23
29 15
8 25
13 16
3 12
38 7
31 27
15 33
4 35
11 4
39 18
24 14
36 8
37 2
12 28
37 29
39 29
14 12
8 16
38 19
25 6
33 30
7 21
36 6
14 8
2 10
34 9
35 39
3 2
25 37
18 28
14 37
1 34
32 19
30 31
39 12
39 34
40 25
28 6
32 24
22 19
4 17
28 27
35 14
18 35
16 24
19 17
40 55
34 35
35 4
4 21
21 15
15 40
40 36
36 10
10 31
31 38
38 28
28 39
39 22
22 5
5 11
11 1
1 3
3 16
16 33
33 20
20 24
24 26
26 30
30 2
2 12
12 9
9 23
23 6
6 17
17 29
29 27
27 18
18 7
7 37
37 25
25 14
14 32
32 8
8 13
13 19
19 34
28 21
23 2
2 24
2 35
25 40
17 20
18 25
25 24
34 1
7 27
29 20
27 31
10 19
10 24
8 3
40 117
21 28
28 14
14 33
33 31
31 2
2 30
30 3
3 29
29 18
18 5
5 6
6 26
26 17
17 20
20 13
13 1
1 25
25 16
16 39
39 23
23 32
32 36
36 11
11 10
10 4
4 38
38 35
35 22
22 15
15 37
37 19
19 8
8 40
40 12
12 9
9 34
34 24
24 7
7 27
27 21
8 22
29 6
32 29
17 2
24 31
2 14
10 15
8 21
9 16
17 15
23 22
27 9
16 14
22 26
18 1
7 18
26 23
10 6
10 12
26 29
37 7
7 8
3 1
16 36
23 14
35 34
36 20
28 33
15 31
15 16
3 4
24 25
13 39
13 26
16 1
36 3
13 36
28 4
17 16
23 7
21 12
6 16
31 38
31 20
5 15
27 19
2 5
40 24
16 12
35 3
11 35
22 10
12 13
37 38
29 25
31 23
23 8
38 14
4 13
3 12
25 12
21 7
27 13
23 5
19 28
15 8
8 39
18 38
38 34
21 20
12 28
10 21
33 16
40 20
24 6
13 16
13 30
40 100
39 25
25 9
9 40
40 27
27 28
28 29
29 3
3 37
37 18
18 38
38 8
8 32
32 20
20 34
34 1
1 13
13 16
16 7
7 22
22 23
23 15
15 11
11 35
35 24
24 31
31 10
10 2
2 12
12 5
5 6
6 21
21 14
14 36
36 33
33 30
30 26
26 19
19 4
4 17
17 39
13 33
30 37
35 2
36 32
16 17
26 15
5 24
8 1
6 22
38 2
6 10
16 39
10 18
2 21
24 3
22 26
24 7
23 25
1 32
19 31
24 20
7 21
33 31
34 9
10 28
15 33
13 9
2 20
26 35
25 32
28 38
9 4
8 20
9 29
40 26
6 38
38 14
16 36
15 31
4 3
8 5
37 34
13 11
38 33
4 20
3 33
7 34
35 29
24 15
38 37
8 29
7 4
36 6
23 7
26 9
40 10
20 6
33 22
15 12
32 15
40 56
34 5
5 27
27 2
2 33
33 28
28 19
19 35
35 26
26 23
23 31
31 1
1 21
21 22
22 10
10 17
17 13
13 30
30 6
6 20
20 14
14 24
24 15
15 16
16 4
4 11
11 7
7 18
18 37
37 9
9 39
39 29
29 12
12 8
8 32
32 36
36 3
3 25
25 38
38 40
40 34
17 33
38 10
7 32
11 29
23 15
32 3
39 24
18 20
38 14
7 27
40 35
17 8
10 18
12 1
2 12
6 18
