55 95
21 1
21 6
1 6
17 26
21 26
1 26
1 17
4 8
21 8
1 8
1 4
19 31
1 31
6 31
6 19
22 34
1 34
6 34
6 22
55 46
55 54
46 54
41 40
46 40
54 40
54 41
53 18
55 18
46 18
46 53
13 23
54 23
55 23
55 13
27 35
54 35
55 35
55 27
44 43
44 37
43 37
2 51
43 51
37 51
37 2
16 50
37 50
44 50
44 16
3 25
44 25
43 25
43 3
5 24
43 24
37 24
37 5
49 29
49 36
29 36
30 7
29 7
36 7
36 30
38 47
29 47
36 47
36 38
15 39
29 39
36 39
36 15
28 52
36 52
49 52
49 28
42 20
42 33
20 33
12 14
42 14
20 14
20 12
32 48
33 48
42 48
42 32
11 45
42 45
20 45
20 11
10 9
33 9
42 9
42 10
55 95
42 37
42 51
37 51
2 35
42 35
37 35
37 2
14 13
51 13
42 13
42 14
32 6
51 6
42 6
42 32
48 40
51 40
42 40
42 48
29 23
29 31
23 31
39 28
23 28
31 28
31 39
54 11
31 11
29 11
29 54
16 15
29 15
23 15
23 16
10 36
29 36
23 36
23 10
27 49
27 52
49 52
41 38
27 38
49 38
49 41
33 34
27 34
49 34
49 33
8 5
52 5
27 5
27 8
17 20
52 20
27 20
27 17
3 45
3 18
45 18
4 55
3 55
45 55
45 4
12 1
3 1
45 1
45 12
7 30
3 30
45 30
45 7
53 22
45 22
18 22
18 53
26 43
26 46
43 46
47 24
43 24
46 24
46 47
21 50
46 50
26 50
26 21
25 9
43 9
46 9
46 25
44 19
26 19
43 19
43 44
45 81
17 45
17 12
45 12
30 6
12 6
17 6
17 30
22 34
17 34
45 34
45 22
25 43
12 43
17 43
17 25
39 14
12 14
17 14
17 39
44 20
17 20
45 20
45 44
29 8
45 8
12 8
12 29
5 32
5 31
32 31
24 26
31 26
5 26
5 24
18 2
31 2
5 2
5 18
33 16
32 16
31 16
31 33
1 38
32 38
31 38
31 1
7 9
5 9
32 9
32 7
21 28
32 28
31 28
31 21
35 11
35 3
11 3
40 27
11 27
3 27
3 40
19 36
35 36
11 36
11 19
37 4
35 4
11 4
11 37
41 15
11 15
3 15
3 41
23 42
11 42
3 42
3 23
13 10
11 10
3 10
3 13
52 92
23 21
23 36
21 36
33 39
36 39
23 39
23 33
38 44
36 44
23 44
23 38
11 26
21 26
36 26
36 11
7 41
23 41
21 41
21 7
14 4
36 4
23 4
23 14
19 42
19 10
42 10
2 28
19 28
42 28
42 2
5 45
42 45
10 45
10 5
9 40
42 40
10 40
10 9
35 18
10 18
19 18
19 35
30 48
19 48
42 48
42 30
47 34
47 13
34 13
49 6
13 6
47 6
47 49
24 46
47 46
34 46
34 24
8 15
34 15
13 15
13 8
31 32
34 32
13 32
13 31
25 43
13 43
47 43
47 25
52 3
52 1
3 1
51 22
52 22
3 22
3 51
27 50
1 50
52 50
52 27
20 37
1 37
52 37
52 20
29 17
3 17
1 17
1 29
16 12
1 12
52 12
52 16
45 81
29 35
29 22
35 22
11 6
35 6
22 6
22 11
43 1
29 1
35 1
35 43
25 5
22 5
29 5
29 25
20 41
22 41
29 41
29 20
2 18
35 18
22 18
22 2
23 12
35 12
22 12
22 23
27 10
27 3
10 3
32 36
3 36
27 36
27 32
44 4
27 4
10 4
10 44
9 16
10 16
3 16
3 9
15 8
27 8
10 8
10 15
13 24
10 24
3 24
3 13
30 7
27 7
10 7
10 30
37 45
37 34
45 34
14 19
45 19
34 19
34 14
38 26
37 26
45 26
45 38
21 40
34 40
37 40
37 21
39 17
34 17
37 17
37 39
33 28
45 28
34 28
34 33
42 31
45 31
34 31
34 42
55 95
26 36
26 50
36 50
25 43
26 43
36 43
36 25
7 55
50 55
26 55
26 7
11 37
26 37
36 37
36 11
3 31
36 31
50 31
50 3
23 1
23 41
1 41
30 38
1 38
41 38
41 30
51 52
1 52
41 52
41 51
14 21
1 21
41 21
41 14
47 44
41 44
23 44
23 47
13 40
13 32
40 32
35 15
32 15
13 15
13 35
29 34
13 34
40 34
40 29
27 19
32 19
13 19
13 27
20 10
13 10
40 10
40 20
24 33
24 8
33 8
9 2
24 2
33 2
33 9
17 5
8 5
24 5
24 17
12 4
24 4
33 4
33 12
42 48
8 48
24 48
24 42
18 39
18 16
39 16
49 6
18 6
39 6
39 49
54 22
39 22
16 22
16 54
53 46
39 46
16 46
16 53
28 45
18 45
39 45
39 28
55 95
8 6
8 40
6 40
32 33
40 33
8 33
8 32
11 20
8 20
6 20
6 11
19 49
40 49
8 49
8 19
24 27
6 27
40 27
40 24
28 48
28 51
48 51
44 7
48 7
51 7
51 44
21 13
48 13
51 13
51 21
3 34
48 34
51 34
51 3
35 18
48 18
51 18
51 35
54 41
54 2
41 2
31 47
41 47
2 47
2 31
37 50
41 50
2 50
2 37
1 4
54 4
41 4
41 1
12 5
41 5
2 5
2 12
52 17
52 46
17 46
38 26
46 26
52 26
52 38
15 45
52 45
17 45
17 15
29 36
17 36
46 36
46 29
23 22
46 22
52 22
52 23
30 14
30 25
14 25
43 9
25 9
30 9
30 43
39 55
25 55
30 55
30 39
53 10
30 10
14 10
14 53
16 42
25 42
30 42
30 16
52 92
35 38
35 2
38 2
50 49
35 49
38 49
38 50
33 10
2 10
35 10
35 33
34 28
2 28
35 28
35 34
29 42
2 42
35 42
35 29
22 44
35 44
38 44
38 22
36 32
36 15
32 15
24 17
32 17
15 17
15 24
7 1
36 1
32 1
32 7
16 21
32 21
15 21
15 16
43 40
15 40
36 40
36 43
18 19
36 19
32 19
32 18
12 39
12 41
39 41
48 51
41 51
12 51
12 48
14 13
41 13
12 13
12 14
23 52
12 52
39 52
39 23
37 26
39 26
41 26
41 37
8 20
41 20
12 20
12 8
31 25
31 11
25 11
9 6
11 6
31 6
31 9
46 3
11 3
31 3
31 46
45 30
25 30
11 30
11 45
47 4
31 4
25 4
25 47
5 27
25 27
11 27
11 5
45 81
35 32
35 28
32 28
30 20
32 20
28 20
28 30
24 11
32 11
28 11
28 24
40 45
35 45
32 45
32 40
4 29
32 29
28 29
28 4
5 34
28 34
35 34
35 5
27 12
32 12
28 12
28 27
44 22
44 33
22 33
17 38
33 38
44 38
44 17
13 41
44 41
22 41
22 13
42 18
22 18
33 18
33 42
3 31
44 31
22 31
22 3
8 39
44 39
22 39
22 8
16 7
22 7
33 7
33 16
43 19
43 21
19 21
37 25
19 25
21 25
21 37
15 6
21 6
43 6
43 15
23 9
43 9
19 9
19 23
26 10
43 10
19 10
19 26
14 1
43 1
19 1
19 14
36 2
21 2
43 2
43 36
55 95
6 55
6 51
55 51
20 23
6 23
55 23
55 20
42 45
51 45
6 45
6 42
22 12
51 12
6 12
6 22
25 26
51 26
6 26
6 25
39 9
39 31
9 31
10 36
39 36
9 36
9 10
48 18
9 18
31 18
31 48
33 37
31 37
39 37
39 33
32 53
9 53
31 53
31 32
21 16
21 50
16 50
52 19
21 19
16 19
16 52
27 44
21 44
16 44
16 27
35 14
50 14
21 14
21 35
8 3
50 3
21 3
21 8
47 49
47 5
49 5
17 46
47 46
49 46
49 17
28 24
5 24
47 24
47 28
4 30
49 30
5 30
5 4
2 1
49 1
5 1
5 2
7 40
7 34
40 34
11 15
7 15
40 15
40 11
43 38
34 38
7 38
7 43
29 54
34 54
7 54
7 29
41 13
40 13
34 13
34 41
54 90
18 7
18 3
7 3
34 32
3 32
18 32
18 34
40 43
18 43
7 43
7 40
53 47
18 47
7 47
7 53
15 45
15 23
45 23
28 1
23 1
15 1
15 28
21 38
23 38
15 38
15 21
33 39
45 39
23 39
23 33
14 16
14 25
16 25
27 31
14 31
16 31
16 27
9 19
16 19
25 19
25 9
11 2
16 2
25 2
25 11
37 12
37 4
12 4
36 41
12 41
4 41
4 36
29 35
12 35
4 35
4 29
6 46
12 46
4 46
4 6
26 24
26 5
24 5
49 54
26 54
24 54
24 49
48 50
5 50
26 50
26 48
22 20
5 20
26 20
26 22
44 13
44 30
13 30
10 51
13 51
30 51
30 10
17 42
44 42
13 42
13 17
8 52
30 52
44 52
44 8
45 81
18 38
18 16
38 16
23 26
16 26
18 26
18 23
4 34
16 34
18 34
18 4
40 2
16 2
18 2
18 40
24 36
38 36
16 36
16 24
21 22
38 22
16 22
16 21
32 14
18 14
38 14
38 32
41 37
41 10
37 10
17 8
41 8
37 8
37 17
35 11
41 11
37 11
37 35
3 27
10 27
41 27
41 3
20 6
41 6
37 6
37 20
30 28
10 28
41 28
41 30
33 43
41 43
37 43
37 33
19 42
19 44
42 44
29 1
44 1
19 1
19 29
13 5
42 5
44 5
44 13
7 12
19 12
42 12
42 7
15 31
19 31
42 31
42 15
39 9
19 9
42 9
42 39
45 25
44 25
19 25
19 45
55 95
28 20
28 45
20 45
14 34
20 34
45 34
45 14
15 30
20 30
45 30
45 15
32 2
45 2
28 2
28 32
53 47
20 47
45 47
45 53
17 12
17 11
12 11
37 44
12 44
11 44
11 37
6 42
11 42
17 42
17 6
23 16
11 16
17 16
17 23
7 24
17 24
12 24
12 7
8 51
8 55
51 55
40 9
8 9
51 9
51 40
1 54
8 54
51 54
51 1
5 33
51 33
55 33
55 5
4 35
51 35
55 35
55 4
3 26
3 18
26 18
52 38
26 38
18 38
18 52
46 10
3 10
26 10
26 46
36 48
26 48
18 48
18 36
19 50
26 50
18 50
18 19
13 41
13 39
41 39
29 21
13 21
41 21
41 29
49 22
13 22
41 22
41 49
31 25
39 25
13 25
13 31
27 43
13 43
41 43
41 27
55 95
35 47
35 43
47 43
8 23
47 23
43 23
43 8
45 29
43 29
35 29
35 45
48 26
43 26
35 26
35 48
6 31
47 31
43 31
43 6
17 16
17 20
16 20
38 37
17 37
16 37
16 38
52 11
17 11
16 11
16 52
40 5
20 5
17 5
17 40
3 53
16 53
20 53
20 3
22 36
22 18
36 18
33 30
18 30
22 30
22 33
27 28
36 28
18 28
18 27
44 7
18 7
22 7
22 44
46 55
22 55
36 55
36 46
50 54
50 15
54 15
32 1
15 1
50 1
50 32
21 24
54 24
15 24
15 21
2 10
50 10
54 10
54 2
4 51
15 51
50 51
50 4
49 12
49 42
12 42
41 19
12 19
42 19
42 41
25 39
49 39
12 39
12 25
13 9
42 9
49 9
49 13
14 34
42 34
49 34
49 14
55 95
17 15
17 16
15 16
23 43
15 43
16 43
16 23
46 38
17 38
15 38
15 46
21 34
15 34
16 34
16 21
24 29
17 29
15 29
15 24
1 3
1 51
3 51
41 53
1 53
3 53
3 41
5 22
3 22
51 22
51 5
26 55
51 55
1 55
1 26
42 18
1 18
3 18
3 42
48 8
48 40
8 40
32 10
8 10
40 10
40 32
13 39
8 39
40 39
40 13
12 36
48 36
8 36
8 12
27 28
48 28
8 28
8 27
52 19
52 31
19 31
11 49
19 49
31 49
31 11
9 35
52 35
19 35
19 9
2 37
52 37
19 37
19 2
44 50
19 50
31 50
31 44
4 7
4 33
7 33
30 20
33 20
4 20
4 30
54 25
33 25
4 25
4 54
47 6
4 6
7 6
7 47
45 14
4 14
7 14
7 45
52 92
32 52
32 21
52 21
48 13
21 13
32 13
32 48
6 36
21 36
32 36
32 6
43 2
52 2
21 2
21 43
33 44
21 44
32 44
32 33
47 28
32 28
52 28
52 47
10 7
10 19
7 19
27 51
7 51
19 51
19 27
4 17
10 17
7 17
7 4
29 37
7 37
19 37
19 29
35 30
7 30
19 30
19 35
38 14
10 14
7 14
7 38
22 15
22 5
15 5
26 41
5 41
22 41
22 26
3 16
5 16
22 16
22 3
45 46
15 46
5 46
5 45
20 11
22 11
15 11
15 20
31 34
15 34
5 34
5 31
24 50
24 12
50 12
25 9
12 9
24 9
24 25
1 23
24 23
50 23
50 1
18 39
12 39
24 39
24 18
40 49
24 49
50 49
50 40
8 42
24 42
50 42
50 8
45 81
22 1
22 34
1 34
14 2
22 2
1 2
1 14
44 26
22 26
1 26
1 44
18 16
34 16
22 16
22 18
43 9
22 9
1 9
1 43
25 31
22 31
1 31
1 25
30 45
34 45
22 45
22 30
12 39
12 19
39 19
7 33
12 33
39 33
39 7
42 8
12 8
39 8
39 42
20 17
39 17
19 17
19 20
10 24
12 24
39 24
39 10
29 36
39 36
19 36
19 29
3 28
19 28
12 28
12 3
38 15
38 27
15 27
37 11
27 11
38 11
38 37
23 13
15 13
27 13
27 23
21 40
38 40
15 40
15 21
4 35
38 35
15 35
15 4
5 32
38 32
15 32
15 5
41 6
27 6
38 6
38 41
52 92
19 34
19 26
34 26
43 28
26 28
19 28
19 43
29 5
26 5
19 5
19 29
38 17
19 17
34 17
34 38
10 45
26 45
19 45
19 10
4 46
26 46
19 46
19 4
31 49
31 7
49 7
48 23
49 23
7 23
7 48
32 14
49 14
7 14
7 32
3 36
31 36
49 36
49 3
16 27
31 27
49 27
49 16
8 47
49 47
7 47
7 8
6 13
6 9
13 9
41 35
9 35
6 35
6 41
22 40
13 40
9 40
9 22
12 11
13 11
9 11
9 12
33 30
9 30
6 30
6 33
50 42
9 42
6 42
6 50
18 20
18 39
20 39
21 2
18 2
20 2
20 21
24 15
18 15
20 15
20 24
52 25
18 25
20 25
20 52
37 44
18 44
20 44
20 37
51 1
39 1
18 1
18 51
54 90
11 27
11 46
27 46
5 18
11 18
27 18
27 5
48 51
11 51
27 51
27 48
14 2
11 2
27 2
27 14
28 53
28 33
53 33
52 45
53 45
33 45
33 52
7 43
28 43
53 43
53 7
50 39
33 39
28 39
28 50
37 49
37 29
49 29
22 16
29 16
37 16
37 22
20 17
29 17
37 17
37 20
24 31
29 31
37 31
37 24
32 38
32 1
38 1
23 3
1 3
32 3
32 23
47 15
1 15
32 15
32 47
36 44
1 44
32 44
32 36
34 4
34 10
4 10
30 9
34 9
4 9
4 30
54 40
4 40
10 40
10 54
21 13
4 13
10 13
10 21
6 19
6 35
19 35
8 25
35 25
6 25
6 8
12 42
35 42
6 42
6 12
26 41
6 41
19 41
19 26
54 90
18 6
18 41
6 41
43 13
41 13
18 13
18 43
52 40
41 40
18 40
18 52
2 15
6 15
41 15
41 2
37 4
37 35
4 35
10 25
4 25
35 25
35 10
7 46
37 46
4 46
4 7
11 28
37 28
4 28
4 11
48 51
48 24
51 24
14 39
48 39
51 39
51 14
50 5
51 5
24 5
24 50
45 47
48 47
51 47
51 45
30 42
30 32
42 32
23 20
32 20
30 20
30 23
8 1
42 1
32 1
32 8
31 22
42 22
32 22
32 31
21 29
21 33
29 33
19 9
29 9
33 9
33 19
26 27
33 27
21 27
21 26
34 49
29 49
33 49
33 34
54 53
54 44
53 44
3 36
53 36
44 36
44 3
16 17
54 17
53 17
53 16
12 38
53 38
44 38
44 12
54 90
32 3
32 17
3 17
4 8
17 8
32 8
32 4
6 16
32 16
3 16
3 6
19 25
3 25
17 25
17 19
42 39
42 18
39 18
41 12
39 12
18 12
18 41
10 33
18 33
42 33
42 10
51 13
39 13
18 13
18 51
15 35
15 22
35 22
46 52
15 52
35 52
35 46
44 34
35 34
22 34
22 44
53 23
15 23
35 23
35 53
5 1
5 21
1 21
43 27
1 27
21 27
21 43
47 37
21 37
5 37
5 47
24 30
21 30
5 30
5 24
11 28
11 7
28 7
29 36
11 36
28 36
28 29
48 45
11 45
28 45
28 48
49 40
7 40
11 40
11 49
26 20
26 9
20 9
2 54
9 54
26 54
26 2
38 14
26 14
20 14
20 38
50 31
26 31
20 31
20 50
54 90
1 29
1 27
29 27
21 16
1 16
29 16
29 21
37 42
29 42
27 42
27 37
31 3
27 3
1 3
1 31
48 9
48 46
9 46
30 43
48 43
9 43
9 30
34 23
48 23
9 23
9 34
28 49
48 49
9 49
9 28
5 17
5 38
17 38
19 15
17 15
38 15
38 19
8 50
17 50
38 50
38 8
12 52
5 52
17 52
17 12
32 40
32 10
40 10
41 14
40 14
10 14
10 41
7 25
32 25
40 25
40 7
51 45
10 45
32 45
32 51
33 13
33 24
13 24
54 47
33 47
13 47
13 54
53 35
13 35
24 35
24 53
20 4
33 4
13 4
13 20
26 39
26 18
39 18
2 11
39 11
18 11
18 2
22 36
39 36
18 36
18 22
44 6
26 6
39 6
39 44
52 92
24 20
24 26
20 26
33 15
26 15
24 15
24 33
14 8
26 8
24 8
24 14
30 51
26 51
24 51
24 30
49 36
24 36
20 36
20 49
22 48
20 48
26 48
26 22
38 42
38 34
42 34
37 11
42 11
34 11
34 37
28 16
34 16
38 16
38 28
12 18
38 18
42 18
42 12
32 31
34 31
38 31
38 32
13 35
42 35
34 35
34 13
7 43
7 10
43 10
50 39
10 39
7 39
7 50
29 25
43 25
10 25
10 29
5 52
7 52
43 52
43 5
4 47
10 47
7 47
7 4
21 6
43 6
10 6
10 21
40 3
40 2
3 2
19 44
40 44
3 44
3 19
46 23
3 23
2 23
2 46
17 9
40 9
3 9
3 17
1 27
2 27
40 27
40 1
41 45
2 45
40 45
40 41
45 81
23 2
23 22
2 22
34 12
22 12
23 12
23 34
27 11
2 11
22 11
22 27
33 17
2 17
22 17
22 33
24 21
2 21
22 21
22 24
4 43
2 43
22 43
22 4
9 7
22 7
23 7
23 9
28 38
28 10
38 10
37 31
38 31
10 31
10 37
13 1
38 1
10 1
10 13
19 8
10 8
28 8
28 19
30 20
10 20
28 20
28 30
5 39
38 39
10 39
10 5
26 14
10 14
28 14
28 26
29 3
29 6
3 6
44 18
3 18
6 18
6 44
41 32
3 32
6 32
6 41
40 45
3 45
6 45
6 40
42 35
29 35
3 35
3 42
25 16
3 16
6 16
6 25
15 36
6 36
29 36
29 15
52 92
45 46
45 48
46 48
31 33
46 33
48 33
48 31
11 28
48 28
45 28
45 11
10 49
46 49
48 49
48 10
1 50
46 50
48 50
48 1
47 4
46 4
48 4
48 47
21 52
21 30
52 30
19 25
52 25
30 25
30 19
27 5
30 5
21 5
21 27
15 22
52 22
30 22
30 15
44 34
21 34
52 34
52 44
2 16
30 16
21 16
21 2
43 42
43 3
42 3
38 9
43 9
42 9
42 38
20 35
3 35
43 35
43 20
24 32
3 32
43 32
43 24
13 41
43 41
42 41
42 13
17 29
42 29
3 29
3 17
23 36
23 26
36 26
51 8
26 8
23 8
23 51
14 40
23 40
36 40
36 14
39 6
23 6
36 6
36 39
12 18
36 18
26 18
26 12
7 37
36 37
26 37
26 7
52 92
27 50
27 12
50 12
33 52
12 52
27 52
27 33
1 7
50 7
12 7
12 1
15 31
27 31
50 31
50 15
11 2
27 2
50 2
50 11
18 20
27 20
50 20
50 18
48 28
48 39
28 39
23 17
39 17
48 17
48 23
38 35
48 35
28 35
28 38
21 42
39 42
48 42
48 21
22 37
48 37
28 37
28 22
25 32
28 32
39 32
39 25
41 24
41 49
24 49
45 3
41 3
24 3
24 45
29 30
49 30
41 30
41 29
8 14
24 14
49 14
49 8
16 26
49 26
41 26
41 16
47 19
41 19
24 19
24 47
4 51
4 34
51 34
6 10
51 10
34 10
34 6
40 43
51 43
34 43
34 40
5 44
51 44
34 44
34 5
36 13
34 13
4 13
4 36
9 46
34 46
4 46
4 9
55 95
17 9
17 7
9 7
33 26
17 26
9 26
9 33
47 41
7 41
17 41
17 47
38 3
17 3
9 3
9 38
30 22
7 22
17 22
17 30
46 29
46 42
29 42
44 48
46 48
29 48
29 44
2 13
46 13
29 13
29 2
16 28
42 28
46 28
46 16
6 52
29 52
42 52
42 6
20 49
20 39
49 39
43 19
49 19
39 19
39 43
15 31
49 31
39 31
39 15
27 50
49 50
39 50
39 27
4 54
39 54
20 54
20 4
18 14
18 10
14 10
25 21
14 21
10 21
10 25
32 8
14 8
10 8
10 32
51 24
14 24
10 24
10 51
37 35
14 35
10 35
10 37
1 40
1 23
40 23
12 36
1 36
40 36
40 12
53 55
1 55
40 55
40 53
34 45
23 45
1 45
1 34
11 5
23 5
1 5
1 11
54 90
30 53
30 3
53 3
8 37
30 37
53 37
53 8
23 42
30 42
53 42
53 23
1 12
53 12
3 12
3 1
38 20
38 18
20 18
33 36
38 36
20 36
20 33
31 45
20 45
18 45
18 31
48 2
18 2
38 2
38 48
16 41
16 34
41 34
27 52
16 52
41 52
41 27
14 7
41 7
34 7
34 14
49 46
41 46
34 46
34 49
19 13
19 21
13 21
44 26
21 26
19 26
19 44
4 50
13 50
21 50
21 4
40 54
21 54
19 54
19 40
17 5
17 15
5 15
32 35
15 35
17 35
17 32
29 22
15 22
17 22
17 29
47 51
15 51
17 51
17 47
10 24
10 9
24 9
28 43
9 43
10 43
10 28
39 25
9 25
10 25
10 39
6 11
10 11
24 11
24 6
54 90
19 26
19 13
26 13
25 49
19 49
26 49
26 25
51 37
13 37
19 37
19 51
30 2
19 2
26 2
26 30
22 34
22 40
34 40
1 36
34 36
40 36
40 1
41 32
40 32
22 32
22 41
45 33
40 33
22 33
22 45
38 31
38 6
31 6
47 24
6 24
38 24
38 47
8 44
38 44
31 44
31 8
7 10
6 10
38 10
38 7
15 35
15 50
35 50
16 48
35 48
50 48
50 16
42 12
35 12
50 12
50 42
4 53
35 53
50 53
50 4
52 18
52 14
18 14
28 5
14 5
52 5
52 28
54 23
52 23
18 23
18 54
46 9
18 9
14 9
14 46
29 43
29 20
43 20
11 21
20 21
29 21
29 11
17 3
20 3
29 3
29 17
39 27
20 27
29 27
29 39
55 95
46 24
46 40
24 40
34 35
40 35
46 35
46 34
15 16
46 16
24 16
24 15
41 44
40 44
46 44
46 41
45 22
24 22
40 22
40 45
23 17
23 25
17 25
1 32
17 32
25 32
25 1
33 28
23 28
17 28
17 33
9 37
25 37
23 37
23 9
4 53
17 53
25 53
25 4
36 54
36 10
54 10
7 31
36 31
54 31
54 7
18 19
36 19
54 19
54 18
39 21
36 21
54 21
54 39
29 12
10 12
36 12
36 29
47 26
47 5
26 5
30 51
5 51
47 51
47 30
50 27
47 27
26 27
26 50
52 48
47 48
26 48
26 52
49 20
47 20
26 20
26 49
11 38
11 42
38 42
8 14
11 14
38 14
38 8
3 2
38 2
42 2
42 3
43 13
38 13
42 13
42 43
6 55
38 55
42 55
42 6
55 95
37 53
37 5
53 5
4 8
5 8
37 8
37 4
26 44
37 44
53 44
53 26
18 50
37 50
53 50
53 18
49 17
5 17
37 17
37 49
22 54
22 39
54 39
27 21
39 21
22 21
22 27
45 19
22 19
54 19
54 45
32 31
39 31
22 31
22 32
13 24
54 24
39 24
39 13
6 2
6 1
2 1
30 12
2 12
1 12
1 30
34 48
2 48
1 48
1 34
51 25
1 25
6 25
6 51
55 28
6 28
2 28
2 55
36 40
36 7
40 7
43 41
7 41
36 41
36 43
29 14
40 14
7 14
7 29
15 16
7 16
36 16
36 15
42 52
40 52
7 52
7 42
35 38
35 33
38 33
11 10
33 10
35 10
35 11
3 47
38 47
33 47
33 3
46 9
33 9
35 9
35 46
23 20
33 20
35 20
35 23
45 81
42 31
42 13
31 13
27 14
42 14
31 14
31 27
26 44
31 44
13 44
13 26
25 43
31 43
13 43
13 25
33 12
13 12
42 12
42 33
28 5
31 5
13 5
13 28
38 30
31 30
13 30
13 38
9 39
9 15
39 15
1 36
9 36
39 36
39 1
10 11
9 11
39 11
39 10
45 29
39 29
15 29
15 45
41 17
39 17
15 17
15 41
34 2
9 2
39 2
39 34
35 23
39 23
15 23
15 35
18 4
18 20
4 20
40 37
20 37
18 37
18 40
32 24
4 24
20 24
20 32
6 3
4 3
20 3
20 6
7 22
20 22
18 22
18 7
8 21
18 21
4 21
4 8
16 19
4 19
20 19
20 16
52 92
13 17
13 39
17 39
46 1
13 1
17 1
17 46
48 51
17 51
39 51
39 48
12 42
17 42
39 42
39 12
28 15
39 15
13 15
13 28
10 20
13 20
17 20
17 10
47 4
47 22
4 22
38 3
4 3
22 3
22 38
9 35
22 35
47 35
47 9
27 29
47 29
4 29
4 27
30 45
47 45
4 45
4 30
14 2
4 2
22 2
22 14
44 26
44 7
26 7
32 36
7 36
44 36
44 32
40 19
7 19
44 19
44 40
43 33
7 33
44 33
44 43
24 16
7 16
44 16
44 24
25 18
44 18
26 18
26 25
34 49
34 21
49 21
6 31
21 31
34 31
34 6
23 41
34 41
49 41
49 23
8 50
21 50
34 50
34 8
11 52
34 52
49 52
49 11
5 37
21 37
34 37
34 5
55 95
50 37
50 46
37 46
45 49
50 49
37 49
37 45
41 14
50 14
37 14
37 41
30 4
37 4
46 4
46 30
17 2
46 2
50 2
50 17
3 27
3 35
27 35
10 5
27 5
35 5
35 10
47 23
27 23
35 23
35 47
25 26
35 26
3 26
3 25
38 32
3 32
27 32
27 38
20 1
20 42
1 42
12 22
42 22
20 22
20 12
21 9
20 9
1 9
1 21
34 52
42 52
20 52
20 34
16 36
42 36
20 36
20 16
28 24
28 19
24 19
43 8
19 8
28 8
28 43
29 54
19 54
28 54
28 29
51 6
28 6
24 6
24 51
33 13
28 13
24 13
24 33
39 31
39 15
31 15
40 48
15 48
39 48
39 40
44 18
39 18
31 18
31 44
7 11
15 11
39 11
39 7
53 55
15 55
39 55
39 53
45 81
32 15
32 13
15 13
36 28
32 28
15 28
15 36
45 25
32 25
15 25
15 45
19 30
15 30
13 30
13 19
17 24
15 24
13 24
13 17
11 40
13 40
32 40
32 11
41 37
15 37
13 37
13 41
7 43
7 10
43 10
4 29
10 29
7 29
7 4
5 34
7 34
43 34
43 5
44 18
7 18
43 18
43 44
22 20
43 20
10 20
10 22
31 35
7 35
43 35
43 31
42 3
43 3
10 3
10 42
38 26
38 2
26 2
16 6
2 6
38 6
38 16
21 12
26 12
2 12
2 21
1 14
26 14
2 14
2 1
27 23
2 23
38 23
38 27
9 39
38 39
26 39
26 9
8 33
26 33
2 33
2 8
54 90
51 19
51 5
19 5
53 11
5 11
51 11
51 53
52 41
51 41
19 41
19 52
54 49
5 49
51 49
51 54
39 16
39 42
16 42
9 44
39 44
16 44
16 9
1 12
42 12
39 12
39 1
6 50
39 50
16 50
16 6
25 30
25 33
30 33
34 23
30 23
33 23
33 34
43 24
33 24
25 24
25 43
14 8
25 8
30 8
30 14
36 40
36 3
40 3
47 15
40 15
3 15
3 47
45 38
40 38
3 38
3 45
37 26
36 26
40 26
40 37
27 4
27 35
4 35
31 10
4 10
35 10
35 31
2 20
4 20
35 20
35 2
21 22
4 22
35 22
35 21
7 48
7 32
48 32
29 17
32 17
7 17
7 29
13 18
48 18
32 18
32 13
28 46
7 46
48 46
48 28
55 95
31 52
31 40
52 40
13 51
40 51
31 51
31 13
50 15
31 15
52 15
52 50
34 21
31 21
52 21
52 34
49 28
40 28
31 28
31 49
11 35
11 24
35 24
43 1
35 1
24 1
24 43
33 10
35 10
24 10
24 33
29 17
24 17
11 17
11 29
18 3
11 3
35 3
35 18
44 27
44 53
27 53
39 55
44 55
27 55
27 39
2 23
53 23
44 23
44 2
20 41
53 41
44 41
44 20
38 25
27 25
53 25
53 38
8 6
8 45
6 45
5 14
6 14
45 14
45 5
7 22
45 22
8 22
8 7
26 48
6 48
45 48
45 26
32 9
45 9
8 9
8 32
42 4
42 30
4 30
54 36
4 36
30 36
30 54
46 47
30 47
42 47
42 46
16 12
4 12
30 12
30 16
37 19
4 19
30 19
30 37
52 92
11 6
11 31
6 31
51 48
6 48
31 48
31 51
3 15
6 15
31 15
31 3
43 47
31 47
11 47
11 43
25 33
31 33
11 33
11 25
7 27
11 27
6 27
6 7
34 41
34 9
41 9
24 46
41 46
9 46
9 24
21 49
41 49
9 49
9 21
17 5
34 5
41 5
41 17
4 2
34 2
41 2
41 4
10 16
9 16
34 16
34 10
30 29
30 50
29 50
23 39
29 39
50 39
50 23
14 13
50 13
30 13
30 14
37 32
29 32
50 32
50 37
22 8
29 8
50 8
50 22
28 40
30 40
29 40
29 28
20 12
20 42
12 42
1 18
12 18
42 18
42 1
36 45
12 45
42 45
42 36
44 52
42 52
20 52
20 44
26 35
20 35
12 35
12 26
19 38
20 38
12 38
12 19
54 90
53 32
53 27
32 27
51 22
27 22
53 22
53 51
48 19
53 19
32 19
32 48
23 41
32 41
27 41
27 23
28 39
28 42
39 42
4 12
42 12
28 12
28 4
49 36
42 36
28 36
28 49
26 29
39 29
42 29
42 26
3 37
3 40
37 40
21 46
37 46
40 46
40 21
7 38
3 38
37 38
37 7
6 17
3 17
37 17
37 6
10 45
10 9
45 9
24 14
45 14
9 14
9 24
44 18
10 18
45 18
45 44
16 5
45 5
9 5
9 16
25 34
25 11
34 11
13 2
11 2
25 2
25 13
43 47
34 47
11 47
11 43
52 50
11 50
25 50
25 52
33 35
33 8
35 8
15 31
8 31
33 31
33 15
30 54
33 54
35 54
35 30
1 20
33 20
35 20
35 1
55 95
38 13
38 10
13 10
44 51
13 51
10 51
10 44
12 32
10 32
38 32
38 12
33 48
13 48
10 48
10 33
7 26
10 26
38 26
38 7
43 3
43 45
3 45
23 40
45 40
43 40
43 23
2 29
3 29
45 29
45 2
30 54
3 54
45 54
45 30
11 24
45 24
43 24
43 11
53 27
53 8
27 8
9 6
53 6
27 6
27 9
19 22
53 22
27 22
27 19
42 46
8 46
53 46
53 42
49 18
27 18
8 18
8 49
15 50
15 47
50 47
34 35
50 35
47 35
47 34
41 36
15 36
50 36
50 41
20 25
47 25
15 25
15 20
14 31
15 31
50 31
50 14
37 16
37 4
16 4
39 1
16 1
4 1
4 39
17 28
4 28
37 28
37 17
55 52
4 52
37 52
37 55
5 21
37 21
16 21
16 5
55 95
27 28
27 3
28 3
23 39
28 39
3 39
3 23
10 17
28 17
3 17
3 10
1 31
27 31
28 31
28 1
6 26
27 26
28 26
28 6
50 43
50 16
43 16
45 30
16 30
50 30
50 45
44 2
43 2
16 2
16 44
20 7
16 7
50 7
50 20
42 37
43 37
16 37
16 42
48 33
48 54
33 54
22 24
54 24
48 24
48 22
34 51
48 51
33 51
33 34
21 29
33 29
54 29
54 21
5 52
48 52
33 52
33 5
13 38
13 46
38 46
19 9
46 9
13 9
13 19
25 40
46 40
13 40
13 25
4 49
46 49
13 49
13 4
53 14
38 14
46 14
46 53
55 47
55 35
47 35
11 15
35 15
55 15
55 11
41 36
35 36
55 36
55 41
12 18
35 18
55 18
55 12
32 8
35 8
55 8
55 32
45 81
3 39
3 28
39 28
22 6
39 6
28 6
28 22
16 10
3 10
39 10
39 16
21 17
28 17
3 17
3 21
19 36
3 36
39 36
39 19
27 37
28 37
3 37
3 27
15 1
39 1
28 1
28 15
8 7
8 33
7 33
40 14
7 14
33 14
33 40
45 41
7 41
33 41
33 45
9 5
8 5
7 5
7 9
38 11
8 11
7 11
7 38
24 13
33 13
8 13
8 24
43 26
7 26
33 26
33 43
35 4
35 32
4 32
34 18
32 18
35 18
35 34
30 44
35 44
4 44
4 30
20 42
35 42
4 42
4 20
31 25
35 25
4 25
4 31
29 23
35 23
4 23
4 29
12 2
35 2
4 2
4 12
52 92
13 14
13 4
14 4
50 2
13 2
14 2
14 50
52 21
14 21
4 21
4 52
27 20
13 20
14 20
14 27
42 49
14 49
4 49
4 42
31 41
14 41
4 41
4 31
1 51
1 30
51 30
24 44
51 44
30 44
30 24
45 7
51 7
30 7
30 45
35 12
30 12
1 12
1 35
39 46
1 46
51 46
51 39
3 18
1 18
51 18
51 3
32 5
32 9
5 9
25 26
32 26
5 26
5 25
15 11
32 11
5 11
5 15
34 29
32 29
5 29
5 34
23 22
5 22
9 22
9 23
6 37
9 37
32 37
32 6
10 38
10 40
38 40
19 28
10 28
38 28
38 19
43 16
10 16
38 16
38 43
17 33
10 33
38 33
38 17
8 47
40 47
10 47
10 8
48 36
38 36
40 36
40 48
45 81
41 37
41 27
37 27
3 44
37 44
27 44
27 3
22 36
37 36
27 36
27 22
34 40
41 40
37 40
37 34
16 2
41 2
37 2
37 16
26 25
41 25
37 25
37 26
13 23
37 23
27 23
27 13
29 14
29 4
14 4
11 33
14 33
4 33
4 11
5 7
14 7
4 7
4 5
43 31
14 31
4 31
4 43
8 6
4 6
29 6
29 8
45 10
29 10
14 10
14 45
20 19
29 19
14 19
14 20
42 21
42 12
21 12
17 32
12 32
42 32
42 17
24 9
12 9
42 9
42 24
38 30
42 30
21 30
21 38
18 39
21 39
12 39
12 18
35 28
42 28
21 28
21 35
1 15
42 15
21 15
21 1
55 95
50 22
50 7
22 7
39 15
7 15
50 15
50 39
48 55
22 55
7 55
7 48
44 20
7 20
50 20
50 44
31 47
50 47
22 47
22 31
43 8
43 21
8 21
13 49
43 49
8 49
8 13
25 2
8 2
21 2
21 25
33 54
21 54
43 54
43 33
17 18
43 18
8 18
8 17
27 34
27 30
34 30
35 29
27 29
34 29
34 35
28 19
30 19
27 19
27 28
6 32
34 32
30 32
30 6
14 11
34 11
30 11
30 14
41 4
41 24
4 24
45 42
4 42
24 42
24 45
26 10
41 10
4 10
4 26
3 12
24 12
41 12
41 3
51 16
41 16
4 16
4 51
36 53
36 23
53 23
37 40
23 40
36 40
36 37
52 1
53 1
23 1
23 52
38 9
53 9
23 9
23 38
46 5
36 5
53 5
53 46
55 95
19 27
19 2
27 2
21 39
19 39
27 39
27 21
9 28
27 28
2 28
2 9
8 5
19 5
27 5
27 8
51 41
2 41
19 41
19 51
18 42
18 36
42 36
14 20
42 20
36 20
36 14
26 38
36 38
18 38
18 26
47 23
18 23
42 23
42 47
50 35
42 35
36 35
36 50
13 17
13 16
17 16
33 55
13 55
17 55
17 33
37 34
16 34
13 34
13 37
46 30
17 30
16 30
16 46
22 3
17 3
16 3
16 22
4 15
4 6
15 6
32 24
4 24
15 24
15 32
1 52
6 52
4 52
4 1
48 31
6 31
4 31
4 48
40 29
6 29
4 29
4 40
49 43
49 10
43 10
45 25
43 25
10 25
10 45
7 11
49 11
43 11
43 7
54 53
43 53
10 53
10 54
44 12
49 12
43 12
43 44
54 90
2 20
2 34
20 34
30 39
20 39
34 39
34 30
27 40
34 40
2 40
2 27
11 51
2 51
20 51
20 11
37 38
37 15
38 15
48 21
38 21
15 21
15 48
45 24
15 24
37 24
37 45
3 29
15 29
37 29
37 3
23 36
23 13
36 13
54 5
36 5
13 5
13 54
49 8
23 8
36 8
36 49
22 28
23 28
36 28
36 22
33 47
33 7
47 7
44 42
33 42
47 42
47 44
18 31
33 31
47 31
47 18
17 16
47 16
7 16
7 17
9 35
9 32
35 32
43 52
35 52
32 52
32 43
12 1
32 1
9 1
9 12
10 50
35 50
32 50
32 10
53 46
53 26
46 26
6 14
53 14
46 14
46 6
19 4
46 4
26 4
26 19
41 25
53 25
46 25
46 41
52 92
23 4
23 42
4 42
29 46
4 46
42 46
42 29
48 39
42 39
23 39
23 48
22 16
4 16
42 16
42 22
45 43
4 43
42 43
42 45
37 3
4 3
42 3
42 37
10 6
10 31
6 31
19 51
6 51
31 51
31 19
24 14
31 14
10 14
10 24
40 32
10 32
6 32
6 40
7 52
10 52
6 52
6 7
18 2
31 2
10 2
10 18
30 21
30 5
21 5
15 26
21 26
5 26
5 15
12 17
30 17
21 17
21 12
34 41
30 41
21 41
21 34
44 28
5 28
30 28
30 44
49 25
5 25
30 25
30 49
8 50
8 11
50 11
13 1
11 1
8 1
8 13
47 20
11 20
8 20
8 47
38 27
11 27
8 27
8 38
36 35
50 35
11 35
11 36
33 9
11 9
8 9
8 33
55 95
23 22
23 52
22 52
16 2
23 2
22 2
22 16
18 38
52 38
23 38
23 18
31 29
22 29
52 29
52 31
36 39
23 39
22 39
22 36
3 49
3 48
49 48
43 9
49 9
48 9
48 43
46 26
3 26
49 26
49 46
7 53
48 53
3 53
3 7
15 20
48 20
3 20
3 15
24 51
24 5
51 5
14 13
51 13
5 13
5 14
37 32
5 32
24 32
24 37
41 54
51 54
5 54
5 41
45 30
24 30
51 30
51 45
8 25
8 19
25 19
47 12
8 12
25 12
25 47
40 4
25 4
19 4
19 40
55 11
8 11
25 11
25 55
1 33
19 33
8 33
8 1
28 6
28 42
6 42
34 35
28 35
6 35
6 34
50 27
28 27
6 27
6 50
17 10
28 10
6 10
6 17
21 44
42 44
28 44
28 21
52 92
35 4
35 42
4 42
17 12
42 12
35 12
35 17
50 1
4 1
42 1
42 50
7 52
35 52
4 52
4 7
15 25
42 25
35 25
35 15
3 21
35 21
4 21
4 3
47 44
47 11
44 11
13 6
44 6
11 6
11 13
37 22
44 22
11 22
11 37
8 28
44 28
11 28
11 8
20 45
47 45
44 45
44 20
40 33
44 33
11 33
11 40
5 2
5 10
2 10
32 16
2 16
10 16
10 32
23 29
10 29
5 29
5 23
26 49
10 49
5 49
5 26
24 19
10 19
5 19
5 24
51 27
5 27
2 27
2 51
18 46
18 41
46 41
38 48
41 48
18 48
18 38
39 36
46 36
41 36
41 39
31 34
18 34
46 34
46 31
30 14
41 14
18 14
18 30
43 9
18 9
46 9
46 43
52 92
17 10
17 16
10 16
22 42
10 42
16 42
16 22
51 12
10 12
16 12
16 51
2 32
10 32
16 32
16 2
21 36
10 36
16 36
16 21
6 33
17 33
10 33
10 6
38 34
38 20
34 20
50 52
34 52
20 52
20 50
28 48
20 48
38 48
38 28
26 45
20 45
38 45
38 26
39 44
20 44
38 44
38 39
43 31
20 31
38 31
38 43
9 8
9 23
8 23
18 14
9 14
8 14
8 18
27 49
9 49
8 49
8 27
5 46
8 46
23 46
23 5
35 1
8 1
23 1
23 35
24 41
23 41
9 41
9 24
30 15
30 29
15 29
11 4
15 4
29 4
29 11
37 7
15 7
29 7
29 37
47 19
15 19
29 19
29 47
13 3
29 3
30 3
30 13
40 25
30 25
15 25
15 40
52 92
21 22
21 47
22 47
27 39
22 39
47 39
47 27
19 8
22 8
47 8
47 19
43 38
22 38
47 38
47 43
9 51
21 51
22 51
22 9
31 52
47 52
21 52
21 31
28 41
28 10
41 10
26 32
28 32
41 32
41 26
13 20
10 20
28 20
28 13
16 4
28 4
41 4
41 16
24 12
10 12
28 12
28 24
40 11
41 11
10 11
10 40
29 48
29 1
48 1
6 25
48 25
1 25
1 6
2 14
29 14
48 14
48 2
49 44
29 44
48 44
48 49
34 46
1 46
29 46
29 34
45 17
1 17
29 17
29 45
5 36
5 18
36 18
15 37
36 37
18 37
18 15
7 30
5 30
36 30
36 7
23 33
18 33
5 33
5 23
3 50
18 50
5 50
5 3
35 42
36 42
18 42
18 35
55 95
47 31
47 24
31 24
42 48
47 48
31 48
31 42
30 5
24 5
47 5
47 30
53 29
24 29
47 29
47 53
45 49
31 49
24 49
24 45
15 46
15 26
46 26
10 52
26 52
15 52
15 10
38 2
15 2
46 2
46 38
16 21
15 21
46 21
46 16
17 54
15 54
46 54
46 17
11 27
11 28
27 28
37 14
27 14
28 14
28 37
39 32
11 32
27 32
27 39
35 12
28 12
11 12
11 35
41 23
28 23
11 23
11 41
9 3
9 18
3 18
43 50
3 50
18 50
18 43
20 55
3 55
18 55
18 20
34 8
3 8
18 8
18 34
1 6
9 6
3 6
3 1
44 36
44 22
36 22
4 25
22 25
44 25
44 4
7 33
36 33
22 33
22 7
40 19
44 19
36 19
36 40
13 51
22 51
44 51
44 13
55 95
1 11
1 40
11 40
31 36
1 36
11 36
11 31
2 23
11 23
40 23
40 2
6 49
11 49
40 49
40 6
10 8
1 8
11 8
11 10
52 27
52 22
27 22
24 12
22 12
52 12
52 24
3 7
52 7
27 7
27 3
30 19
27 19
22 19
22 30
50 13
27 13
22 13
22 50
41 35
41 47
35 47
51 25
35 25
47 25
47 51
54 9
47 9
41 9
41 54
45 18
41 18
35 18
35 45
39 14
47 14
41 14
41 39
16 53
16 38
53 38
33 48
38 48
16 48
16 33
17 5
38 5
16 5
16 17
42 34
53 34
38 34
38 42
29 37
53 37
38 37
38 29
26 20
26 15
20 15
4 28
15 28
26 28
26 4
43 46
26 46
20 46
20 43
32 21
26 21
20 21
20 32
55 44
20 44
15 44
15 55
54 90
49 2
49 37
2 37
47 33
2 33
37 33
37 47
17 14
37 14
49 14
49 17
15 26
37 26
49 26
49 15
52 19
52 9
19 9
20 38
52 38
19 38
19 20
16 1
19 1
9 1
9 16
24 44
19 44
9 44
9 24
45 13
45 21
13 21
22 18
45 18
13 18
13 22
48 43
21 43
45 43
45 48
50 6
13 6
21 6
21 50
46 35
46 11
35 11
3 29
35 29
11 29
11 3
39 31
11 31
46 31
46 39
25 41
11 41
46 41
46 25
23 40
23 12
40 12
53 10
23 10
40 10
40 53
27 42
12 42
23 42
23 27
30 4
12 4
23 4
23 30
54 34
54 28
34 28
5 8
54 8
34 8
34 5
51 36
34 36
28 36
28 51
7 32
28 32
54 32
54 7
45 81
18 38
18 32
38 32
40 20
18 20
38 20
38 40
21 26
38 26
32 26
32 21
8 19
18 19
38 19
38 8
14 9
38 9
32 9
32 14
24 15
38 15
32 15
32 24
23 44
32 44
18 44
18 23
37 6
37 7
6 7
35 33
7 33
37 33
37 35
11 16
37 16
6 16
6 11
43 2
37 2
6 2
6 43
4 42
7 42
37 42
37 4
34 12
37 12
6 12
6 34
30 28
6 28
7 28
7 30
36 31
36 41
31 41
5 25
41 25
36 25
36 5
1 45
31 45
41 45
41 1
10 22
41 22
36 22
36 10
39 27
31 27
41 27
41 39
17 13
31 13
41 13
41 17
3 29
31 29
41 29
41 3
52 92
4 44
4 6
44 6
35 43
44 43
6 43
6 35
42 49
6 49
4 49
4 42
51 40
44 40
6 40
6 51
5 19
44 19
6 19
6 5
28 27
6 27
4 27
4 28
34 8
34 26
8 26
9 30
8 30
26 30
26 9
7 1
8 1
26 1
26 7
31 39
34 39
8 39
8 31
23 48
34 48
8 48
8 23
45 21
8 21
26 21
26 45
29 47
29 37
47 37
52 36
47 36
37 36
37 52
18 2
29 2
47 2
47 18
32 24
37 24
29 24
29 32
13 33
29 33
47 33
47 13
38 17
47 17
37 17
37 38
15 14
15 20
14 20
10 3
15 3
14 3
14 10
22 25
14 25
20 25
20 22
16 12
14 12
20 12
20 16
50 46
20 46
15 46
15 50
11 41
14 41
20 41
20 11
54 90
52 16
52 34
16 34
54 32
52 32
16 32
16 54
41 28
16 28
34 28
34 41
29 14
52 14
16 14
16 29
2 44
2 20
44 20
53 36
44 36
20 36
20 53
26 42
44 42
20 42
20 26
37 23
2 23
44 23
44 37
47 30
47 4
30 4
11 22
47 22
30 22
30 11
9 45
4 45
47 45
47 9
31 7
47 7
30 7
30 31
50 49
50 25
49 25
3 8
50 8
49 8
49 3
40 38
50 38
49 38
49 40
48 12
25 12
50 12
50 48
5 33
5 39
33 39
1 17
33 17
39 17
39 1
43 10
5 10
33 10
33 43
35 21
5 21
33 21
33 35
46 19
46 51
19 51
6 18
46 18
19 18
19 6
27 15
51 15
46 15
46 27
13 24
46 24
19 24
19 13
52 92
27 40
27 26
40 26
48 7
26 7
27 7
27 48
21 50
40 50
26 50
26 21
19 35
26 35
27 35
27 19
20 32
26 32
27 32
27 20
30 12
40 12
26 12
26 30
18 16
18 25
16 25
41 2
18 2
16 2
16 41
47 9
18 9
16 9
16 47
43 29
18 29
16 29
16 43
45 49
18 49
16 49
16 45
17 14
25 14
18 14
18 17
51 23
51 1
23 1
46 3
1 3
51 3
51 46
39 34
1 34
51 34
51 39
37 22
1 22
51 22
51 37
42 10
23 10
1 10
1 42
44 52
23 52
1 52
1 44
13 8
13 15
8 15
4 36
13 36
8 36
8 4
24 6
15 6
13 6
13 24
11 5
13 5
8 5
8 11
31 28
8 28
15 28
15 31
33 38
15 38
13 38
13 33
55 95
54 3
54 38
3 38
41 49
3 49
38 49
38 41
28 27
38 27
54 27
54 28
33 7
38 7
54 7
54 33
2 14
38 14
54 14
54 2
34 5
34 9
5 9
52 15
9 15
34 15
34 52
22 21
5 21
9 21
9 22
25 32
34 32
5 32
5 25
16 44
9 44
34 44
34 16
45 11
45 13
11 13
53 46
11 46
13 46
13 53
31 30
11 30
13 30
13 31
35 51
13 51
45 51
45 35
8 24
13 24
45 24
45 8
23 36
23 55
36 55
10 48
23 48
36 48
36 10
42 18
23 18
36 18
36 42
40 26
55 26
23 26
23 40
20 39
23 39
36 39
36 20
6 43
6 47
43 47
37 50
47 50
6 50
6 37
12 19
43 19
47 19
47 12
29 1
43 1
47 1
47 29
4 17
47 17
6 17
6 4
55 95
34 21
34 5
21 5
1 26
21 26
5 26
5 1
20 31
21 31
5 31
5 20
7 52
5 52
34 52
34 7
44 23
21 23
5 23
5 44
36 49
36 38
49 38
9 37
36 37
49 37
49 9
2 12
38 12
36 12
36 2
51 15
36 15
49 15
49 51
11 24
49 24
38 24
38 11
46 27
46 14
27 14
45 25
46 25
27 25
27 45
13 55
27 55
14 55
14 13
54 10
27 10
14 10
14 54
50 42
46 42
27 42
27 50
22 19
22 17
19 17
47 48
19 48
17 48
17 47
33 40
22 40
19 40
19 33
30 28
22 28
19 28
19 30
35 6
17 6
22 6
22 35
43 29
43 8
29 8
41 32
43 32
29 32
29 41
16 39
8 39
43 39
43 16
18 4
43 4
29 4
29 18
3 53
29 53
8 53
8 3
55 95
5 35
5 34
35 34
43 26
34 26
5 26
5 43
48 51
5 51
35 51
35 48
29 55
5 55
35 55
35 29
25 41
34 41
5 41
5 25
32 53
32 38
53 38
30 4
32 4
53 4
53 30
42 7
32 7
53 7
53 42
21 22
53 22
38 22
38 21
52 37
53 37
38 37
38 52
17 13
17 36
13 36
28 8
13 8
36 8
36 28
16 49
17 49
13 49
13 16
23 11
13 11
36 11
36 23
31 1
36 1
17 1
17 31
50 20
50 6
20 6
18 44
20 44
6 44
6 18
47 10
20 10
6 10
6 47
9 46
6 46
50 46
50 9
40 39
6 39
50 39
50 40
33 3
33 15
3 15
54 27
15 27
33 27
33 54
45 2
15 2
33 2
33 45
12 19
15 19
33 19
33 12
14 24
15 24
33 24
33 14
52 92
4 38
4 46
38 46
18 5
38 5
46 5
46 18
26 27
38 27
46 27
46 26
36 9
4 9
38 9
38 36
49 2
4 2
38 2
38 49
13 35
46 35
4 35
4 13
43 28
43 45
28 45
52 10
45 10
43 10
43 52
31 37
28 37
45 37
45 31
50 1
45 1
43 1
43 50
16 23
45 23
43 23
43 16
15 6
43 6
28 6
28 15
44 40
44 51
40 51
32 29
44 29
40 29
40 32
14 39
40 39
51 39
51 14
30 48
40 48
51 48
51 30
22 42
51 42
44 42
44 22
21 3
44 3
40 3
40 21
17 41
17 34
41 34
47 7
34 7
17 7
17 47
20 33
17 33
41 33
41 20
24 11
41 11
34 11
34 24
12 8
34 8
17 8
17 12
19 25
17 25
41 25
41 19
45 81
3 36
3 4
36 4
25 28
4 28
3 28
3 25
33 18
3 18
36 18
36 33
10 14
36 14
4 14
4 10
43 26
36 26
4 26
4 43
11 19
3 19
36 19
36 11
20 34
36 34
4 34
4 20
30 22
30 40
22 40
7 44
40 44
30 44
30 7
45 29
30 29
22 29
22 45
2 27
22 27
40 27
40 2
38 35
22 35
40 35
40 38
15 16
22 16
40 16
40 15
41 17
22 17
40 17
40 41
21 31
21 5
31 5
12 42
31 42
5 42
5 12
39 32
21 32
31 32
31 39
13 23
5 23
21 23
21 13
1 6
31 6
5 6
5 1
37 8
31 8
5 8
5 37
24 9
5 9
21 9
21 24
55 95
46 37
46 1
37 1
39 41
1 41
46 41
46 39
17 19
37 19
1 19
1 17
13 15
37 15
1 15
1 13
51 21
46 21
37 21
37 51
47 8
47 11
8 11
35 10
11 10
47 10
47 35
3 22
47 22
8 22
8 3
36 32
8 32
11 32
11 36
29 43
11 43
47 43
47 29
12 31
12 2
31 2
25 23
2 23
12 23
12 25
5 20
31 20
2 20
2 5
16 9
12 9
31 9
31 16
27 33
12 33
31 33
31 27
34 48
34 7
48 7
44 52
34 52
48 52
48 44
40 28
34 28
48 28
48 40
53 54
34 54
48 54
48 53
14 49
48 49
7 49
7 14
18 45
18 24
45 24
55 50
24 50
18 50
18 55
30 42
45 42
24 42
24 30
6 4
18 4
45 4
45 6
38 26
24 26
18 26
18 38
54 90
1 3
1 8
3 8
4 7
8 7
1 7
1 4
15 25
3 25
8 25
8 15
19 20
8 20
1 20
1 19
49 16
49 37
16 37
23 22
49 22
16 22
16 23
40 33
37 33
49 33
49 40
34 6
49 6
16 6
16 34
39 11
39 9
11 9
46 5
11 5
9 5
9 46
29 24
9 24
39 24
39 29
51 38
9 38
39 38
39 51
13 41
13 10
41 10
31 21
41 21
10 21
10 31
28 42
13 42
41 42
41 28
30 45
13 45
41 45
41 30
18 54
18 43
54 43
2 26
54 26
43 26
43 2
52 36
43 36
18 36
18 52
35 12
18 12
54 12
54 35
14 44
14 53
44 53
50 27
44 27
53 27
53 50
32 47
44 47
53 47
53 32
17 48
44 48
53 48
53 17
55 95
36 53
36 52
53 52
29 32
52 32
36 32
36 29
46 40
53 40
52 40
52 46
4 30
52 30
36 30
36 4
9 12
52 12
36 12
36 9
24 28
24 41
28 41
42 6
41 6
24 6
24 42
8 22
41 22
24 22
24 8
39 47
24 47
28 47
28 39
54 15
24 15
28 15
28 54
43 31
43 5
31 5
48 1
5 1
43 1
43 48
35 34
43 34
31 34
31 35
14 13
43 13
31 13
31 14
27 21
43 21
31 21
31 27
17 16
17 49
16 49
25 3
17 3
16 3
16 25
50 11
49 11
17 11
17 50
45 18
49 18
17 18
17 45
44 10
17 10
16 10
16 44
55 23
55 37
23 37
19 2
55 2
23 2
23 19
33 26
23 26
37 26
37 33
7 20
37 20
55 20
55 7
51 38
23 38
37 38
37 51
52 92
41 27
41 30
27 30
46 6
41 6
27 6
27 46
52 43
30 43
41 43
41 52
36 21
41 21
27 21
27 36
18 4
27 4
30 4
30 18
12 50
30 50
41 50
41 12
32 42
32 19
42 19
22 48
32 48
42 48
42 22
10 5
32 5
42 5
42 10
9 29
19 29
32 29
32 9
51 37
32 37
42 37
42 51
33 3
19 3
32 3
32 33
7 40
7 24
40 24
45 17
24 17
7 17
7 45
28 11
24 11
7 11
7 28
2 14
40 14
24 14
24 2
26 15
24 15
7 15
7 26
1 25
24 25
7 25
7 1
23 44
23 47
44 47
39 20
23 20
44 20
44 39
35 31
44 31
47 31
47 35
13 38
23 38
44 38
44 13
8 34
23 34
44 34
44 8
16 49
47 49
23 49
23 16
52 92
34 21
34 46
21 46
26 40
46 40
34 40
34 26
33 36
21 36
46 36
46 33
17 15
34 15
21 15
21 17
32 13
21 13
46 13
46 32
20 39
21 39
46 39
46 20
48 7
48 27
7 27
31 49
27 49
48 49
48 31
12 41
27 41
48 41
48 12
18 51
27 51
48 51
48 18
38 52
48 52
7 52
7 38
30 22
7 22
27 22
27 30
19 16
19 29
16 29
35 50
19 50
16 50
16 35
25 6
16 6
29 6
29 25
11 14
16 14
29 14
29 11
1 5
29 5
19 5
19 1
8 4
19 4
16 4
16 8
24 28
24 9
28 9
3 37
28 37
9 37
9 3
47 44
28 44
9 44
9 47
2 10
24 10
28 10
28 2
43 23
24 23
28 23
28 43
45 42
24 42
28 42
28 45
52 92
4 35
4 11
35 11
31 16
35 16
11 16
11 31
28 24
11 24
4 24
4 28
44 50
4 50
35 50
35 44
18 7
35 7
11 7
11 18
8 47
4 47
35 47
35 8
48 38
48 41
38 41
51 15
41 15
48 15
48 51
6 5
41 5
48 5
48 6
45 37
38 37
41 37
41 45
19 34
41 34
48 34
48 19
25 42
38 42
41 42
41 25
23 13
23 20
13 20
43 26
20 26
23 26
23 43
1 2
20 2
23 2
23 1
33 46
20 46
23 46
23 33
39 3
13 3
20 3
20 39
9 49
20 49
23 49
23 9
14 10
14 40
10 40
52 22
14 22
10 22
10 52
27 17
40 17
14 17
14 27
21 30
10 30
40 30
40 21
36 12
10 12
40 12
40 36
29 32
40 32
14 32
14 29
45 81
38 26
38 27
26 27
33 13
26 13
27 13
27 33
43 21
26 21
27 21
27 43
35 31
26 31
27 31
27 35
45 39
26 39
27 39
27 45
20 8
27 8
38 8
38 20
6 44
38 44
26 44
26 6
5 1
5 18
1 18
14 17
18 17
5 17
5 14
15 2
5 2
1 2
1 15
42 24
5 24
1 24
1 42
4 7
18 7
5 7
5 4
19 16
5 16
1 16
1 19
37 22
5 22
1 22
1 37
3 25
3 32
25 32
28 9
32 9
3 9
3 28
41 36
32 36
3 36
3 41
29 34
25 34
32 34
32 29
30 10
3 10
25 10
25 30
23 11
25 11
32 11
32 23
12 40
32 40
3 40
3 12
54 90
37 23
37 4
23 4
9 48
37 48
23 48
23 9
20 44
37 44
23 44
23 20
50 52
23 52
4 52
4 50
43 17
43 8
17 8
53 12
8 12
43 12
43 53
13 54
8 54
43 54
43 13
36 25
43 25
17 25
17 36
11 49
11 46
49 46
16 30
49 30
46 30
46 16
1 26
46 26
11 26
11 1
31 7
11 7
49 7
49 31
28 42
28 51
42 51
10 3
42 3
51 3
51 10
45 32
51 32
28 32
28 45
34 41
28 41
42 41
42 34
22 27
22 47
27 47
29 2
47 2
22 2
22 29
15 40
27 40
47 40
47 15
19 39
27 39
47 39
47 19
33 14
33 6
14 6
38 35
6 35
33 35
33 38
5 18
6 18
33 18
33 5
21 24
33 24
14 24
14 21
55 95
25 37
25 47
37 47
50 29
37 29
47 29
47 50
17 44
47 44
25 44
25 17
15 51
37 51
47 51
47 15
13 35
25 35
37 35
37 13
3 36
3 48
36 48
54 23
48 23
3 23
3 54
34 42
3 42
36 42
36 34
21 1
3 1
36 1
36 21
52 27
3 27
36 27
36 52
4 33
4 49
33 49
7 16
49 16
4 16
4 7
24 22
4 22
33 22
33 24
26 9
33 9
49 9
49 26
18 14
33 14
49 14
49 18
45 12
45 32
12 32
55 43
12 43
32 43
32 55
53 11
12 11
32 11
32 53
2 31
32 31
45 31
45 2
28 20
12 20
32 20
32 28
30 40
30 41
40 41
38 8
30 8
40 8
40 38
46 5
40 5
41 5
41 46
19 10
41 10
30 10
30 19
39 6
40 6
41 6
41 39
55 95
17 47
17 10
47 10
29 32
17 32
47 32
47 29
31 24
10 24
17 24
17 31
18 1
47 1
10 1
10 18
33 55
10 55
17 55
17 33
20 16
20 22
16 22
12 54
22 54
20 54
20 12
13 34
22 34
20 34
20 13
36 43
16 43
22 43
22 36
9 11
22 11
20 11
20 9
44 42
44 51
42 51
46 4
44 4
42 4
42 46
52 45
51 45
44 45
44 52
41 25
51 25
44 25
44 41
15 48
51 48
44 48
44 15
50 23
50 28
23 28
38 53
50 53
23 53
23 38
2 49
23 49
28 49
28 2
7 26
28 26
50 26
50 7
19 5
50 5
23 5
23 19
40 21
40 8
21 8
14 27
40 27
21 27
21 14
30 6
8 6
40 6
40 30
3 37
8 37
40 37
40 3
39 35
8 35
40 35
40 39
45 81
2 13
2 25
13 25
40 21
13 21
25 21
25 40
26 19
13 19
25 19
25 26
39 22
25 22
2 22
2 39
3 4
2 4
13 4
13 3
42 34
25 34
2 34
2 42
1 29
2 29
13 29
13 1
41 8
41 28
8 28
16 18
41 18
8 18
8 16
38 11
41 11
8 11
8 38
17 33
28 33
41 33
41 17
14 32
41 32
8 32
8 14
45 31
41 31
8 31
8 45
10 23
28 23
41 23
41 10
7 12
7 27
12 27
6 9
12 9
27 9
27 6
35 43
7 43
12 43
12 35
20 15
27 15
7 15
7 20
24 30
12 30
27 30
27 24
44 37
12 37
27 37
27 44
5 36
27 36
7 36
7 5
55 95
8 12
8 28
12 28
45 31
8 31
12 31
12 45
22 47
28 47
8 47
8 22
32 40
12 40
28 40
28 32
7 17
12 17
28 17
28 7
23 46
23 14
46 14
10 51
46 51
14 51
14 10
38 13
23 13
46 13
46 38
16 6
46 6
14 6
14 16
49 18
46 18
14 18
14 49
11 52
11 37
52 37
21 36
52 36
37 36
37 21
24 3
11 3
52 3
52 24
1 43
37 43
11 43
11 1
34 20
37 20
11 20
11 34
35 33
35 5
33 5
42 30
35 30
33 30
33 42
50 15
35 15
33 15
33 50
25 19
5 19
35 19
35 25
48 41
35 41
33 41
33 48
44 2
44 29
2 29
4 54
2 54
29 54
29 4
9 39
29 39
44 39
44 9
53 55
44 55
2 55
2 53
26 27
2 27
29 27
29 26
52 92
16 20
16 43
20 43
32 17
43 17
16 17
16 32
2 21
16 21
20 21
20 2
24 1
16 1
20 1
20 24
4 8
20 8
43 8
43 4
9 18
43 18
16 18
16 9
13 23
13 10
23 10
39 26
23 26
10 26
10 39
6 52
10 52
13 52
13 6
37 29
10 29
13 29
13 37
45 28
23 28
10 28
10 45
42 50
13 50
23 50
23 42
7 5
7 44
5 44
14 22
5 22
44 22
44 14
19 40
44 40
7 40
7 19
51 38
7 38
5 38
5 51
34 41
7 41
5 41
5 34
33 49
44 49
7 49
7 33
48 27
48 15
27 15
36 11
27 11
15 11
15 36
30 12
27 12
15 12
15 30
25 47
15 47
48 47
48 25
3 35
48 35
27 35
27 3
31 46
15 46
48 46
48 31
54 90
13 31
13 35
31 35
11 22
35 22
13 22
13 11
21 24
35 24
13 24
13 21
53 41
13 41
31 41
31 53
37 2
37 30
2 30
50 27
37 27
2 27
2 50
8 47
30 47
37 47
37 8
12 40
30 40
37 40
37 12
49 29
49 17
29 17
9 19
49 19
29 19
29 9
7 10
49 10
29 10
29 7
44 36
17 36
49 36
49 44
48 23
48 43
23 43
20 15
43 15
48 15
48 20
46 42
48 42
23 42
23 46
33 5
48 5
23 5
23 33
26 54
26 4
54 4
16 6
4 6
26 6
26 16
1 51
54 51
4 51
4 1
32 28
26 28
54 28
54 32
39 45
39 3
45 3
52 34
39 34
45 34
45 52
18 25
39 25
45 25
45 18
14 38
45 38
3 38
3 14
54 90
1 35
1 4
35 4
39 31
1 31
35 31
35 39
7 42
35 42
4 42
4 7
22 40
35 40
4 40
4 22
45 48
45 47
48 47
12 32
48 32
47 32
47 12
20 34
45 34
48 34
48 20
26 54
45 54
48 54
48 26
6 49
6 36
49 36
37 27
6 27
49 27
49 37
5 50
36 50
6 50
6 5
29 51
49 51
36 51
36 29
2 24
2 18
24 18
10 17
2 17
24 17
24 10
16 52
18 52
2 52
2 16
44 30
18 30
2 30
2 44
3 19
3 46
19 46
25 9
3 9
19 9
19 25
13 38
3 38
19 38
19 13
14 53
19 53
46 53
46 14
23 15
23 41
15 41
28 11
15 11
41 11
41 28
21 8
41 8
23 8
23 21
33 43
15 43
41 43
41 33
52 92
7 18
7 35
18 35
3 36
35 36
7 36
7 3
52 23
35 23
7 23
7 52
17 19
18 19
35 19
35 17
25 13
7 13
18 13
18 25
32 33
7 33
18 33
18 32
1 10
1 41
10 41
4 40
1 40
10 40
10 4
21 46
10 46
41 46
41 21
28 9
1 9
10 9
10 28
43 44
1 44
10 44
10 43
8 29
1 29
10 29
10 8
48 27
48 47
27 47
26 5
48 5
27 5
27 26
39 51
47 51
48 51
48 39
2 45
47 45
48 45
48 2
24 50
47 50
48 50
48 24
12 16
47 16
48 16
48 12
42 31
42 34
31 34
14 15
42 15
31 15
31 14
38 20
42 20
31 20
31 38
37 49
31 49
34 49
34 37
11 6
42 6
31 6
31 11
22 30
42 30
31 30
31 22
55 95
27 1
27 25
1 25
14 31
1 31
25 31
25 14
4 44
1 44
25 44
25 4
36 35
25 35
27 35
27 36
8 49
25 49
27 49
27 8
43 51
43 6
51 6
20 21
51 21
6 21
6 20
5 9
51 9
6 9
6 5
39 45
6 45
43 45
43 39
54 29
6 29
43 29
43 54
24 30
24 16
30 16
53 41
24 41
30 41
30 53
18 22
30 22
16 22
16 18
48 15
16 15
24 15
24 48
11 42
30 42
16 42
16 11
55 10
55 19
10 19
40 50
19 50
55 50
55 40
7 13
19 13
55 13
55 7
38 37
19 37
55 37
55 38
12 46
55 46
10 46
10 12
17 32
17 2
32 2
33 3
32 3
2 3
2 33
47 23
32 23
2 23
2 47
34 28
17 28
32 28
32 34
52 26
2 26
17 26
17 52
52 92
30 14
30 35
14 35
52 42
30 42
14 42
14 52
40 24
14 24
35 24
35 40
49 47
30 47
14 47
14 49
34 2
30 2
14 2
14 34
22 50
35 50
30 50
30 22
26 25
26 51
25 51
20 3
25 3
51 3
51 20
44 28
26 28
25 28
25 44
9 8
26 8
25 8
25 9
39 16
51 16
26 16
26 39
45 32
25 32
51 32
51 45
18 15
18 48
15 48
10 36
15 36
48 36
48 10
41 29
18 29
15 29
15 41
21 13
18 13
15 13
15 21
37 12
18 12
15 12
15 37
7 43
15 43
48 43
48 7
5 33
5 4
33 4
1 19
33 19
4 19
4 1
17 27
5 27
33 27
33 17
6 31
5 31
33 31
33 6
23 38
33 38
4 38
4 23
46 11
5 11
33 11
33 46
54 90
33 32
33 13
32 13
7 38
33 38
32 38
32 7
1 48
33 48
32 48
32 1
45 39
32 39
13 39
13 45
19 6
19 37
6 37
26 50
37 50
19 50
19 26
49 23
19 23
6 23
6 49
29 15
37 15
19 15
19 29
36 17
36 35
17 35
20 11
17 11
35 11
35 20
44 47
17 47
35 47
35 44
8 3
17 3
35 3
35 8
43 40
43 53
40 53
46 52
53 52
43 52
43 46
14 30
53 30
43 30
43 14
54 22
43 22
40 22
40 54
28 2
28 5
2 5
24 9
2 9
5 9
5 24
34 27
2 27
5 27
5 34
16 21
5 21
28 21
28 16
10 4
10 18
4 18
51 25
10 25
4 25
4 51
12 42
10 42
4 42
4 12
31 41
4 41
18 41
18 31
54 90
33 52
33 14
52 14
4 2
33 2
52 2
52 4
30 13
14 13
33 13
33 30
36 8
33 8
52 8
52 36
40 48
40 41
48 41
45 44
48 44
41 44
41 45
7 34
40 34
48 34
48 7
22 53
40 53
48 53
48 22
42 54
42 37
54 37
20 5
54 5
37 5
37 20
27 49
54 49
37 49
37 27
19 16
42 16
54 16
54 19
47 46
47 35
46 35
32 6
35 6
47 6
47 32
15 26
35 26
47 26
47 15
24 39
46 39
35 39
35 24
18 23
18 43
23 43
31 9
23 9
43 9
43 31
1 28
18 28
23 28
23 1
17 11
18 11
23 11
23 17
50 29
50 21
29 21
3 25
50 25
29 25
29 3
51 10
50 10
29 10
29 51
12 38
21 38
50 38
50 12
52 92
46 27
46 34
27 34
19 21
46 21
27 21
27 19
37 28
34 28
46 28
46 37
42 14
34 14
46 14
46 42
40 2
34 2
46 2
46 40
20 17
27 17
34 17
34 20
24 50
24 15
50 15
45 32
50 32
15 32
15 45
33 30
50 30
15 30
15 33
3 23
24 23
50 23
50 3
18 5
50 5
15 5
15 18
52 29
15 29
24 29
24 52
25 38
25 11
38 11
26 13
25 13
38 13
38 26
43 9
25 9
38 9
38 43
44 10
25 10
38 10
38 44
7 49
11 49
25 49
25 7
47 16
38 16
11 16
11 47
36 1
36 22
1 22
48 31
22 31
36 31
36 48
41 4
22 4
36 4
36 41
6 35
36 35
1 35
1 6
12 39
22 39
36 39
36 12
8 51
22 51
36 51
36 8
52 92
36 22
36 26
22 26
40 5
22 5
26 5
26 40
24 52
22 52
26 52
26 24
31 42
26 42
36 42
36 31
33 50
26 50
36 50
36 33
3 15
22 15
26 15
26 3
29 37
29 23
37 23
20 17
37 17
23 17
23 20
1 2
23 2
29 2
29 1
49 41
23 41
29 41
29 49
21 51
37 51
23 51
23 21
7 48
23 48
29 48
29 7
14 11
14 28
11 28
34 27
28 27
14 27
14 34
12 19
28 19
14 19
14 12
45 39
11 39
28 39
28 45
25 4
14 4
11 4
11 25
43 13
14 13
11 13
11 43
9 30
9 47
30 47
35 8
9 8
30 8
30 35
44 16
47 16
9 16
9 44
38 46
9 46
30 46
30 38
18 6
47 6
9 6
9 18
32 10
47 10
9 10
9 32
55 95
31 53
31 34
53 34
11 32
53 32
34 32
34 11
39 40
53 40
34 40
34 39
4 27
53 27
34 27
34 4
17 38
31 38
53 38
53 17
54 44
54 37
44 37
47 14
54 14
44 14
44 47
42 48
54 48
44 48
44 42
55 18
44 18
37 18
37 55
15 50
54 50
44 50
44 15
1 49
1 36
49 36
51 13
36 13
1 13
1 51
33 22
1 22
49 22
49 33
20 8
1 8
49 8
49 20
21 23
1 23
49 23
49 21
7 24
7 28
24 28
26 5
24 5
28 5
28 26
19 45
28 45
7 45
7 19
46 9
24 9
28 9
28 46
16 29
28 29
7 29
7 16
3 30
3 52
30 52
25 41
3 41
30 41
30 25
6 35
3 35
30 35
30 6
10 12
30 12
52 12
52 10
43 2
52 2
3 2
3 43
45 81
38 39
38 20
39 20
14 40
20 40
38 40
38 14
17 29
39 29
20 29
20 17
12 24
39 24
20 24
20 12
2 27
38 27
39 27
39 2
1 6
38 6
39 6
39 1
44 25
38 25
39 25
39 44
21 8
21 30
8 30
23 7
21 7
8 7
8 23
15 19
21 19
8 19
8 15
43 36
8 36
30 36
30 43
18 35
21 35
8 35
8 18
16 34
30 34
21 34
21 16
4 32
8 32
30 32
30 4
9 10
9 45
10 45
37 26
10 26
45 26
45 37
31 5
10 5
45 5
45 31
28 33
9 33
10 33
10 28
42 22
9 22
10 22
10 42
41 11
9 11
10 11
10 41
3 13
45 13
9 13
9 3
54 90
2 12
2 50
12 50
44 29
12 29
50 29
50 44
5 13
2 13
12 13
12 5
26 28
12 28
50 28
50 26
15 38
15 36
38 36
8 23
38 23
36 23
36 8
48 27
38 27
36 27
36 48
20 16
36 16
15 16
15 20
53 43
53 22
43 22
33 30
53 30
43 30
43 33
3 52
43 52
22 52
22 3
21 14
43 14
22 14
22 21
24 46
24 1
46 1
49 54
24 54
46 54
46 49
32 41
24 41
46 41
46 32
37 9
24 9
46 9
46 37
11 35
11 47
35 47
25 19
47 19
11 19
11 25
10 40
47 40
11 40
11 10
31 39
11 39
35 39
35 31
6 17
6 45
17 45
4 34
6 34
17 34
17 4
51 7
6 7
17 7
17 51
42 18
45 18
6 18
6 42
54 90
45 29
45 43
29 43
14 42
43 42
45 42
45 14
41 1
43 1
45 1
45 41
51 25
45 25
29 25
29 51
19 13
19 4
13 4
22 50
19 50
13 50
13 22
6 52
13 52
4 52
4 6
16 44
4 44
19 44
19 16
24 10
24 36
10 36
26 21
24 21
10 21
10 26
39 3
24 3
10 3
10 39
40 8
24 8
10 8
10 40
31 23
31 12
23 12
46 48
23 48
12 48
12 46
35 18
23 18
12 18
12 35
32 15
23 15
12 15
12 32
49 28
49 11
28 11
27 20
11 20
49 20
49 27
54 2
49 2
28 2
28 54
34 9
49 9
28 9
28 34
5 38
5 33
38 33
53 17
5 17
38 17
38 53
7 30
38 30
33 30
33 7
37 47
38 47
33 47
33 37
54 90
11 21
11 40
21 40
54 46
11 46
21 46
21 54
39 8
11 8
21 8
21 39
9 31
11 31
21 31
21 9
20 28
20 6
28 6
33 12
6 12
20 12
20 33
24 3
6 3
20 3
20 24
2 16
28 16
6 16
6 2
36 34
36 27
34 27
25 29
27 29
36 29
36 25
23 49
27 49
36 49
36 23
15 4
27 4
36 4
36 15
26 7
26 10
7 10
32 22
26 22
7 22
7 32
18 51
26 51
7 51
7 18
50 53
10 53
26 53
26 50
35 52
35 30
52 30
43 44
30 44
35 44
35 43
45 37
30 37
35 37
35 45
5 47
30 47
35 47
35 5
48 19
48 38
19 38
41 14
38 14
48 14
48 41
17 42
19 42
38 42
38 17
1 13
38 13
48 13
48 1
54 90
38 52
38 27
52 27
10 15
38 15
52 15
52 10
24 11
52 11
27 11
27 24
13 44
52 44
27 44
27 13
9 23
9 16
23 16
46 12
9 12
23 12
23 46
40 50
9 50
23 50
23 40
43 6
16 6
9 6
9 43
1 8
1 36
8 36
22 18
36 18
1 18
1 22
2 7
1 7
8 7
8 2
30 54
36 54
1 54
1 30
49 37
49 51
37 51
5 32
37 32
51 32
51 5
45 53
37 53
51 53
51 45
26 25
51 25
49 25
49 26
48 39
48 3
39 3
34 28
3 28
48 28
48 34
14 17
39 17
3 17
3 14
31 20
39 20
3 20
3 31
4 35
4 41
35 41
47 33
35 33
41 33
41 47
29 19
41 19
4 19
4 29
42 21
41 21
4 21
4 42
55 95
14 44
14 38
44 38
40 35
44 35
38 35
38 40
39 10
14 10
44 10
44 39
8 23
38 23
14 23
14 8
17 16
14 16
44 16
44 17
51 15
51 45
15 45
52 43
45 43
51 43
51 52
4 50
51 50
15 50
15 4
26 54
15 54
45 54
45 26
11 55
15 55
45 55
45 11
5 25
5 6
25 6
24 34
25 34
6 34
6 24
2 22
25 22
6 22
6 2
30 42
5 42
25 42
25 30
27 21
6 21
5 21
5 27
33 31
33 46
31 46
1 19
31 19
46 19
46 1
18 36
31 36
46 36
46 18
12 20
31 20
46 20
46 12
7 29
46 29
33 29
33 7
53 41
53 47
41 47
9 28
53 28
41 28
41 9
48 49
47 49
53 49
53 48
13 32
47 32
53 32
53 13
37 3
53 3
41 3
41 37
45 81
38 41
38 26
41 26
20 45
41 45
26 45
26 20
33 13
26 13
38 13
38 33
27 39
38 39
41 39
41 27
2 19
41 19
26 19
26 2
42 36
38 36
41 36
41 42
6 11
38 11
41 11
41 6
23 34
23 30
34 30
43 44
30 44
23 44
23 43
16 18
34 18
30 18
30 16
22 12
23 12
34 12
34 22
29 28
23 28
34 28
34 29
37 21
34 21
30 21
30 37
1 40
34 40
30 40
30 1
3 4
3 32
4 32
14 35
4 35
32 35
32 14
5 24
3 24
4 24
4 5
15 8
32 8
3 8
3 15
31 7
3 7
4 7
4 31
25 17
32 17
3 17
3 25
9 10
3 10
4 10
4 9
55 95
43 47
43 22
47 22
33 35
43 35
47 35
47 33
50 38
47 38
22 38
22 50
52 16
47 16
22 16
22 52
31 13
47 13
22 13
22 31
19 29
19 20
29 20
53 51
19 51
29 51
29 53
26 9
29 9
20 9
20 26
32 12
29 12
20 12
20 32
54 3
19 3
29 3
29 54
10 17
10 27
17 27
49 45
17 45
27 45
27 49
21 55
10 55
17 55
17 21
23 30
10 30
17 30
17 23
4 40
17 40
27 40
27 4
44 25
44 28
25 28
41 18
25 18
28 18
28 41
42 46
44 46
25 46
25 42
2 24
25 24
28 24
28 2
1 6
44 6
25 6
25 1
8 15
8 14
15 14
37 36
8 36
15 36
15 37
48 5
8 5
15 5
15 48
11 39
15 39
14 39
14 11
7 34
14 34
8 34
8 7
55 95
30 31
30 25
31 25
22 46
30 46
31 46
31 22
12 7
25 7
30 7
30 12
42 15
31 15
25 15
25 42
13 20
30 20
31 20
31 13
1 51
1 9
51 9
16 40
1 40
51 40
51 16
26 6
1 6
51 6
51 26
4 52
9 52
1 52
1 4
19 8
9 8
1 8
1 19
48 27
48 35
27 35
36 21
27 21
35 21
35 36
39 41
27 41
35 41
35 39
53 38
27 38
35 38
35 53
24 10
48 10
27 10
27 24
18 11
18 28
11 28
14 45
28 45
18 45
18 14
49 32
28 32
18 32
18 49
34 37
28 37
18 37
18 34
47 3
11 3
28 3
28 47
50 54
50 17
54 17
44 43
17 43
50 43
50 44
2 29
17 29
50 29
50 2
33 55
50 55
54 55
54 33
23 5
54 5
17 5
17 23
45 81
21 11
21 7
11 7
4 29
7 29
21 29
21 4
6 3
7 3
21 3
21 6
16 43
21 43
11 43
11 16
27 28
21 28
11 28
11 27
36 26
21 26
11 26
11 36
24 31
21 31
11 31
11 24
15 18
15 22
18 22
12 23
15 23
18 23
18 12
42 20
22 20
15 20
15 42
41 9
18 9
22 9
22 41
45 39
15 39
18 39
18 45
37 33
18 33
22 33
22 37
2 40
22 40
15 40
15 2
10 1
10 30
1 30
8 38
10 38
1 38
1 8
19 35
1 35
30 35
30 19
32 14
30 14
10 14
10 32
13 34
1 34
30 34
30 13
17 5
10 5
1 5
1 17
25 44
30 44
10 44
10 25
55 95
36 53
36 1
53 1
37 29
1 29
36 29
36 37
40 24
53 24
1 24
1 40
15 55
1 55
36 55
36 15
10 49
1 49
36 49
36 10
52 27
52 7
27 7
34 45
27 45
7 45
7 34
32 3
7 3
52 3
52 32
44 16
7 16
52 16
52 44
48 38
7 38
52 38
52 48
17 42
17 33
42 33
31 13
17 13
42 13
42 31
26 5
42 5
33 5
33 26
46 25
17 25
42 25
42 46
18 41
17 41
42 41
42 18
21 19
21 23
19 23
28 12
21 12
19 12
19 28
51 2
23 2
21 2
21 51
20 39
23 39
21 39
21 20
50 4
23 4
21 4
21 50
30 22
30 11
22 11
8 14
22 14
11 14
11 8
43 9
22 9
11 9
11 43
47 6
11 6
30 6
30 47
54 35
22 35
11 35
11 54
55 95
4 16
4 46
16 46
13 42
4 42
16 42
16 13
45 48
16 48
46 48
46 45
39 41
4 41
16 41
16 39
27 38
46 38
4 38
4 27
11 1
11 44
1 44
28 24
1 24
44 24
44 28
2 33
11 33
1 33
1 2
30 7
1 7
44 7
44 30
5 26
1 26
44 26
44 5
25 20
25 15
20 15
6 37
20 37
15 37
15 6
35 53
20 53
15 53
15 35
31 8
25 8
20 8
20 31
47 36
20 36
15 36
15 47
34 21
34 22
21 22
51 32
22 32
34 32
34 51
19 43
21 43
22 43
22 19
14 49
21 49
22 49
22 14
40 52
34 52
21 52
21 40
17 29
17 10
29 10
54 3
10 3
17 3
17 54
12 50
10 50
17 50
17 12
9 23
10 23
17 23
17 9
18 55
29 55
10 55
10 18
45 81
29 11
29 18
11 18
22 36
11 36
18 36
18 22
3 40
29 40
11 40
11 3
42 31
18 31
29 31
29 42
38 39
18 39
29 39
29 38
8 37
29 37
11 37
11 8
33 9
11 9
18 9
18 33
13 35
13 23
35 23
27 14
35 14
23 14
23 27
24 43
35 43
23 43
23 24
44 21
23 21
13 21
13 44
25 15
13 15
35 15
35 25
5 12
13 12
35 12
35 5
20 7
23 7
13 7
13 20
28 1
28 34
1 34
4 17
28 17
1 17
1 4
45 41
28 41
1 41
1 45
32 2
28 2
1 2
1 32
26 6
28 6
1 6
1 26
30 16
34 16
28 16
28 30
10 19
34 19
28 19
28 10
