50 100
7 32
15 29
29 45
28 6
5 18
6 35
48 49
6 34
20 34
31 32
13 15
44 30
26 45
10 44
31 41
46 23
11 13
31 9
42 26
35 49
38 15
39 7
40 39
6 41
3 35
36 43
4 11
40 15
22 14
45 19
42 19
5 21
39 41
39 13
3 23
15 34
33 46
15 20
23 6
7 2
23 48
24 23
28 29
2 40
3 38
46 26
42 17
8 43
41 27
5 16
21 28
38 37
9 23
30 31
8 18
1 42
37 41
29 7
35 15
16 42
37 29
29 24
47 34
20 25
48 50
21 40
1 23
32 22
26 43
49 14
40 27
38 30
9 43
16 29
34 8
49 29
48 22
1 12
27 5
24 8
3 10
21 1
9 19
23 13
27 26
3 4
17 24
28 15
34 41
7 11
27 16
43 23
42 47
32 36
16 32
19 36
41 36
7 18
44 42
35 27
50 101
14 6
44 21
33 41
49 16
44 30
22 26
27 1
29 46
23 2
34 26
47 26
34 40
23 39
15 2
11 10
9 41
36 14
7 46
28 31
46 10
44 25
27 48
6 35
1 38
41 13
44 33
19 25
6 29
43 37
50 36
3 27
12 48
17 26
1 10
8 29
41 45
27 50
36 8
18 47
25 39
38 31
6 15
9 1
37 45
19 15
42 50
21 22
40 32
43 2
26 7
1 39
41 18
42 13
11 5
15 17
14 31
4 36
44 8
14 30
40 46
12 5
42 26
8 17
3 22
36 3
3 47
5 6
25 16
48 49
20 12
42 3
32 38
37 46
2 6
9 48
19 38
36 30
46 15
32 6
21 20
41 48
16 7
45 9
50 7
14 40
21 47
21 42
24 26
43 22
37 41
9 26
1 3
18 7
40 11
8 31
11 19
10 16
48 14
37 36
50 24
25 11
50 102
48 43
18 12
1 24
13 47
47 23
39 12
36 26
8 41
48 8
10 48
43 28
34 50
15 35
30 49
22 13
29 49
29 41
48 3
32 29
4 26
13 1
8 33
45 15
25 35
45 18
7 50
17 27
29 10
17 29
40 11
31 18
5 34
28 30
46 3
20 10
23 1
4 47
16 38
13 21
49 37
21 29
42 50
39 15
49 8
39 43
1 21
12 41
48 47
31 1
3 16
33 34
36 16
13 49
50 31
2 33
42 29
20 3
45 50
2 17
8 30
44 12
45 44
2 19
35 2
27 12
36 18
32 22
28 20
26 50
46 1
20 19
50 30
32 7
10 22
41 26
36 45
46 19
12 13
47 22
14 22
39 5
34 1
30 14
10 16
24 4
37 26
7 6
31 46
46 43
28 2
50 46
46 22
27 36
9 21
12 6
24 9
29 37
4 3
25 8
32 35
37 10
50 25
50 103
35 45
42 44
42 35
38 21
21 17
37 47
21 40
49 48
22 9
25 39
39 10
33 34
39 16
34 44
28 5
10 50
33 11
34 3
15 11
48 4
42 31
20 6
5 30
13 23
20 22
30 23
4 14
18 2
14 27
12 1
46 21
12 28
46 47
12 13
43 42
21 1
11 28
43 27
16 36
24 47
15 29
12 22
25 3
3 29
32 13
43 36
19 32
11 30
40 44
44 30
7 17
1 27
23 40
21 8
6 13
37 42
3 16
40 35
23 46
21 49
30 13
9 35
21 34
8 3
44 21
1 44
13 9
18 4
42 28
50 16
9 41
15 32
22 23
19 21
46 50
47 12
1 20
6 5
43 47
4 21
33 13
49 5
17 9
5 16
38 46
16 24
9 4
41 42
27 5
2 34
11 6
15 13
18 31
18 22
35 7
33 5
33 19
25 8
20 45
25 44
31 15
22 36
39 49
50 104
3 6
41 14
31 3
14 21
39 20
12 36
42 21
36 47
22 36
48 47
38 6
33 24
12 13
13 24
23 39
24 36
33 2
1 4
24 18
2 5
44 46
17 35
14 11
3 11
14 20
14 6
6 19
26 50
17 48
2 3
2 36
41 23
34 16
47 38
12 25
30 19
34 5
8 31
48 36
35 41
8 39
43 2
40 14
41 3
33 22
45 29
17 30
26 17
45 41
32 30
6 35
30 24
32 48
34 3
37 13
10 1
46 30
5 42
37 46
40 39
9 31
2 31
19 11
6 9
43 21
40 31
48 12
11 29
29 46
24 20
6 45
35 44
22 28
9 25
40 17
27 43
45 11
32 13
3 16
32 45
21 39
4 46
16 23
15 12
17 10
40 47
13 41
46 23
22 45
24 50
31 4
8 29
43 12
30 11
23 26
38 29
5 46
11 4
16 45
26 3
12 5
17 6
18 47
39 25
50 105
25 28
43 4
12 4
30 36
32 12
45 6
47 48
30 38
20 12
33 34
8 18
10 22
15 3
11 12
1 48
33 39
38 43
21 27
30 35
21 43
46 35
39 49
18 45
11 33
19 16
22 5
21 16
45 43
26 27
9 50
42 18
16 26
22 30
15 19
7 48
12 25
30 14
27 36
31 8
45 4
32 3
4 24
19 20
11 10
14 13
24 8
17 9
9 38
44 50
36 20
8 47
16 14
11 17
28 48
30 21
5 16
22 39
50 48
46 7
9 31
9 3
19 44
36 35
41 7
5 2
11 28
22 44
8 20
34 1
3 34
36 42
3 11
19 25
33 15
12 27
3 8
49 6
35 32
42 43
9 35
47 37
41 40
6 28
11 24
49 4
43 40
36 3
28 15
14 18
24 23
14 50
15 16
36 21
45 39
29 6
12 36
30 24
31 2
14 39
12 48
25 40
43 41
30 10
25 38
28 1
50 106
35 36
35 7
30 28
48 32
16 35
8 4
25 27
38 36
37 9
9 26
6 41
20 4
3 38
4 38
39 32
24 28
40 33
2 7
5 21
18 23
16 27
1 48
40 23
3 44
3 16
15 1
31 38
2 25
41 42
25 24
2 48
2 9
35 39
24 38
2 15
47 3
38 37
28 21
26 45
20 30
44 18
26 42
13 15
19 2
21 38
13 44
43 18
11 31
47 12
49 26
11 39
27 14
12 35
22 29
45 23
40 5
15 44
34 44
31 29
26 13
17 19
8 34
27 40
5 39
5 9
16 6
32 16
28 6
35 45
3 32
29 30
25 14
48 44
27 22
26 36
25 35
35 40
41 25
3 4
20 28
15 37
3 40
42 40
44 24
49 38
50 30
12 46
41 46
36 8
30 40
1 3
37 24
23 30
44 40
25 11
24 11
41 27
24 14
23 1
37 50
17 4
4 36
13 39
19 9
23 31
7 50
50 107
9 1
29 30
32 20
3 37
23 14
26 49
6 14
35 37
44 23
48 44
48 1
27 3
29 5
8 17
25 26
34 6
15 1
5 46
41 13
9 28
39 50
50 7
9 40
47 43
4 16
26 45
29 21
14 43
22 21
15 29
49 1
9 36
30 42
3 49
18 21
22 38
4 20
7 33
6 28
36 10
21 23
23 26
13 6
15 47
42 5
23 11
9 18
33 49
19 10
14 5
10 46
20 19
10 39
40 17
16 44
43 7
49 20
28 24
28 29
21 42
44 20
36 15
44 30
43 6
15 4
37 25
30 27
2 6
22 46
46 50
4 30
39 1
4 50
35 49
18 22
45 31
33 16
21 50
38 24
2 26
20 47
14 13
33 4
1 22
32 48
41 23
36 22
33 1
20 29
10 42
48 2
17 41
17 31
48 47
42 23
24 5
28 34
27 16
31 20
44 45
46 18
46 9
43 42
33 26
2 40
16 22
5 19
50 108
20 43
29 18
37 38
23 21
4 35
33 30
41 47
13 12
24 9
47 39
5 22
26 13
35 16
49 2
34 26
17 46
32 3
25 33
18 17
32 31
39 22
37 28
34 47
17 20
34 14
22 24
38 4
26 9
27 38
49 30
50 44
6 8
7 1
6 14
4 8
22 10
36 47
27 14
16 26
8 3
8 9
22 20
30 29
32 33
23 31
12 36
15 24
36 40
50 17
33 48
30 38
16 28
50 23
8 47
33 43
27 26
24 50
24 43
34 33
22 16
42 43
20 21
27 31
22 49
11 31
14 23
16 29
7 16
28 46
31 8
8 28
27 28
7 39
33 41
14 32
36 45
38 41
46 40
44 28
3 2
11 8
22 45
30 47
40 43
36 38
30 50
3 25
7 9
28 20
12 27
37 33
37 49
18 42
30 35
50 34
38 34
16 50
4 42
10 8
32 40
1 6
2 33
50 20
8 16
8 32
11 17
41 7
48 35
50 109
36 4
47 18
35 49
14 6
30 34
31 9
42 19
17 31
44 34
31 44
41 25
41 4
28 24
25 15
14 12
34 26
14 15
20 36
35 3
27 17
17 37
9 11
29 7
9 17
5 6
48 35
50 21
50 22
31 41
34 12
19 21
16 35
17 19
33 31
15 44
12 13
45 23
8 21
2 45
11 15
1 48
31 18
35 37
45 35
4 30
19 6
11 16
5 15
49 36
8 10
5 49
1 38
28 36
25 6
2 30
19 44
23 16
38 37
39 2
45 25
17 12
34 11
7 3
23 46
29 16
32 24
2 37
33 17
37 27
18 26
44 42
49 24
21 41
26 21
24 44
29 43
49 15
41 49
43 32
10 27
18 35
29 3
27 32
20 10
10 36
34 6
45 43
26 37
25 48
14 16
50 12
22 48
40 15
47 34
46 38
26 45
19 2
2 43
48 5
35 27
32 48
5 21
20 16
36 37
15 22
31 50
25 24
4 47
50 48
50 110
6 39
4 38
27 36
33 44
37 38
3 19
28 29
37 36
37 10
21 20
38 27
29 26
20 9
26 2
4 5
5 44
9 13
25 22
46 37
1 40
20 29
11 38
8 41
12 33
21 34
46 15
10 49
17 45
3 1
14 46
32 21
9 23
10 4
47 30
41 35
33 7
34 20
1 22
47 13
43 11
49 11
37 16
12 48
31 19
44 28
15 47
28 46
44 21
34 43
47 31
38 41
32 50
16 13
33 21
13 39
11 30
19 21
21 29
16 18
20 14
8 46
27 40
22 41
26 10
1 7
30 34
49 3
24 43
28 27
43 36
12 35
36 29
46 10
10 42
49 38
19 18
41 45
20 17
11 48
43 1
29 31
39 30
16 35
22 43
43 12
3 42
50 4
21 17
26 14
2 18
28 41
12 18
32 28
20 19
49 1
23 26
30 16
6 29
7 26
31 14
32 38
42 48
35 14
41 33
36 12
3 24
33 6
34 11
15 1
19 48
50 111
22 2
11 28
13 3
35 16
49 36
44 12
36 18
28 22
37 10
14 18
6 5
22 23
46 24
15 28
15 2
20 17
33 4
46 1
32 35
22 38
32 40
19 9
13 19
44 45
13 35
29 32
22 27
22 34
16 33
30 43
9 24
28 48
17 39
35 30
40 1
14 22
24 48
50 42
44 5
10 8
10 30
5 2
28 36
4 31
4 45
10 32
48 17
47 1
14 48
44 7
18 26
41 49
35 15
19 32
21 8
8 31
26 23
37 35
48 33
39 7
18 1
13 17
18 22
22 21
28 37
48 42
38 11
40 18
40 48
5 34
10 16
43 13
20 3
43 12
49 20
22 4
18 17
38 8
28 20
17 27
24 37
3 15
18 45
49 27
41 50
9 40
17 41
29 27
27 31
46 40
1 9
22 20
12 8
20 14
43 49
23 14
25 19
1 21
8 13
15 21
31 15
42 22
43 19
16 43
4 19
26 22
30 45
44 50
33 44
5 46
43 33
50 112
16 8
45 49
33 44
11 31
16 6
44 45
30 29
25 33
21 41
8 1
19 27
26 21
47 49
42 46
45 10
23 15
26 16
19 41
34 11
25 20
18 47
20 18
38 16
14 21
23 46
34 3
49 20
45 17
18 8
2 37
1 30
32 19
42 43
35 9
48 32
17 6
27 40
40 5
50 49
38 49
5 28
13 14
12 10
44 36
17 13
12 49
43 2
8 3
49 21
25 24
17 48
27 44
13 6
34 24
17 30
31 35
25 14
7 6
16 17
38 3
36 16
24 49
2 19
2 7
48 19
46 32
28 24
40 12
18 34
48 26
23 49
46 8
26 7
48 11
39 28
10 20
46 24
9 40
44 40
40 18
22 20
19 42
22 41
41 49
31 50
18 37
44 30
35 15
31 30
41 40
8 39
34 26
48 41
22 6
39 7
35 33
22 50
43 30
25 18
47 4
49 2
9 41
2 12
20 28
35 28
8 31
22 35
35 39
37 27
2 25
27 34
21 38
50 113
11 47
34 25
30 16
32 35
1 9
26 47
21 12
16 32
40 19
6 18
43 1
25 11
12 3
21 30
13 16
28 26
50 17
47 15
3 42
13 24
29 6
19 8
23 19
6 22
50 7
30 49
22 20
46 37
35 14
11 2
17 43
12 5
3 41
23 2
11 15
10 2
46 27
6 39
42 30
8 1
19 25
26 9
50 36
43 6
21 38
25 31
37 10
33 46
5 9
8 47
49 31
32 28
9 16
46 44
48 36
32 11
34 33
44 23
10 19
26 38
39 38
35 49
28 16
40 39
50 21
12 40
42 6
17 11
47 5
14 16
22 38
38 12
47 25
27 16
14 43
1 12
16 10
1 19
17 40
21 28
6 33
6 30
43 2
41 38
9 38
15 41
50 39
13 31
37 33
8 36
30 29
43 41
11 22
11 50
45 16
48 21
18 29
49 43
49 10
4 8
16 7
20 41
20 37
44 8
11 44
14 50
21 25
6 10
37 25
4 3
1 15
30 11
22 21
50 114
46 12
40 48
22 41
15 34
37 50
5 32
8 21
2 50
35 1
31 43
16 1
3 1
22 34
50 10
2 35
14 39
14 30
32 33
2 40
21 22
4 17
32 36
29 21
19 18
50 17
6 49
31 1
31 9
39 43
40 30
21 25
29 20
48 38
5 4
5 29
34 19
9 5
42 39
44 22
44 35
1 27
4 29
15 42
37 49
13 42
2 31
8 2
8 42
43 13
27 42
40 6
47 13
23 3
43 25
47 32
45 27
37 7
17 37
23 42
20 1
20 49
39 33
12 20
48 10
47 41
32 49
47 20
49 39
36 38
17 48
17 44
28 30
36 37
36 5
25 36
37 47
39 1
24 18
19 30
6 33
34 10
40 32
25 12
24 50
3 2
27 14
30 17
6 21
38 9
43 7
9 35
19 16
46 38
24 20
46 10
13 49
50 28
14 48
30 3
25 5
22 20
7 18
1 32
25 29
6 28
45 48
22 47
10 6
6 17
13 21
14 8
15 33
10 43
45 50
50 115
27 19
5 45
20 4
18 8
42 10
28 17
33 41
39 47
37 12
43 39
9 46
10 44
16 35
20 6
17 10
16 15
41 25
9 16
40 20
30 28
10 3
43 48
7 8
18 46
32 19
30 44
6 7
5 46
14 12
3 34
5 42
47 12
27 20
4 23
22 8
11 46
13 6
23 22
41 9
36 37
8 33
31 50
37 45
33 19
13 33
17 6
17 24
14 16
9 10
17 27
1 18
48 23
6 37
40 11
36 34
25 14
22 44
50 25
23 7
41 46
3 14
9 40
11 19
48 19
1 35
4 33
18 11
47 6
15 35
27 22
13 26
21 4
11 39
22 50
36 20
7 44
10 39
43 15
33 28
42 8
8 9
44 45
48 22
4 17
33 29
30 23
24 38
47 19
14 4
39 8
11 16
42 32
18 49
41 4
40 35
21 23
19 8
6 29
20 12
47 43
13 8
46 45
4 44
34 33
14 22
17 45
37 26
30 31
50 49
10 8
41 18
19 26
20 39
36 14
49 39
50 116
29 46
34 30
37 33
3 29
25 49
33 24
49 35
26 12
32 36
23 24
27 50
49 45
43 24
2 5
45 14
24 50
16 10
20 42
48 36
5 34
31 42
27 21
44 10
45 41
1 24
48 4
30 42
32 40
7 40
30 12
42 3
48 31
18 27
16 28
11 44
40 49
27 41
43 26
50 16
13 24
44 20
6 8
27 20
25 31
48 21
44 31
40 46
2 6
26 47
29 38
13 21
46 48
10 9
20 36
48 32
17 16
5 27
6 43
7 23
15 19
22 13
47 50
11 38
11 12
40 6
50 34
2 10
25 1
21 32
45 39
34 36
2 35
6 34
27 40
33 9
31 29
24 31
14 40
18 9
16 48
10 21
30 22
26 9
3 12
16 44
1 39
7 31
32 16
25 41
17 35
26 45
35 12
28 7
9 31
14 46
21 37
15 42
36 18
28 17
50 17
38 27
35 44
43 29
29 10
17 45
39 41
22 6
36 30
48 26
21 20
9 23
40 19
28 22
35 39
11 13
25 9
50 117
42 22
15 46
29 10
37 31
36 21
13 1
22 39
17 15
45 41
50 14
41 10
32 36
25 50
19 11
33 9
36 20
7 25
22 21
22 16
48 15
28 48
6 36
41 22
31 36
48 26
30 1
16 38
43 30
16 1
5 44
4 47
20 33
34 17
5 22
26 29
13 31
46 45
47 44
34 22
6 10
34 14
45 20
43 38
12 50
4 29
39 10
39 12
29 41
45 34
17 16
45 50
37 42
2 8
33 11
36 24
37 1
36 10
50 2
25 12
8 13
20 49
34 42
50 3
35 34
5 27
50 11
14 18
38 22
8 10
44 7
17 2
46 31
13 45
28 27
26 1
36 42
20 21
28 25
16 14
9 28
39 31
33 34
48 3
38 46
36 7
46 43
36 19
40 18
43 4
26 39
40 30
15 42
31 43
23 12
12 48
23 24
46 14
5 4
47 1
17 50
49 25
27 43
7 41
29 39
17 39
40 2
11 42
38 50
3 39
36 28
48 50
45 36
17 46
12 1
46 7
8 49
44 35
50 118
24 50
31 42
46 39
20 24
33 38
20 9
27 46
44 13
20 12
25 42
4 6
16 44
9 43
19 9
38 40
39 19
3 28
44 1
23 24
25 47
36 40
10 32
26 33
24 11
2 31
35 19
21 47
44 45
9 40
26 15
15 19
4 36
49 6
1 35
42 20
11 6
25 35
24 34
5 10
36 22
49 14
27 14
25 45
6 46
30 32
44 22
10 6
14 9
20 30
43 18
6 17
50 15
37 50
34 14
16 21
14 18
35 12
42 26
24 2
49 32
28 26
12 43
19 26
29 19
26 7
32 40
25 50
8 3
36 8
27 11
38 10
49 29
38 42
15 14
49 42
5 21
11 40
20 31
17 12
44 21
36 44
4 38
6 23
22 38
40 18
12 25
33 17
28 6
11 33
46 9
25 17
28 15
45 1
44 30
33 22
44 39
28 18
35 37
35 4
20 37
31 5
31 33
24 28
42 46
42 19
16 11
49 41
8 39
48 44
50 9
30 47
2 49
35 34
31 39
40 42
23 25
19 33
15 5
50 119
49 40
20 34
39 28
44 8
36 7
16 27
40 2
28 19
26 2
38 7
40 1
16 24
23 41
6 27
6 2
6 30
20 1
18 42
11 7
24 15
5 4
2 36
46 45
21 29
16 19
45 7
40 9
29 23
3 37
49 15
15 31
18 22
27 50
13 1
28 11
42 43
34 25
48 16
18 24
17 15
48 7
8 27
28 37
38 27
13 6
45 44
24 21
44 1
7 13
11 47
29 43
30 31
50 47
45 27
22 41
1 19
46 24
34 35
7 8
29 40
6 15
5 36
26 4
44 6
25 49
35 32
46 27
42 50
1 43
36 13
15 41
31 28
26 17
31 45
6 20
23 19
33 17
45 24
21 17
34 13
38 34
41 12
9 11
33 7
21 9
26 24
7 25
17 38
22 3
32 15
6 18
21 44
21 45
1 7
19 5
35 19
7 21
40 17
43 2
44 41
31 34
45 14
8 47
43 22
25 39
41 48
12 5
10 31
25 4
43 16
27 30
20 7
36 24
25 24
26 34
9 5
3 31
46 37
26 19
50 120
10 37
5 8
2 8
9 21
29 30
31 36
45 2
40 25
5 48
15 19
21 50
11 31
45 46
9 24
45 18
15 26
1 6
14 8
13 8
26 25
14 13
27 15
15 11
15 5
36 40
38 32
20 47
50 6
13 24
30 7
34 7
32 40
46 19
37 14
7 4
46 15
11 7
39 31
41 49
20 28
11 1
35 30
45 11
17 32
27 35
27 7
46 29
5 41
29 10
44 43
9 45
31 29
29 27
4 35
4 1
47 6
44 5
23 21
24 41
39 22
36 19
29 28
13 42
44 36
41 45
18 8
19 43
8 40
36 32
16 33
22 13
16 50
37 15
2 5
49 34
36 10
1 35
43 21
22 10
42 23
48 26
16 17
40 39
50 30
13 26
37 19
19 27
32 10
20 19
9 33
2 29
4 47
21 36
40 18
25 10
24 27
29 34
47 43
8 47
23 29
8 17
46 31
13 50
5 32
15 42
23 50
9 26
20 38
50 3
8 41
19 4
41 40
39 29
18 12
31 2
16 10
20 3
17 20
43 3
14 30
50 121
34 3
34 20
10 29
16 47
15 16
12 47
37 48
4 42
4 41
20 37
26 16
24 50
36 10
14 21
27 35
25 30
19 26
50 15
30 34
49 21
17 13
14 48
28 11
49 39
37 2
43 50
50 12
45 35
20 18
41 24
26 49
34 50
47 34
40 15
6 7
9 1
33 46
29 48
18 10
28 24
7 29
24 37
30 29
29 49
44 37
39 7
13 39
39 29
27 22
26 37
50 40
40 42
13 26
48 11
10 24
34 45
47 39
20 6
38 4
9 5
3 32
10 3
20 4
29 19
3 5
42 37
27 44
31 9
20 31
17 31
19 38
20 30
25 29
39 43
19 6
4 11
13 27
26 40
23 7
37 35
47 21
35 24
3 31
45 8
1 48
2 33
19 9
1 42
48 10
24 47
29 37
37 12
41 30
16 44
11 31
19 21
50 19
11 21
16 27
31 6
8 10
46 5
17 30
23 48
44 13
30 19
39 19
35 3
16 36
49 32
27 50
13 30
20 13
1 11
38 21
12 11
27 17
38 48
38 10
15 46
20 45
50 122
7 26
34 3
36 18
22 13
21 14
36 49
36 33
31 50
1 32
49 20
8 36
9 8
42 38
40 2
29 15
25 29
24 3
36 25
44 26
28 14
46 37
9 28
18 41
50 7
40 19
23 4
41 24
3 17
36 2
48 22
2 11
46 3
12 1
39 3
45 21
30 21
21 25
11 29
1 7
8 27
49 46
40 39
47 38
9 13
43 21
15 12
44 35
16 29
37 5
4 10
11 42
42 36
28 46
6 43
22 5
21 4
23 39
32 38
14 3
35 47
15 22
40 7
6 15
26 40
40 29
42 41
29 38
32 45
37 8
29 13
49 30
3 12
38 49
16 45
44 48
29 45
10 24
42 10
28 19
13 41
14 48
6 35
13 46
35 14
21 5
39 13
5 39
16 5
16 13
16 32
20 11
39 10
36 20
36 22
25 34
3 32
21 3
9 38
17 30
21 8
21 13
11 43
10 37
11 4
38 41
36 39
11 12
40 27
21 49
28 4
10 44
10 29
35 37
48 32
18 17
22 10
13 32
38 24
9 23
33 6
28 16
46 24
50 123
40 30
15 42
18 28
41 24
29 38
49 27
21 13
49 30
29 19
7 15
31 25
34 12
14 44
3 18
9 17
25 3
27 10
50 41
50 11
15 32
3 8
39 12
4 28
31 39
34 29
34 36
20 21
44 28
35 4
26 2
9 7
5 41
10 46
48 8
44 29
36 37
35 30
21 4
50 33
23 7
36 23
29 2
41 26
36 6
1 34
36 14
6 42
18 21
48 50
46 42
19 18
6 33
1 19
40 8
33 2
40 15
3 36
27 40
9 8
25 24
13 38
48 47
15 6
11 28
2 21
16 12
1 7
26 23
41 1
22 14
15 9
25 19
43 21
1 33
3 13
11 5
5 9
36 12
9 42
13 40
32 21
14 41
4 40
14 30
3 4
5 15
14 50
37 33
33 44
25 35
8 21
8 47
22 4
6 29
1 5
10 13
44 22
26 15
3 46
12 44
12 18
17 6
12 43
6 50
15 3
19 8
43 16
15 4
36 42
21 39
38 27
8 10
29 10
47 20
13 45
3 20
43 34
37 3
14 20
6 49
14 46
8 37
45 11
50 124
3 43
14 48
40 44
27 31
42 31
47 4
26 3
17 4
31 35
17 19
20 48
13 26
22 9
3 34
9 4
24 43
3 49
30 5
18 5
30 38
26 1
22 32
11 49
36 16
10 32
28 48
25 24
8 16
10 17
48 38
50 21
29 27
42 8
1 18
31 15
50 28
33 31
18 16
6 31
36 26
40 50
17 31
16 47
33 8
29 15
21 17
32 27
16 23
14 22
42 5
5 34
23 22
48 10
38 34
49 35
1 38
9 10
36 14
35 22
19 47
21 35
22 11
43 32
27 5
4 6
16 44
38 12
33 34
37 8
18 23
30 43
19 26
11 9
26 12
5 25
24 29
21 11
42 38
17 49
32 1
45 34
39 44
1 41
43 50
29 16
33 38
15 43
37 18
49 33
33 25
7 14
33 26
29 33
36 20
14 27
11 10
3 38
15 23
31 45
37 35
31 50
46 23
27 11
7 17
23 27
44 13
45 19
33 7
8 9
33 28
23 13
46 12
2 36
3 47
16 12
41 45
37 50
44 31
1 3
5 21
41 34
19 24
14 15
40 42
50 125
28 4
13 7
36 12
11 48
42 10
5 42
15 17
28 12
26 34
14 26
49 26
5 4
44 30
14 41
32 23
15 37
38 44
40 37
18 27
46 20
23 22
30 37
47 8
23 7
17 20
46 19
4 31
11 28
49 1
12 43
46 3
4 41
21 13
38 24
29 33
31 5
21 32
7 5
1 17
20 49
12 3
40 12
50 14
22 5
18 42
2 28
45 26
9 6
19 40
20 9
5 12
33 12
14 10
15 29
32 48
9 26
15 47
30 29
17 33
16 18
34 48
21 47
41 20
25 36
26 24
35 22
47 3
6 7
29 16
39 18
30 2
31 33
15 1
31 39
11 19
29 13
41 23
1 2
48 47
15 34
41 3
10 7
15 14
33 7
28 49
42 45
11 44
37 18
7 31
10 31
8 32
46 4
8 34
27 43
16 14
45 24
1 42
7 1
3 2
2 8
44 10
28 26
31 37
24 20
32 3
29 1
28 7
30 24
38 1
27 33
32 43
27 1
39 6
21 2
19 28
26 20
11 30
44 5
41 32
24 41
11 24
31 27
47 11
32 26
14 8
50 126
8 26
46 45
39 5
30 45
47 2
5 50
19 13
20 12
21 48
14 23
48 22
6 19
6 36
41 1
2 1
30 50
7 46
40 48
3 46
11 31
8 38
17 36
1 32
37 3
12 16
47 23
42 9
5 20
50 47
44 12
13 5
35 30
49 39
44 38
49 34
19 36
22 41
40 2
27 40
34 10
33 1
5 23
15 24
18 14
37 14
31 39
45 11
28 15
43 37
1 13
14 22
35 34
11 7
47 16
8 20
33 20
17 9
48 29
16 28
46 38
40 44
13 10
36 37
14 30
15 2
10 37
39 26
14 50
26 25
25 22
47 46
21 37
37 12
14 46
43 49
18 38
36 9
22 26
35 44
12 9
3 25
46 24
10 11
41 33
33 8
17 18
43 20
6 22
50 48
21 9
42 25
32 29
4 50
44 15
24 27
32 42
30 12
45 48
33 48
14 43
29 14
49 20
47 9
41 50
31 16
2 35
16 22
17 27
47 27
41 40
2 10
44 31
49 9
22 35
23 45
2 7
41 31
25 8
50 20
17 34
17 2
25 12
15 46
29 42
31 37
3 39
50 127
27 22
21 20
15 16
18 29
17 6
17 39
17 13
30 35
27 4
10 5
46 11
43 14
26 19
6 40
36 7
28 36
46 2
16 44
15 28
45 43
42 11
41 22
12 23
41 40
13 20
18 38
44 33
12 49
28 44
44 9
19 17
15 34
16 39
24 26
35 28
50 33
17 28
21 2
27 26
12 38
7 2
2 31
10 38
39 35
24 35
40 11
32 7
45 44
40 8
39 40
26 30
23 4
20 43
32 10
10 8
35 21
7 9
12 46
47 48
30 47
13 21
11 7
46 5
29 43
48 7
25 23
28 32
22 42
4 26
42 49
21 50
32 42
35 34
11 36
29 1
34 20
50 4
4 48
28 30
47 28
27 29
9 16
25 45
34 21
33 41
29 24
15 31
40 30
3 22
7 3
24 4
33 20
10 17
18 44
23 9
47 24
39 38
28 27
17 33
48 28
19 30
9 19
12 16
25 48
4 5
15 7
42 17
10 44
50 37
39 19
45 41
32 15
23 40
44 31
33 7
20 48
7 45
30 4
23 21
33 1
33 25
18 10
31 12
43 47
47 25
1 8
8 31
50 128
15 47
15 21
29 38
36 20
32 43
37 20
30 26
40 29
4 21
24 36
44 10
32 50
37 50
41 7
43 26
24 11
33 17
46 5
7 18
1 43
37 5
34 30
1 44
31 28
36 19
41 33
6 10
19 15
1 13
27 16
11 33
18 14
25 22
22 30
7 45
26 28
43 29
25 16
15 39
29 6
49 31
41 13
13 32
8 11
36 5
30 37
8 7
2 8
23 1
21 44
33 32
43 39
36 27
37 28
32 18
12 28
47 18
1 35
24 18
20 22
41 29
21 24
44 16
25 42
11 43
35 6
31 50
4 43
36 30
8 19
29 8
26 47
15 9
12 15
32 40
28 27
22 3
11 25
39 26
26 14
1 5
34 36
5 44
41 39
35 4
15 36
16 22
33 7
43 44
49 18
15 6
46 42
27 21
38 1
46 23
44 26
29 46
39 36
29 13
15 16
46 30
32 8
42 8
3 37
24 23
4 18
37 33
11 17
11 22
29 30
26 9
30 7
8 9
34 10
43 21
49 28
4 16
13 36
1 49
49 43
28 1
9 36
20 9
41 19
23 34
12 10
1 48
9 46
50 129
32 3
7 11
39 49
48 1
15 26
46 17
28 37
10 39
11 42
1 37
49 22
19 6
37 49
14 34
27 28
40 39
43 11
41 49
42 18
31 13
49 15
42 34
28 39
9 31
49 43
11 35
8 23
8 31
7 32
44 43
5 9
38 8
28 36
6 26
25 19
30 19
30 22
42 39
50 17
50 35
23 42
16 26
28 41
15 2
48 40
2 22
2 1
24 39
5 2
18 24
31 37
21 4
28 29
46 19
45 41
5 27
6 29
36 49
19 9
44 7
47 25
45 11
6 12
47 48
32 28
41 5
33 20
6 22
44 14
8 4
34 36
39 1
3 44
49 50
9 26
50 48
44 40
37 42
15 33
20 43
5 4
2 50
39 7
29 12
11 50
5 23
3 1
8 37
34 40
49 8
9 3
2 35
32 33
16 50
44 21
37 36
26 29
50 31
45 48
24 15
40 50
48 17
42 30
18 43
16 33
25 26
24 23
32 43
43 33
10 13
12 23
18 5
32 49
40 22
47 15
30 21
38 13
36 17
16 21
5 1
47 1
10 43
44 10
45 9
47 18
27 50
45 18
25 38
31 36
50 130
47 15
30 22
2 48
7 33
34 5
9 22
21 19
26 46
4 20
42 14
33 23
28 38
33 47
41 1
11 27
43 17
30 5
46 17
28 44
17 19
40 12
21 14
15 11
45 46
7 42
14 4
48 31
18 11
4 24
25 45
8 49
29 33
32 42
50 19
1 23
32 3
19 23
24 41
34 39
32 24
8 24
16 45
43 24
21 41
42 11
50 16
40 45
42 37
13 11
18 38
49 30
49 47
15 20
28 20
10 23
18 40
39 43
26 28
34 41
5 10
10 2
5 40
40 42
36 22
29 18
25 12
37 3
31 38
25 50
40 36
46 29
12 32
12 11
6 41
30 1
20 31
40 38
10 45
42 49
9 7
24 16
16 29
38 1
12 37
48 37
41 46
26 42
38 13
6 40
4 15
14 37
6 43
49 38
26 34
44 27
16 6
49 2
46 44
27 25
31 50
12 5
44 37
14 25
44 10
32 36
44 4
8 36
6 5
13 41
42 4
34 35
21 50
13 36
23 40
47 48
48 4
41 36
49 26
29 28
40 9
2 31
37 26
38 6
22 35
22 5
22 44
8 10
43 15
39 32
25 20
50 131
15 21
47 15
49 11
13 31
10 44
4 15
8 19
35 49
36 17
34 50
29 16
46 9
44 43
49 3
1 24
19 3
16 24
48 26
42 8
45 7
44 25
13 11
26 2
20 4
1 18
23 39
3 29
7 5
17 21
50 39
4 16
12 30
19 38
5 11
29 21
47 45
33 11
50 44
17 20
43 22
13 14
1 42
25 12
8 9
26 7
22 35
32 43
40 31
47 5
26 50
28 36
45 32
2 13
19 48
3 41
36 15
11 29
26 18
28 49
25 2
35 19
3 36
2 33
13 49
34 40
42 6
13 29
19 1
6 18
13 26
28 44
44 21
19 10
20 12
11 24
13 4
41 43
20 32
9 15
22 20
14 16
48 2
39 10
27 33
19 15
13 36
10 2
29 38
43 42
46 43
50 32
30 29
45 1
29 36
42 5
17 46
2 30
36 44
49 1
34 41
36 14
19 26
15 2
5 46
14 50
23 12
39 21
1 13
23 1
26 12
31 12
39 41
30 49
28 27
23 27
32 11
11 42
25 41
19 36
2 46
21 43
42 20
14 3
40 32
38 17
6 4
40 46
21 49
37 10
23 11
29 48
50 132
31 11
1 23
21 32
43 46
45 6
25 42
1 27
16 33
49 27
45 9
6 19
24 32
4 42
46 12
41 40
45 29
12 9
36 32
28 1
10 22
43 17
5 22
39 29
35 22
16 12
32 17
45 48
14 46
23 5
38 32
28 18
25 19
21 37
1 20
4 15
26 16
37 31
36 40
46 24
1 3
21 46
6 29
12 4
43 2
10 23
45 2
37 43
21 44
50 24
22 14
25 14
26 48
38 9
20 33
8 5
32 31
49 32
26 34
36 2
8 30
23 24
16 3
19 41
17 20
20 5
15 14
15 17
8 23
32 35
41 1
36 28
16 14
10 27
12 2
40 23
25 3
26 30
44 49
45 39
6 36
5 41
13 38
18 50
25 50
14 37
19 16
29 44
42 46
39 12
8 48
45 18
12 29
21 1
13 49
25 7
39 36
13 45
12 20
39 35
17 2
10 41
15 26
35 1
6 42
1 9
11 28
40 27
34 42
49 20
12 27
45 4
7 8
38 48
29 5
38 18
49 39
6 3
47 2
2 3
27 15
44 17
41 29
37 50
14 13
30 49
43 32
2 7
50 30
29 35
15 35
26 44
14 9
50 133
31 39
47 36
9 28
29 25
1 27
49 17
25 23
39 43
47 4
18 5
43 36
27 13
15 14
26 6
7 30
18 8
34 26
18 35
17 30
6 40
9 19
22 45
21 41
6 10
48 28
38 12
11 28
44 28
29 24
31 29
35 16
25 9
29 40
47 6
3 31
28 23
25 35
41 31
25 12
31 48
14 24
38 4
48 1
44 1
3 4
3 17
40 41
30 29
46 39
10 5
22 24
34 8
42 34
3 26
14 34
32 24
49 27
38 19
4 11
33 1
30 20
20 45
11 22
8 3
48 43
6 16
32 19
44 22
25 26
23 33
6 20
18 1
45 2
21 37
39 19
36 7
29 33
39 4
41 34
27 11
7 27
42 40
42 25
40 11
33 26
14 31
34 11
44 7
8 46
48 41
17 10
22 41
19 8
32 21
31 47
20 7
14 1
15 32
11 6
50 22
13 12
5 37
50 10
49 35
50 16
48 50
9 40
9 4
40 45
29 42
15 16
15 35
33 38
2 42
24 8
7 42
30 5
44 21
41 12
48 8
44 24
21 4
46 38
13 38
14 28
24 1
33 17
18 44
22 14
28 2
35 3
37 30
46 41
50 134
22 3
50 39
46 23
16 12
41 18
34 16
7 23
46 37
23 6
37 21
3 21
11 28
29 45
9 36
8 41
36 34
38 16
39 40
19 23
1 29
45 49
6 28
39 43
30 24
10 6
19 45
12 38
23 1
28 36
47 26
27 3
22 41
13 47
39 31
11 44
46 44
22 48
32 25
36 30
1 37
22 40
11 39
44 6
41 29
17 40
25 37
44 43
1 42
14 26
25 9
32 48
9 16
7 36
41 34
20 32
43 31
34 6
1 27
29 6
19 40
38 11
50 2
15 9
22 6
26 37
6 20
13 9
41 43
10 49
41 32
12 50
45 41
9 46
18 26
13 1
37 6
39 1
15 31
47 30
20 31
12 41
45 4
50 14
41 27
36 27
18 32
21 40
12 20
42 35
31 28
39 18
20 27
39 36
28 16
3 41
49 50
26 23
16 33
5 12
49 36
11 29
43 26
24 23
18 27
39 3
27 48
46 42
35 14
30 9
13 39
43 4
28 26
26 4
5 39
16 8
17 21
43 36
40 14
14 18
35 36
22 21
7 10
31 3
31 25
16 17
46 45
5 7
33 7
19 38
47 45
28 41
16 2
45 12
6 9
50 135
47 29
50 27
46 26
22 40
8 31
10 44
48 12
18 26
36 4
29 33
22 20
24 15
50 2
48 26
34 29
39 42
31 15
8 38
36 20
11 31
1 17
31 18
28 18
23 28
49 50
40 46
31 4
5 48
10 43
15 34
43 2
25 31
37 33
29 6
25 5
12 39
24 30
16 8
44 42
17 9
13 8
21 34
36 13
20 50
28 34
9 43
10 41
46 35
39 45
50 41
45 48
39 26
27 31
40 32
8 35
44 40
8 3
4 29
45 11
36 40
25 35
50 25
3 48
50 45
42 22
13 31
41 29
11 15
44 29
30 36
7 8
13 33
37 31
40 8
50 35
43 17
1 9
46 8
26 16
30 7
36 44
39 15
31 1
12 36
16 1
38 29
6 22
27 42
47 25
23 7
43 45
47 2
14 6
22 7
30 42
7 16
12 1
39 31
35 29
4 10
42 23
22 34
8 32
4 42
29 21
48 31
17 50
11 35
35 22
40 2
41 1
41 21
32 12
7 50
4 28
47 39
27 19
38 2
1 46
23 3
8 17
31 2
39 8
22 48
48 43
47 46
48 40
38 46
2 49
5 23
17 2
38 23
40 15
15 5
44 24
50 136
49 35
34 3
12 28
22 35
21 50
11 24
3 32
5 45
38 30
13 50
37 27
26 46
18 17
42 43
32 46
20 45
28 36
43 45
38 22
5 34
28 17
11 27
38 42
4 17
4 26
23 49
5 46
38 34
40 5
41 22
22 21
16 29
45 44
45 22
18 10
3 20
4 45
31 47
24 19
2 30
29 21
29 39
37 32
19 3
42 25
11 49
20 21
6 20
35 16
30 47
8 34
25 33
33 16
48 20
11 36
45 40
9 41
26 45
48 44
11 21
5 36
9 47
23 19
23 37
27 8
16 26
28 48
26 33
6 43
37 30
5 24
21 37
22 6
20 43
36 35
44 28
21 7
28 42
41 36
37 26
20 18
43 41
39 38
32 33
43 21
33 22
30 16
40 38
37 15
35 34
39 1
11 3
38 9
12 40
15 2
23 7
42 37
7 36
14 43
50 18
7 17
24 4
39 26
31 45
35 48
34 45
35 31
27 25
21 28
37 5
39 44
3 13
49 36
18 4
33 31
24 37
22 12
40 18
31 30
12 35
48 7
4 11
39 16
42 49
49 15
37 35
4 9
14 24
1 36
33 7
24 43
8 31
33 4
16 24
16 45
46 24
50 137
38 47
33 37
15 29
7 5
41 22
24 5
11 10
19 20
36 25
38 2
34 43
20 12
48 12
30 12
11 43
13 9
49 13
46 15
14 25
26 14
36 12
47 48
9 16
45 2
21 34
19 48
18 4
41 34
39 16
44 6
40 1
49 6
12 11
46 32
21 13
5 29
23 29
15 12
11 3
50 32
1 8
45 11
41 9
43 29
48 36
43 16
36 32
31 5
23 39
16 24
1 7
12 50
31 12
1 28
8 36
31 30
1 48
6 13
7 41
31 43
12 40
46 33
36 4
9 18
40 37
35 41
14 50
43 12
50 24
25 22
42 23
2 41
6 23
17 23
41 8
19 30
26 37
20 49
31 24
21 12
16 33
38 21
49 15
33 11
4 26
36 14
2 40
26 35
14 35
2 26
41 23
39 20
50 7
21 3
16 45
21 44
15 26
36 22
27 33
47 8
35 24
4 11
8 4
33 14
23 7
8 17
37 8
23 16
19 21
5 19
8 19
31 49
46 37
11 29
10 42
3 1
46 38
16 35
12 23
18 37
47 30
7 38
5 39
14 46
47 28
1 33
31 3
45 34
45 21
29 8
2 31
35 9
27 21
42 16
50 49
48 24
44 28
50 138
3 6
29 25
1 49
44 36
27 10
10 4
30 3
36 21
5 20
39 29
37 50
20 45
29 38
11 1
45 48
11 29
18 40
22 3
15 5
13 28
38 6
32 47
14 30
22 12
35 32
25 7
3 15
43 35
13 40
6 45
15 40
42 50
27 31
41 7
31 15
31 43
49 8
11 17
13 49
12 1
29 19
49 50
2 33
16 36
25 10
21 15
1 16
45 39
47 41
6 49
22 24
27 28
11 22
25 28
50 17
48 50
25 22
22 48
22 33
25 3
36 26
39 28
16 14
12 18
5 46
44 38
19 43
45 37
13 22
21 2
14 2
7 48
43 37
17 29
7 46
19 25
4 45
50 13
39 8
46 12
8 26
22 19
46 38
7 44
48 40
38 1
5 37
8 45
16 49
33 34
9 19
49 22
8 2
50 2
43 42
41 3
20 8
43 32
6 36
5 13
36 32
29 9
15 37
21 18
12 48
27 35
43 21
48 35
28 15
21 16
5 29
5 2
49 4
32 17
38 48
15 46
7 22
4 14
38 4
11 5
10 16
16 15
34 31
16 29
8 9
32 15
19 50
38 8
38 37
39 21
44 45
28 30
22 5
16 47
17 23
12 8
28 41
3 13
50 139
48 28
43 23
34 20
30 25
10 8
10 14
19 47
17 48
28 12
28 21
44 12
34 36
50 10
39 31
14 30
13 29
13 32
19 20
7 41
39 16
50 27
7 23
43 50
27 43
44 31
7 47
41 3
33 29
13 15
46 12
44 18
16 33
49 50
47 13
39 11
24 25
8 43
12 10
45 28
23 33
40 3
9 25
4 15
42 41
16 11
36 17
40 48
41 46
44 6
25 11
39 22
38 1
41 9
28 44
28 42
31 45
19 2
22 23
19 18
10 18
37 39
50 1
21 37
30 41
33 13
30 40
24 22
16 35
12 8
38 22
42 47
40 41
38 48
12 31
6 10
30 49
16 12
20 3
35 19
30 44
12 50
28 36
39 40
32 21
12 34
48 19
20 22
37 47
26 39
41 45
9 5
2 49
16 36
11 34
45 26
36 31
13 41
26 1
35 25
40 23
33 40
9 46
5 31
3 14
33 10
11 9
38 46
11 22
25 27
12 41
22 6
27 47
35 27
38 36
11 24
23 21
18 50
29 18
3 5
22 32
48 13
22 12
46 17
44 34
9 13
19 21
9 14
5 4
2 22
31 2
49 11
45 8
18 14
45 37
1 23
23 42
50 4
22 50
13 35
50 140
16 12
45 37
16 45
1 33
21 18
17 6
43 6
24 3
43 44
38 49
7 41
27 45
37 5
17 13
37 50
31 18
19 48
16 23
44 40
42 46
46 33
50 16
31 38
13 6
2 3
5 7
12 35
7 11
46 45
45 22
24 5
8 11
11 34
1 12
26 14
6 34
45 6
16 33
44 13
36 37
39 35
22 16
16 20
13 49
1 42
48 16
8 49
5 4
40 47
44 21
23 11
43 9
11 20
37 35
5 27
10 2
45 49
43 46
10 34
15 36
40 49
35 21
22 10
5 1
11 9
21 7
14 48
41 13
26 43
38 21
35 16
23 9
42 48
7 38
35 47
20 17
42 38
10 12
18 14
19 21
13 31
40 4
10 1
33 27
7 48
21 15
29 35
9 31
11 27
26 23
43 21
12 41
50 49
8 46
20 39
46 13
20 46
33 11
19 40
23 31
20 44
34 40
35 22
50 29
2 11
39 45
19 20
30 14
6 29
28 16
24 48
40 11
6 24
25 27
30 4
6 40
36 30
28 37
1 34
17 36
31 20
39 13
11 12
35 1
29 26
41 9
44 38
1 17
12 8
19 5
39 18
43 36
15 17
39 21
41 24
39 28
36 40
23 42
34 33
6 28
50 141
30 8
12 2
39 49
20 17
21 8
34 29
3 34
1 5
26 32
44 3
5 39
41 28
8 20
20 29
1 44
18 3
10 41
44 21
42 27
33 46
40 8
41 31
40 50
22 14
46 35
15 47
29 4
46 21
36 40
27 40
30 45
46 47
12 36
37 38
43 49
38 13
29 27
41 8
43 47
40 18
35 44
17 39
40 48
30 7
2 14
48 12
17 4
22 31
28 8
17 23
10 50
43 21
17 6
32 38
9 7
36 35
3 6
18 42
39 43
30 42
10 44
49 8
16 43
48 45
9 12
36 30
16 7
3 27
22 49
8 39
46 28
23 21
2 29
42 29
3 41
2 10
22 23
4 49
2 31
18 22
42 43
7 1
50 3
36 47
13 7
28 22
23 1
4 21
23 7
3 22
36 3
25 42
23 8
30 47
49 23
15 48
11 5
6 49
39 22
22 38
1 47
14 13
11 31
6 26
16 47
46 15
1 37
5 48
24 11
36 26
15 21
27 1
17 25
22 32
47 9
5 6
44 17
1 24
13 15
21 20
24 25
4 33
3 11
50 42
2 43
19 32
11 22
5 2
8 24
35 8
5 22
23 29
43 6
11 45
17 29
11 33
35 39
31 25
34 26
32 50
4 24
50 142
22 20
42 25
41 10
42 31
33 7
4 42
19 45
1 5
49 3
33 43
1 18
5 43
49 21
10 12
21 40
31 9
27 17
21 23
43 50
32 24
32 12
48 14
43 18
34 20
21 47
22 17
8 1
16 26
22 26
17 34
11 6
14 37
22 24
38 40
2 48
5 9
39 34
11 45
50 1
25 8
30 14
10 9
13 50
13 33
24 35
34 11
31 6
13 42
2 24
31 20
47 45
40 15
7 12
14 19
25 20
4 5
45 43
19 8
49 2
28 17
16 17
24 34
33 32
29 34
44 46
17 33
25 29
1 20
16 15
38 30
42 43
4 50
18 25
27 11
50 24
36 46
43 38
11 15
29 24
30 7
42 49
44 33
41 7
50 27
41 9
26 13
37 20
11 12
31 44
45 10
29 13
9 43
18 49
38 10
17 48
25 41
3 40
48 32
9 8
19 39
6 23
8 7
39 31
13 48
46 17
11 46
14 27
50 49
35 13
25 6
7 2
27 32
34 42
44 25
15 41
48 26
6 41
15 43
37 38
24 47
37 39
19 35
40 27
24 28
32 37
23 22
2 18
18 44
2 33
3 29
9 28
23 30
12 4
27 28
45 20
5 36
18 29
4 21
8 37
22 48
43 32
16 41
50 143
1 39
45 42
29 33
27 5
20 37
18 12
29 20
29 46
1 50
31 25
9 5
20 32
46 13
7 1
9 13
42 43
42 33
26 12
27 25
25 6
4 41
3 31
25 16
6 38
1 37
41 45
29 8
11 3
43 4
20 11
47 1
50 44
50 32
2 13
12 21
35 1
41 49
30 27
25 32
6 22
39 41
20 4
6 15
42 38
6 2
6 7
9 21
29 40
11 48
39 35
29 23
22 25
15 9
16 23
43 22
19 45
40 47
32 46
37 33
13 16
3 1
22 50
5 6
38 37
28 49
22 3
15 19
33 21
8 16
19 13
36 9
23 2
17 41
39 20
2 20
11 27
41 12
38 22
17 40
28 46
18 19
35 37
42 1
9 31
32 1
7 45
4 18
16 9
46 17
24 36
49 38
11 22
39 25
9 20
21 43
39 43
11 34
49 43
20 27
30 14
23 12
30 29
31 43
24 3
1 24
48 42
9 11
37 43
21 22
45 29
16 17
6 23
21 28
6 19
13 44
15 22
48 41
48 7
16 12
47 8
22 46
14 23
29 48
45 49
46 30
12 33
43 12
22 8
45 1
5 21
13 27
45 24
34 41
33 41
23 34
25 26
11 15
12 15
8 17
49 21
14 48
40 27
6 10
50 144
32 47
26 27
31 36
20 50
2 15
20 3
40 23
30 40
36 14
1 14
47 48
19 30
43 24
32 42
42 9
21 50
41 50
1 30
45 6
8 28
16 19
29 44
2 45
43 40
32 31
39 17
13 36
33 1
1 48
46 8
49 2
29 46
38 8
31 6
23 33
8 13
2 47
44 10
8 19
46 50
19 9
3 25
28 1
33 22
12 15
27 31
3 13
22 2
50 2
2 26
7 37
22 44
36 21
30 24
48 22
1 17
42 44
50 42
29 19
8 35
17 6
49 48
10 46
39 35
17 34
23 14
15 48
14 9
27 29
43 37
13 24
8 34
25 12
43 12
31 46
50 14
19 11
42 16
16 40
33 4
10 16
17 50
27 12
19 6
26 50
34 43
14 4
46 28
37 26
35 32
44 26
21 1
8 12
44 47
39 5
18 42
4 17
20 10
43 30
11 22
25 21
5 2
2 38
37 49
26 22
1 3
42 36
7 4
29 7
30 3
46 3
11 14
22 47
31 29
9 35
20 22
49 36
39 33
22 27
37 42
31 1
50 16
30 22
25 40
18 47
11 10
46 15
3 43
29 33
40 32
23 35
24 44
14 48
8 7
23 19
20 7
24 34
37 38
5 1
25 17
21 44
46 49
24 22
9 10
50 145
46 9
48 49
23 7
32 10
42 11
44 42
17 25
26 40
21 43
39 49
10 26
12 43
47 45
14 31
24 13
18 41
47 4
10 9
12 13
12 34
42 19
12 4
35 42
33 19
33 46
43 47
32 9
42 37
28 9
31 6
2 19
50 6
45 2
31 20
5 31
13 39
23 4
8 16
9 7
13 6
39 2
24 11
9 50
41 12
35 9
18 28
1 26
29 21
14 24
12 11
11 40
33 26
16 3
19 30
43 48
41 34
36 29
3 20
50 42
50 13
36 34
16 21
38 18
41 1
45 23
40 42
37 29
27 17
37 50
16 2
40 3
25 48
27 34
49 38
34 11
33 38
2 34
46 45
41 7
1 47
10 41
28 24
45 16
11 33
2 40
32 13
37 8
34 3
4 44
33 14
37 12
23 9
40 45
33 40
14 34
4 33
23 49
5 46
12 19
38 37
10 23
18 2
40 48
49 3
11 39
18 40
23 28
11 3
36 37
20 48
27 50
3 35
15 35
6 25
30 4
20 27
11 28
42 25
10 14
21 26
32 37
48 13
3 17
26 19
10 44
43 41
42 31
43 36
9 47
34 47
24 41
32 45
50 43
14 12
7 44
49 35
35 7
40 32
30 10
32 22
10 47
33 22
47 49
13 8
13 45
50 146
6 12
7 1
30 29
22 21
11 28
21 38
38 36
47 35
5 9
23 14
6 50
43 32
25 37
15 37
11 13
36 2
42 6
24 20
45 39
15 12
45 4
36 35
37 20
36 17
23 17
43 21
30 47
24 41
23 26
42 41
46 50
17 33
32 30
28 26
39 5
8 19
30 4
30 16
14 33
24 46
22 33
32 33
37 28
37 33
12 18
4 3
41 14
33 41
17 38
12 41
46 27
10 14
47 5
44 40
41 10
39 50
36 23
42 40
24 11
36 27
43 47
43 12
20 19
33 31
48 2
44 46
36 29
21 47
46 35
15 7
21 23
28 6
25 44
1 40
35 1
33 7
38 2
12 16
22 20
38 47
36 8
25 4
14 11
42 3
8 39
28 9
21 13
45 9
31 27
23 32
11 40
5 44
46 9
15 34
6 17
16 28
12 36
50 27
2 13
49 15
44 38
4 31
26 4
21 4
49 43
7 10
9 8
34 30
10 19
19 50
11 5
1 8
2 21
25 17
29 18
31 3
13 27
43 46
5 6
30 9
22 10
33 49
13 42
50 14
25 2
30 39
46 5
47 13
38 22
34 40
12 5
23 24
31 38
27 15
1 17
36 40
46 30
1 39
11 12
16 42
10 21
49 20
29 33
12 3
33 24
45 11
50 147
26 4
49 36
16 24
45 41
49 2
20 3
43 4
42 32
42 11
41 24
8 49
13 50
2 50
39 8
13 21
12 46
33 22
24 9
29 18
39 50
32 50
5 1
29 37
34 21
9 33
17 32
9 8
25 7
4 14
38 25
40 9
9 38
4 42
1 21
30 22
5 11
8 12
44 28
50 9
33 13
1 23
2 38
3 16
25 42
23 31
43 27
29 9
20 10
16 42
36 2
34 5
9 28
4 40
19 13
19 29
16 5
45 29
48 10
2 29
43 32
31 18
15 24
1 20
20 15
35 37
50 41
46 42
20 35
28 34
43 25
30 7
10 2
21 9
48 38
37 40
11 21
46 1
15 49
47 46
1 9
26 15
1 30
31 46
47 16
46 7
35 6
21 30
7 2
31 43
23 21
36 5
10 36
17 50
33 1
22 13
29 34
43 30
49 48
37 12
41 35
20 8
7 41
24 43
14 29
38 4
14 15
13 1
32 26
40 30
31 2
36 20
28 32
35 43
46 5
19 15
9 26
9 36
18 28
10 23
1 6
6 49
46 49
34 33
17 4
47 20
29 42
40 15
17 8
1 39
44 17
8 27
14 11
33 37
32 35
32 19
45 20
1 37
27 29
23 8
10 30
34 36
42 48
44 14
17 43
17 34
28 48
5 44
50 148
5 48
33 31
8 37
43 9
2 7
41 36
29 24
31 26
1 32
15 11
41 43
12 47
38 28
13 6
48 19
14 12
10 42
45 13
36 38
14 6
19 2
1 12
45 41
7 50
27 38
19 9
43 39
4 26
46 27
33 22
13 24
5 27
35 34
41 34
5 22
25 6
9 11
43 38
7 18
27 2
47 43
28 35
39 25
21 32
36 47
20 15
17 7
27 11
31 42
6 34
14 24
36 29
5 43
11 24
19 8
43 32
3 44
35 3
37 45
30 5
50 10
30 47
17 22
6 37
28 3
4 33
40 36
13 2
34 8
16 32
13 33
37 24
48 31
27 28
38 10
10 27
44 42
48 38
49 33
47 39
45 29
47 25
2 3
24 50
13 50
8 43
11 28
18 28
11 25
24 32
35 7
27 25
4 38
40 3
47 6
31 23
49 41
12 20
35 49
9 7
39 7
12 38
35 1
29 21
13 20
34 12
31 45
17 48
49 2
33 7
22 45
37 11
11 30
37 5
22 2
1 8
3 32
36 10
6 2
27 49
8 13
14 25
1 29
4 12
28 9
46 50
30 37
48 40
47 4
2 34
50 9
32 13
10 33
18 26
8 45
32 9
11 49
3 19
35 31
46 39
43 2
21 22
25 45
22 38
17 16
12 8
50 19
21 8
50 149
4 45
47 35
32 33
1 8
37 46
33 41
29 23
35 49
19 30
25 41
6 34
11 2
43 41
9 28
31 28
26 9
41 42
19 13
40 11
39 50
27 6
24 10
21 10
23 22
23 17
33 24
3 19
7 15
11 43
15 2
2 31
33 26
37 25
9 36
4 25
27 46
38 26
20 24
21 18
31 19
27 45
46 4
21 19
26 37
26 13
6 13
16 28
40 12
23 1
20 1
35 16
11 10
45 21
25 11
5 4
49 5
9 35
47 48
22 48
13 34
2 16
31 7
47 43
49 11
33 12
19 33
27 1
14 3
44 10
41 44
10 4
28 11
50 11
47 33
20 27
11 5
27 43
6 32
30 42
48 17
30 12
45 17
8 7
5 26
28 46
6 19
42 28
13 37
8 34
20 12
10 1
34 25
22 43
14 50
18 32
46 7
48 19
9 30
39 5
33 34
36 8
33 6
14 40
21 42
47 11
29 20
7 3
49 25
18 39
4 21
11 4
21 33
35 12
17 30
39 25
36 7
28 44
50 29
15 11
21 32
33 29
36 40
35 46
36 38
35 2
48 49
25 44
34 38
48 1
39 41
31 43
14 18
26 50
1 43
14 15
6 20
26 44
44 48
4 18
5 41
4 1
46 39
42 15
44 21
29 48
15 31
18 9
25 19
41 22
50 100
29 12
50 14
23 5
40 44
41 40
38 48
6 49
20 28
17 44
22 19
31 11
49 22
15 35
17 30
24 9
36 7
29 6
45 22
1 10
18 38
28 44
24 39
26 22
16 10
20 33
4 31
20 50
22 4
10 30
17 15
25 17
9 21
12 30
6 28
15 27
3 6
7 25
48 50
2 50
22 24
5 25
2 29
47 34
29 4
24 15
38 4
11 8
28 23
22 12
21 6
49 11
42 41
32 15
31 50
17 27
31 43
22 47
30 36
43 37
29 21
23 38
23 36
10 50
43 20
44 36
20 35
28 25
38 6
32 33
37 8
39 36
33 18
38 15
4 15
13 45
24 20
5 48
15 19
5 46
34 15
34 28
48 24
17 11
33 23
32 47
4 49
47 11
28 11
9 8
26 32
15 42
33 34
22 28
18 29
6 40
41 24
8 47
28 48
30 7
40 2
50 101
13 6
42 34
39 5
5 3
6 32
2 34
49 3
17 33
44 18
41 16
12 28
35 9
22 24
39 25
32 48
43 24
48 11
41 21
12 40
23 12
3 44
3 20
14 31
1 5
16 11
2 49
41 42
41 15
24 17
22 23
6 2
42 19
41 4
9 8
14 40
35 40
31 2
19 23
4 35
35 46
20 1
34 23
48 49
42 7
7 48
43 21
21 35
17 7
11 31
13 42
39 8
50 33
15 38
4 36
4 12
33 40
13 36
11 36
27 43
5 30
39 31
46 44
10 26
22 2
47 25
20 45
39 7
20 18
47 24
15 8
33 8
19 36
19 44
16 15
24 23
1 44
13 24
35 6
17 3
14 22
19 3
33 16
36 7
2 28
38 16
42 43
48 13
8 28
12 20
36 31
28 29
21 5
34 50
24 8
29 49
45 14
3 8
2 10
32 13
15 50
39 41
50 102
39 38
45 36
18 1
27 46
28 4
49 16
41 2
5 39
42 48
32 45
21 27
28 49
33 37
16 38
2 33
27 50
46 2
48 32
16 3
24 28
13 42
38 11
41 14
27 18
18 12
21 39
24 40
47 1
21 10
50 29
22 30
8 19
10 49
21 40
9 46
26 7
14 31
10 44
21 44
32 40
37 18
36 15
34 13
50 4
26 17
42 28
39 6
47 50
31 47
44 40
40 49
41 45
30 6
46 39
31 39
4 40
1 32
50 42
28 14
19 5
35 46
9 10
48 12
50 39
26 5
13 49
44 36
22 8
14 45
36 20
41 19
22 25
15 12
37 46
19 35
27 15
20 14
26 33
24 35
48 11
48 6
39 40
1 35
19 13
29 31
33 17
2 48
22 1
23 41
22 16
33 31
12 30
43 24
12 28
5 1
24 18
18 22
13 1
49 5
15 4
27 28
24 16
50 103
20 24
25 49
28 11
19 41
5 39
19 30
41 36
46 50
31 2
3 43
13 45
3 30
14 18
19 15
23 38
3 34
11 21
29 12
40 20
36 17
28 37
20 38
32 31
34 12
10 32
26 37
12 15
25 45
17 16
37 22
41 15
5 41
10 16
23 26
47 23
23 14
26 18
29 7
3 13
34 42
47 18
15 23
36 4
14 48
39 14
44 26
20 29
13 38
18 21
4 29
29 47
50 10
49 1
26 46
10 36
3 41
47 11
20 7
49 29
43 49
48 50
36 20
32 35
40 39
36 30
49 50
4 15
18 7
5 25
29 41
38 50
4 35
22 45
26 1
47 37
22 17
1 39
50 2
46 24
36 26
14 30
25 28
10 44
50 45
37 38
8 30
5 1
36 25
7 46
2 26
40 4
26 34
1 27
14 43
47 43
46 14
29 26
25 1
42 13
42 22
9 42
48 31
3 8
50 104
48 47
36 29
30 13
23 25
39 38
50 39
33 8
9 38
29 28
38 18
40 3
26 45
13 17
34 30
48 20
15 34
35 36
18 13
4 21
10 2
10 39
24 2
14 48
40 11
35 7
1 27
20 40
5 3
4 6
35 39
25 24
16 32
42 38
31 27
6 2
27 13
28 45
29 22
9 47
44 27
30 40
25 42
31 38
26 16
25 33
29 3
16 47
30 11
45 5
47 10
14 34
12 22
17 12
43 45
39 8
29 4
21 28
18 14
13 47
47 36
26 28
9 14
44 43
41 7
41 12
38 25
5 37
22 2
5 6
38 10
36 7
5 27
23 48
6 46
11 33
21 17
38 46
32 21
27 35
8 34
3 41
49 27
1 2
23 16
30 22
12 14
45 22
48 11
26 46
30 26
15 8
38 1
1 11
15 16
27 19
15 28
2 7
37 12
22 44
17 1
49 14
15 11
49 20
9 1
50 105
12 33
24 15
44 48
18 36
40 26
46 7
14 46
7 26
8 24
20 1
31 24
14 30
44 15
39 38
48 46
49 10
38 4
7 35
18 42
42 48
38 32
40 9
40 7
25 22
27 6
8 4
6 22
35 11
41 23
2 41
11 8
41 43
38 46
45 22
48 36
7 31
36 39
19 48
46 27
3 32
4 5
9 33
47 35
22 8
48 9
39 11
37 6
35 22
14 40
1 12
40 34
42 10
44 45
17 36
46 15
38 24
5 32
25 14
41 4
17 43
39 15
5 14
15 9
33 7
10 44
41 48
27 38
49 33
32 20
6 33
8 31
30 24
48 17
34 43
7 16
48 29
13 1
38 26
48 16
35 27
3 47
40 12
29 41
12 36
42 11
41 20
14 45
7 15
39 30
36 43
46 4
22 18
11 38
29 38
3 41
14 43
15 11
39 25
38 1
36 19
39 48
42 8
45 17
23 4
1 49
50 106
35 1
39 45
18 22
48 36
25 8
14 16
39 12
24 48
41 38
46 26
34 29
50 9
30 14
44 42
48 3
23 35
30 12
9 7
42 27
22 42
15 49
2 36
22 34
34 21
6 14
42 16
17 4
11 35
38 39
7 36
20 15
41 49
40 25
5 27
8 38
44 14
14 22
17 16
36 30
25 42
50 35
45 4
25 26
20 47
36 21
20 10
17 44
22 32
30 49
25 14
30 17
21 50
50 33
6 8
5 30
45 34
20 22
8 9
2 17
17 8
27 12
37 42
31 37
27 15
14 11
10 25
33 13
47 23
14 8
38 15
33 9
24 46
27 50
7 43
25 3
29 19
29 18
12 23
14 32
24 20
4 49
11 24
44 22
6 50
3 36
10 36
18 36
13 7
10 4
22 19
12 13
45 27
5 20
36 41
1 12
3 9
42 18
50 30
50 39
43 28
35 2
23 29
3 1
28 44
18 35
36 16
50 107
12 4
48 23
32 33
31 35
18 50
17 19
24 16
44 12
26 36
28 42
48 8
47 19
12 35
27 8
8 16
19 32
41 42
3 2
13 33
13 44
45 13
6 50
22 47
9 11
42 19
28 32
41 7
10 24
47 36
39 50
11 49
10 27
7 45
17 1
9 19
5 28
41 13
40 45
40 14
49 41
30 29
23 16
1 2
18 44
10 44
10 47
6 4
35 33
1 9
19 38
3 16
27 13
50 27
40 44
10 39
48 47
3 37
41 15
24 8
45 32
1 14
49 50
40 5
37 42
31 26
13 15
11 3
20 3
49 29
3 50
16 38
32 37
47 15
32 4
48 25
34 42
50 36
26 9
21 26
8 40
38 40
4 26
24 19
23 30
28 39
4 35
27 41
9 28
42 26
49 21
39 47
24 25
19 8
1 24
10 50
9 35
15 29
6 43
39 31
45 49
17 21
23 25
33 43
12 5
35 46
31 41
22 45
50 108
45 17
21 49
12 48
35 36
1 19
20 12
49 23
10 47
42 3
19 36
48 29
26 34
6 43
6 28
39 5
26 13
36 34
49 20
6 5
30 49
32 5
39 20
42 18
34 15
14 1
6 44
34 10
11 45
36 33
36 49
44 30
15 46
24 18
9 41
14 30
1 39
19 31
48 7
35 37
11 2
3 27
28 24
38 4
13 41
11 49
39 43
14 46
44 5
26 40
27 33
31 33
19 30
23 47
23 36
28 7
13 19
48 46
25 29
27 16
21 8
49 13
42 8
41 24
22 48
11 10
48 37
13 9
38 16
21 3
41 39
47 50
24 11
32 35
10 31
38 11
28 21
17 50
33 16
22 3
11 43
41 43
17 26
50 14
17 33
21 13
16 8
8 29
43 49
39 36
34 11
15 47
29 5
26 5
45 7
14 25
10 19
15 31
11 4
13 27
1 22
49 33
12 13
38 31
50 22
50 31
37 43
4 50
18 2
50 109
6 10
46 40
45 11
36 34
20 35
18 17
9 12
20 3
32 40
36 16
8 32
36 28
13 38
3 30
16 7
39 15
17 16
26 20
25 33
29 2
33 13
9 42
19 16
41 38
47 6
31 20
27 12
15 41
8 2
2 3
27 5
43 49
50 16
21 11
35 6
44 14
18 42
7 4
48 29
21 30
22 44
45 13
36 35
45 44
36 6
34 1
4 24
33 50
35 11
10 30
13 15
36 44
23 43
8 28
36 14
10 44
19 41
18 8
23 21
50 30
20 28
8 17
1 41
35 16
33 39
11 31
2 21
45 39
18 38
43 20
10 2
41 21
39 47
6 3
13 40
4 10
26 30
39 31
39 17
3 36
39 50
19 13
17 43
33 29
29 13
31 43
49 6
38 15
16 28
30 14
17 37
29 42
3 43
5 18
8 20
43 24
15 12
47 27
6 21
5 16
27 17
48 26
36 5
1 17
23 15
37 33
15 17
46 36
22 35
50 110
42 20
5 42
34 6
9 44
2 37
13 36
3 38
22 38
45 13
4 38
44 10
7 3
29 27
34 20
11 27
2 1
31 50
24 41
37 27
24 46
8 46
43 29
44 19
40 33
26 9
2 48
13 23
50 27
15 26
48 1
18 29
18 14
33 50
20 1
23 30
2 4
36 17
7 23
36 29
29 13
13 17
41 42
35 34
40 15
24 35
42 40
37 21
25 12
46 6
43 26
44 34
24 19
21 23
28 41
37 33
33 11
20 22
6 49
18 1
16 21
42 13
39 22
17 33
42 1
43 12
28 26
43 20
41 30
43 11
5 16
34 33
7 36
49 38
15 46
39 2
24 38
17 27
30 7
15 41
47 30
18 46
23 3
3 29
13 5
36 35
1 15
47 43
29 25
36 38
14 46
43 27
7 35
40 26
21 28
44 40
4 20
14 39
14 27
37 8
17 19
32 10
34 17
24 25
33 10
10 48
17 49
17 3
21 35
11 19
9 4
50 111
19 35
43 24
22 15
24 26
47 16
37 38
49 18
49 13
18 11
4 18
34 45
12 30
13 44
28 31
4 5
31 43
26 14
48 46
48 21
41 17
4 43
11 20
12 36
17 1
13 9
50 47
21 40
5 11
15 7
23 19
34 8
19 18
39 31
47 18
15 6
29 8
41 40
48 24
22 11
23 7
29 23
7 31
42 30
11 32
2 3
34 25
47 28
1 24
46 7
2 11
5 46
33 44
18 46
31 50
49 16
5 41
5 19
25 16
28 34
42 11
25 47
22 35
27 31
17 33
40 42
17 30
10 14
7 18
45 27
44 1
1 19
1 13
2 45
6 14
24 21
46 2
28 24
31 5
38 41
6 40
19 41
49 48
40 39
24 3
34 26
1 45
25 12
36 8
22 48
49 25
6 38
16 8
19 30
31 18
6 49
18 21
29 48
35 17
43 2
26 2
31 37
4 21
7 41
36 19
36 47
6 7
7 28
8 22
7 3
33 37
16 18
50 112
42 37
4 26
37 7
10 6
15 47
34 19
16 38
14 23
29 30
20 1
50 10
8 46
47 43
47 2
35 1
9 47
11 12
49 25
33 9
29 44
10 27
27 40
47 13
49 13
3 22
2 26
20 8
48 42
13 40
35 36
10 41
39 21
48 26
16 35
28 8
34 12
19 23
13 12
49 2
32 31
28 15
50 32
29 35
1 42
34 26
48 33
8 30
14 39
25 33
2 3
10 1
38 36
10 37
50 3
40 34
49 29
36 41
43 28
30 1
4 19
44 42
48 31
26 22
22 14
29 31
27 14
8 47
1 26
1 2
5 9
15 21
7 27
39 3
11 28
44 8
41 35
33 27
24 13
21 23
12 15
32 21
10 2
49 20
21 41
19 29
36 31
10 13
42 23
18 50
43 21
9 49
19 6
50 17
17 11
32 38
22 12
13 14
20 5
47 11
24 32
38 13
37 29
12 25
4 24
6 28
4 14
4 33
47 27
11 7
1 25
34 15
12 50
50 113
31 45
24 44
28 27
47 4
35 13
8 39
3 14
37 20
10 50
49 24
41 21
8 7
38 25
47 15
6 32
30 34
24 43
24 41
18 26
35 25
16 18
8 15
27 7
11 3
44 27
4 32
28 44
41 22
49 42
33 23
44 48
21 22
39 46
49 47
47 13
9 26
12 13
32 18
47 36
27 13
3 7
8 3
23 34
28 48
45 19
20 10
33 28
45 29
5 10
46 15
23 4
30 26
27 31
41 37
35 34
32 34
34 42
9 22
41 15
5 27
30 28
18 13
43 41
18 14
26 42
30 40
6 19
18 10
11 39
9 13
46 6
16 5
11 40
12 16
25 20
27 41
12 19
48 34
24 31
19 18
32 12
3 20
10 36
30 1
4 6
21 49
36 40
1 18
7 6
13 23
9 31
11 27
2 40
45 26
4 2
21 13
34 27
4 30
19 32
7 5
11 9
8 37
15 17
18 28
33 13
14 19
20 16
18 38
12 44
43 35
17 19
5 18
33 31
50 114
44 41
25 39
42 6
49 23
21 4
35 37
34 13
17 23
31 17
1 29
39 23
17 50
13 24
20 47
45 14
34 15
10 7
1 4
38 17
30 16
2 30
1 28
23 29
7 18
12 21
15 22
34 5
5 29
49 35
2 31
26 27
25 29
12 13
50 34
43 32
3 9
42 31
25 17
10 42
17 10
25 21
4 30
16 49
36 15
29 35
44 20
14 26
34 36
5 42
48 29
47 5
16 14
3 29
8 29
19 26
1 47
47 43
17 21
33 12
12 50
18 34
13 39
6 35
7 41
45 9
44 16
1 15
43 6
35 11
1 13
3 32
24 16
6 20
6 24
22 48
27 36
42 43
12 18
43 29
9 26
29 13
33 24
4 20
47 33
32 46
32 38
22 30
12 10
35 27
30 14
39 46
16 5
28 7
26 18
49 38
25 26
34 3
4 13
30 9
21 13
10 24
12 48
11 48
2 23
9 25
36 9
8 4
27 21
9 31
6 3
29 41
26 32
19 21
36 18
50 115
19 1
4 45
15 48
50 5
40 41
9 33
50 16
7 25
7 9
2 38
39 12
1 21
3 44
43 45
30 38
38 9
13 28
16 17
3 8
13 33
25 45
12 46
15 12
46 31
13 14
13 49
12 25
34 7
18 43
34 42
18 38
4 42
32 17
14 43
35 39
45 9
24 22
15 38
33 15
9 50
14 27
39 22
27 8
19 16
36 4
26 41
10 46
25 3
49 16
29 14
42 1
27 33
30 8
8 32
35 46
24 2
24 50
35 11
29 42
14 46
32 40
28 11
44 35
20 21
47 2
3 39
14 36
22 49
26 39
23 19
26 46
40 30
8 2
11 33
47 11
40 20
10 25
28 41
13 31
20 14
45 18
29 7
29 24
1 26
1 25
40 11
40 18
7 15
32 12
1 35
35 36
43 28
29 28
41 29
22 7
39 49
14 30
31 36
33 43
14 2
35 22
26 11
40 4
34 26
18 28
50 3
20 49
38 25
45 16
1 9
36 33
36 21
14 22
29 20
22 18
50 116
15 43
37 36
43 23
17 4
3 38
35 18
1 44
42 44
30 16
16 14
24 37
43 33
47 30
29 39
11 28
41 6
2 12
18 46
14 45
7 20
13 2
7 24
23 7
37 30
49 29
41 12
11 46
45 11
12 40
6 2
34 12
46 26
36 2
42 41
29 43
3 47
18 43
1 36
43 39
45 28
4 33
40 50
2 34
49 3
1 30
41 39
8 13
47 40
32 9
43 27
43 24
47 18
27 26
49 9
29 40
11 16
26 4
27 28
41 3
3 34
8 24
4 42
1 15
14 43
41 30
11 13
35 46
23 1
12 44
19 38
44 18
19 32
13 48
31 5
17 46
12 10
22 14
19 2
14 31
35 15
32 6
9 13
41 48
7 12
44 36
33 16
30 43
47 48
17 39
13 18
28 33
47 34
6 14
43 48
23 39
41 36
31 12
14 36
12 19
39 47
4 2
19 48
1 45
5 15
43 5
17 6
14 18
49 8
19 50
30 19
29 33
41 1
34 6
40 33
13 17
44 13
50 117
36 43
1 17
39 28
42 21
50 6
24 36
46 49
43 1
13 1
8 7
9 33
23 31
12 40
21 15
3 31
8 31
25 34
42 3
21 20
17 3
1 35
3 44
41 2
9 13
25 42
35 37
10 11
37 38
12 31
25 7
32 38
28 29
7 41
47 23
37 46
47 38
21 33
43 17
30 32
4 33
29 13
30 19
15 44
26 30
46 47
44 48
33 49
46 45
1 44
9 16
15 27
21 50
11 34
46 22
25 27
26 28
26 24
28 17
43 31
40 26
13 39
6 45
20 24
18 29
22 43
11 25
41 30
50 27
34 18
34 1
14 23
10 46
18 1
37 5
16 50
6 17
46 23
3 36
39 36
7 20
23 42
50 47
13 17
14 6
32 50
21 27
7 15
43 47
50 37
46 25
19 10
18 12
41 45
5 49
31 29
41 14
43 11
35 16
30 2
27 20
27 8
45 22
46 28
41 49
8 36
36 15
33 11
40 46
16 13
26 2
3 24
22 11
32 26
36 34
27 35
36 14
44 25
50 118
7 9
8 34
1 42
30 40
48 12
39 45
43 33
26 44
15 44
11 50
29 39
36 41
38 25
9 43
8 27
6 19
19 25
43 20
1 3
3 29
25 14
37 50
48 8
4 38
38 37
26 16
40 48
40 1
49 20
14 22
5 41
3 8
22 31
6 21
4 33
50 9
39 49
36 42
5 11
1 45
4 22
8 21
39 28
31 48
43 14
47 39
47 48
37 8
28 50
45 27
2 3
17 16
2 50
31 41
47 15
17 43
13 42
19 39
50 6
36 45
9 29
38 2
31 13
3 11
5 4
6 35
12 16
5 20
15 14
46 8
34 3
43 49
15 34
26 41
33 37
26 25
39 24
6 24
15 11
29 21
43 48
38 41
34 31
11 8
18 38
41 45
22 49
15 3
40 11
14 46
27 38
47 44
17 13
8 18
16 50
21 46
27 31
11 24
36 5
49 15
46 3
37 5
5 30
3 41
10 23
32 33
17 44
15 32
42 44
16 49
3 4
49 29
40 13
25 17
23 45
32 29
36 7
50 24
50 119
33 32
32 28
37 26
50 40
38 18
17 39
7 5
38 48
23 22
21 8
22 20
26 16
29 7
41 10
13 27
41 39
43 29
4 26
6 16
22 17
3 7
49 29
5 40
48 5
11 4
23 28
2 13
1 2
16 8
50 48
36 5
37 50
50 39
33 38
37 36
39 40
41 36
29 6
40 42
37 12
17 4
23 36
42 20
17 21
49 47
23 9
15 5
22 29
26 25
26 39
2 12
24 50
37 30
25 36
4 14
40 24
14 37
34 12
39 43
34 35
14 36
47 28
3 47
15 32
30 1
46 38
45 14
27 10
22 48
19 3
30 34
26 48
40 38
47 43
1 44
9 5
11 24
24 10
12 8
18 44
16 3
33 22
5 42
46 27
18 22
40 11
25 5
16 32
14 6
5 19
28 42
35 48
42 50
14 24
31 44
3 40
12 13
40 48
7 42
18 19
25 38
9 17
1 15
9 35
43 36
34 48
1 9
18 29
2 18
6 28
1 36
7 15
14 27
24 26
37 39
39 10
1 20
2 21
29 28
50 120
40 16
39 46
41 8
47 50
40 21
18 7
25 34
44 35
38 36
31 48
21 10
28 34
14 5
13 7
31 39
24 30
25 37
36 42
23 46
40 37
23 9
12 10
3 6
22 45
50 7
47 21
19 1
49 18
31 9
35 1
12 30
38 4
4 16
23 42
17 6
38 31
27 11
49 23
26 19
41 38
12 5
21 33
7 21
4 48
33 39
19 8
11 24
2 31
22 48
43 49
19 41
49 50
46 15
37 11
1 25
22 36
22 33
37 31
35 7
36 39
11 22
49 46
31 14
8 27
26 10
11 2
16 42
3 17
32 45
34 21
1 8
46 44
2 6
33 14
44 6
14 50
34 18
18 47
7 10
26 7
42 5
49 48
44 41
26 15
12 16
32 40
2 30
4 15
28 47
3 26
4 23
19 45
17 38
39 23
44 33
48 2
22 30
2 26
50 16
46 19
30 42
2 20
8 29
2 3
35 36
20 9
40 11
26 23
43 6
1 20
37 5
42 26
8 9
32 11
22 6
19 3
8 17
37 35
44 8
50 46
50 121
20 14
47 4
21 32
29 25
24 36
40 15
4 1
50 27
15 23
35 15
23 8
30 8
38 36
16 5
49 8
35 43
20 22
23 35
23 12
15 42
19 2
45 41
14 13
1 48
39 38
49 46
31 39
36 19
30 14
36 48
31 48
39 3
18 31
33 39
43 14
14 4
18 47
47 37
23 40
3 4
17 18
2 14
7 15
17 50
7 16
30 15
31 29
28 30
32 24
7 29
47 15
41 43
36 33
4 12
2 10
1 37
21 11
6 33
23 14
29 35
43 37
15 21
20 17
15 26
25 1
46 22
17 43
50 13
22 40
24 46
29 16
45 20
40 1
42 50
40 48
39 8
9 28
36 14
23 3
42 13
26 1
27 28
50 9
10 18
13 38
32 3
4 40
7 37
41 19
18 43
40 13
43 28
31 8
18 22
24 20
24 11
40 37
19 46
20 49
40 46
24 41
48 10
4 38
13 31
30 31
24 9
43 45
35 9
41 38
42 18
44 15
23 33
18 45
40 50
45 29
12 32
39 17
9 1
20 33
13 35
41 22
50 122
19 48
6 25
32 37
32 10
33 11
25 8
27 22
11 7
18 8
48 1
43 41
18 10
8 12
9 23
6 40
44 9
25 35
26 4
31 47
42 50
45 29
40 41
18 16
33 43
46 44
46 48
33 26
26 45
9 5
15 14
1 14
21 49
21 5
14 22
33 19
42 19
49 18
8 3
50 24
50 22
45 34
34 20
23 42
35 7
46 42
47 12
14 28
25 20
47 45
33 8
40 3
12 5
49 9
29 21
44 39
7 6
41 7
36 25
10 17
42 16
22 47
10 21
17 27
10 8
48 23
14 34
38 13
21 38
37 21
15 47
42 17
30 50
47 33
9 2
28 2
33 13
35 16
11 34
30 8
21 1
5 37
31 35
6 10
41 6
41 9
36 23
42 26
6 46
21 40
13 8
49 8
48 2
17 36
17 48
14 24
11 24
19 21
26 34
17 4
35 18
43 30
26 7
30 7
24 13
10 3
11 10
30 44
24 31
15 19
26 10
28 33
45 4
50 16
41 4
24 26
44 48
3 37
44 25
23 4
36 22
8 43
44 37
50 123
8 6
19 33
1 49
41 5
46 18
3 36
39 21
36 39
21 2
47 8
41 39
10 31
7 8
46 34
22 23
12 40
18 47
2 6
46 37
46 4
36 9
22 46
27 36
1 35
44 18
12 31
32 38
29 10
1 28
23 27
38 26
15 19
4 35
8 16
45 31
30 49
31 18
23 2
22 15
17 1
39 11
3 44
1 15
15 27
12 23
46 20
24 36
31 17
7 40
30 44
33 2
28 36
10 6
7 35
50 47
13 42
37 8
41 50
15 7
30 11
50 4
2 13
14 40
14 21
4 26
43 21
23 4
42 36
1 37
43 31
46 39
48 16
21 12
31 47
32 31
10 32
17 10
46 38
9 3
3 42
16 14
23 1
9 6
21 40
15 4
44 20
23 6
8 49
26 17
19 30
11 7
17 13
9 10
2 8
24 33
41 20
34 20
21 47
1 14
39 50
40 17
37 33
11 3
43 19
32 1
19 8
24 28
49 38
33 11
5 19
4 5
16 5
40 49
45 32
37 3
10 12
28 26
29 33
10 24
35 16
30 39
33 41
49 43
50 124
50 5
50 13
15 44
46 42
34 22
29 44
14 29
4 24
18 36
12 46
3 32
8 34
45 37
10 22
13 7
13 17
3 18
5 32
46 45
48 40
40 43
49 8
11 5
17 46
36 4
46 1
45 50
21 9
44 5
11 36
34 7
16 14
6 38
25 15
6 40
3 4
39 42
42 11
46 5
9 42
32 29
11 33
26 30
7 8
6 47
26 2
7 36
21 4
40 27
39 19
41 45
46 31
30 7
33 15
33 8
36 49
20 50
42 13
9 49
21 18
29 41
25 17
17 11
48 7
13 35
40 41
36 10
39 7
3 15
44 21
41 22
10 39
45 1
39 29
10 46
43 18
38 50
7 50
31 48
31 29
9 45
38 25
34 15
5 48
49 48
10 15
12 25
39 24
25 45
7 11
42 20
29 34
6 19
10 20
20 29
13 15
30 1
44 22
31 41
42 4
44 24
16 40
14 32
2 31
7 44
19 37
27 22
22 32
26 37
14 23
1 49
25 50
1 13
15 5
32 8
33 48
20 40
24 46
13 8
31 6
17 2
5 1
3 20
9 31
50 125
37 50
20 45
42 46
44 46
19 2
3 2
21 34
35 10
43 39
10 33
16 8
6 11
25 17
42 50
36 50
6 4
48 1
49 6
46 18
40 21
21 4
34 6
34 27
29 43
41 12
33 44
47 12
12 1
1 29
25 30
26 30
18 19
24 25
42 16
6 17
13 35
43 32
47 37
6 29
2 15
3 5
6 37
21 17
24 16
38 28
21 14
48 31
50 49
45 11
27 40
10 2
46 9
19 42
17 15
27 20
20 33
47 28
3 4
37 14
20 6
5 15
16 36
47 43
26 45
42 14
5 4
16 12
4 26
49 15
10 48
30 13
40 29
40 33
48 8
34 9
45 35
47 24
48 22
5 12
16 14
21 2
10 32
6 46
35 31
45 28
30 41
33 17
44 19
18 29
24 20
13 39
39 14
24 17
3 38
25 20
41 10
31 30
30 17
24 32
36 49
28 21
47 13
48 29
41 40
17 16
25 23
8 43
46 36
9 31
11 19
41 46
30 40
49 48
23 3
35 18
14 9
15 25
42 7
18 14
32 7
12 38
39 29
27 11
4 18
23 18
50 126
16 50
37 35
32 45
47 46
8 9
45 16
17 6
34 15
7 31
7 33
33 37
27 45
12 18
25 36
41 14
13 22
28 16
12 35
35 7
40 2
9 33
19 48
27 30
31 4
13 32
26 44
23 24
25 47
44 20
36 29
31 5
5 37
2 31
13 7
16 39
6 29
47 35
12 43
9 6
28 41
16 25
46 34
26 45
41 18
4 5
33 46
43 49
3 41
29 46
11 27
6 47
2 21
20 42
36 44
48 11
24 26
3 1
24 35
44 41
39 8
6 4
49 33
48 31
44 28
23 9
29 41
2 20
31 49
49 8
39 28
48 12
50 4
46 39
42 50
34 23
6 42
42 13
21 27
31 40
13 24
15 29
18 16
16 33
3 39
8 44
27 25
49 23
15 7
3 19
45 49
39 45
34 40
46 27
38 34
46 23
46 48
24 15
40 24
32 38
15 26
27 35
7 38
47 1
29 21
4 15
49 15
43 41
35 2
27 48
34 25
46 17
34 35
21 17
39 50
29 30
26 22
31 32
42 30
31 27
13 21
29 13
29 8
14 40
41 8
37 13
22 30
50 127
34 14
10 23
2 35
22 33
1 19
9 42
32 24
12 6
30 47
50 7
13 35
43 7
6 8
26 44
20 10
5 30
46 8
11 29
11 42
35 6
49 29
38 29
44 50
18 22
41 38
17 46
23 1
31 29
23 40
42 22
48 21
20 35
40 4
4 45
38 4
49 16
13 26
17 39
32 40
23 50
19 25
45 43
25 3
40 20
13 15
24 25
25 42
30 33
35 43
48 33
32 36
10 36
1 44
31 30
21 22
8 28
2 50
9 38
41 33
25 1
26 8
45 18
6 45
34 3
32 35
24 30
43 27
6 19
18 36
31 13
25 26
24 48
7 29
29 47
8 34
22 40
7 25
30 43
35 11
25 35
50 35
26 50
44 43
2 21
37 33
18 40
48 22
41 29
31 34
42 1
12 13
22 5
4 19
11 17
1 21
31 8
44 42
9 43
27 3
18 1
6 21
32 47
27 38
11 31
50 48
8 39
46 22
18 21
20 17
29 48
41 26
36 46
37 1
45 27
17 8
36 9
46 31
1 32
33 36
1 13
2 3
27 12
21 46
2 7
39 10
8 37
38 1
50 128
41 24
7 44
14 21
19 17
23 39
12 8
28 9
44 16
33 47
16 23
7 32
45 46
45 44
27 1
33 34
42 10
42 47
42 11
23 25
50 7
15 13
50 37
2 4
25 12
17 37
32 21
5 1
24 20
14 39
12 1
42 23
22 11
47 6
35 27
46 39
44 43
12 46
44 27
2 43
15 8
48 7
48 47
38 49
17 28
1 17
10 36
27 47
42 5
3 46
34 24
12 19
12 14
30 19
18 10
49 39
20 9
25 38
40 29
43 42
36 37
46 29
28 2
48 1
11 3
21 23
24 49
4 14
21 5
10 24
30 5
36 28
22 17
49 47
19 2
26 21
38 16
38 33
7 42
41 43
49 15
37 26
26 27
46 50
36 41
32 19
26 39
49 18
36 35
5 16
46 9
21 10
2 45
21 49
12 29
17 27
28 42
41 4
45 10
10 8
38 10
9 16
28 50
3 50
21 2
21 37
38 13
1 44
35 6
41 40
48 26
47 34
26 16
39 8
26 30
46 23
45 35
12 35
8 24
12 23
25 44
26 10
36 5
41 34
22 32
22 33
20 37
24 31
4 15
50 129
40 26
1 14
15 42
3 19
39 41
26 22
38 2
48 19
11 28
21 33
21 23
30 4
46 48
17 26
31 28
5 34
16 22
33 36
34 16
12 18
34 10
11 7
46 18
5 27
38 12
6 49
31 23
23 14
16 33
21 4
3 44
32 3
39 43
42 36
44 28
15 29
3 37
18 11
33 26
37 10
29 43
39 11
9 13
11 12
39 38
31 35
1 2
4 50
21 7
26 42
43 7
36 13
24 46
48 29
48 4
6 30
22 33
20 12
48 26
26 27
11 20
32 23
5 24
41 34
39 35
18 32
44 16
37 43
49 13
16 17
42 8
16 13
8 29
10 27
44 13
28 27
34 23
3 4
35 1
35 22
13 19
14 15
48 22
2 41
11 48
14 3
1 20
45 47
1 19
16 14
6 20
14 11
16 37
9 50
12 15
43 22
21 25
2 31
26 12
13 14
27 23
29 46
42 13
40 47
21 30
48 41
18 37
26 50
9 21
45 46
11 10
19 43
17 6
9 5
50 14
47 26
17 18
15 47
46 34
21 43
1 9
23 42
26 39
41 9
46 17
43 46
1 28
17 40
43 9
50 130
33 22
1 11
7 30
1 49
13 22
1 25
36 2
8 37
36 24
7 22
11 29
8 48
11 50
5 43
41 28
17 50
34 40
16 14
2 50
14 2
34 8
50 19
30 40
6 5
37 38
37 10
9 31
29 7
17 18
11 42
19 30
18 12
49 4
43 41
34 42
1 14
31 2
16 36
20 26
48 15
13 10
30 8
10 11
36 11
3 1
7 36
43 21
50 40
25 35
44 5
13 12
43 20
39 31
1 13
27 50
7 2
15 11
35 32
44 50
1 12
19 20
17 15
6 38
10 46
19 23
43 10
18 21
26 39
44 1
33 25
15 12
14 25
46 47
39 33
26 37
37 43
1 4
25 50
44 19
26 44
43 46
8 39
21 4
46 49
24 4
30 50
16 47
8 19
20 28
26 18
18 28
29 42
37 28
50 3
46 31
24 41
1 16
10 30
23 43
1 34
49 18
13 19
8 49
4 40
10 25
9 38
6 36
30 49
16 35
43 12
44 3
3 11
43 4
18 14
42 32
11 5
38 4
32 24
43 42
50 46
38 32
8 25
25 7
24 39
17 8
12 27
22 30
48 19
18 10
7 9
50 131
50 22
43 3
16 32
15 35
33 17
26 27
48 5
7 3
26 24
25 41
39 29
32 37
32 34
43 26
27 40
6 50
21 20
4 44
37 17
50 49
49 11
38 34
18 32
14 3
48 17
50 18
14 13
14 33
37 41
23 7
47 21
23 30
37 26
26 10
48 16
28 44
36 50
7 12
17 39
8 46
44 43
2 28
47 42
14 49
25 5
31 50
12 31
42 2
25 45
38 13
7 26
28 29
44 31
50 24
8 25
5 33
46 26
49 17
25 27
24 38
6 41
2 13
21 14
5 15
47 31
25 47
24 49
8 21
15 47
44 25
20 28
6 14
25 30
35 19
1 6
10 21
32 40
46 29
19 50
19 29
35 48
29 25
30 11
41 22
31 26
38 4
31 8
22 18
47 46
39 7
1 5
19 3
36 14
38 49
4 23
46 30
36 7
37 15
11 34
22 27
7 35
18 4
5 13
22 12
39 31
11 42
9 37
41 13
31 35
27 37
7 27
10 24
13 39
32 10
41 49
35 27
32 21
38 45
27 14
40 33
47 12
5 37
2 39
2 36
15 17
24 29
19 26
38 22
8 27
19 33
21 49
50 132
4 25
11 30
5 21
14 3
20 47
21 13
17 21
9 40
4 50
18 7
41 9
32 31
8 6
7 1
32 30
16 32
10 17
18 22
4 46
44 31
19 11
32 40
29 46
49 8
35 42
46 17
27 11
37 46
19 43
27 30
15 46
18 11
16 45
2 23
1 28
5 11
12 20
39 25
44 28
25 7
10 6
13 27
7 30
31 25
24 18
28 2
16 9
18 21
23 1
11 10
49 33
44 3
4 38
15 34
24 16
50 42
23 47
24 36
31 29
31 28
7 10
50 24
46 32
47 8
37 48
33 4
7 13
27 40
30 9
22 45
10 36
2 21
36 39
48 41
25 11
22 50
7 48
39 5
31 4
24 20
37 36
1 17
2 50
41 3
36 3
6 24
36 13
39 20
37 23
20 19
12 36
42 18
8 9
31 45
42 13
26 35
18 16
5 1
22 25
17 28
33 14
10 27
2 25
28 37
45 11
33 9
30 47
24 13
19 8
30 41
12 1
43 7
50 9
30 31
30 44
19 13
46 45
39 8
15 4
9 25
15 44
23 7
22 21
5 42
45 37
13 26
1 30
20 41
47 1
28 14
39 21
6 43
50 133
13 42
33 13
7 36
43 24
41 12
1 24
48 1
45 44
30 8
24 41
3 1
18 33
31 11
36 27
26 27
33 11
44 12
9 14
6 38
12 39
4 24
5 37
28 32
37 31
4 33
33 50
19 39
36 30
47 44
13 38
36 17
23 36
46 50
8 4
45 15
25 12
2 45
29 13
29 2
8 21
46 17
23 50
1 34
28 13
35 50
37 47
31 4
46 24
15 12
49 41
34 35
39 22
18 3
10 18
21 6
32 26
35 8
7 18
12 29
32 22
32 3
19 34
50 20
24 9
41 15
35 27
38 29
21 9
32 36
24 29
9 38
44 29
36 16
39 3
6 49
25 33
30 33
16 10
23 45
30 5
31 22
8 16
32 38
22 42
40 6
49 39
44 19
44 24
50 4
7 22
12 43
8 11
14 1
28 30
4 45
17 37
5 2
21 2
2 1
34 38
36 48
16 31
42 32
14 27
24 11
4 40
44 7
39 36
22 24
10 2
20 47
42 6
15 49
49 23
14 13
15 48
38 4
39 43
14 2
26 25
2 40
14 41
25 47
19 36
2 33
16 15
16 14
22 21
29 23
36 6
42 25
24 13
28 34
50 134
24 23
39 20
27 50
23 16
16 15
2 39
16 33
13 42
8 40
5 25
43 50
27 2
50 21
20 40
42 16
41 10
18 40
24 38
29 49
31 39
11 4
21 26
1 3
47 16
3 26
10 26
17 9
4 45
22 27
41 24
14 15
50 37
20 16
47 10
18 20
19 50
36 17
49 6
25 27
6 4
50 34
22 44
9 41
7 14
1 26
23 6
23 27
31 20
18 8
20 46
1 8
7 9
30 7
37 12
47 43
23 28
47 37
4 32
17 46
4 47
24 44
44 46
3 46
10 36
24 49
3 23
13 3
20 24
14 43
4 8
39 1
16 17
19 41
3 11
20 22
2 1
16 44
17 30
19 24
42 38
31 50
33 17
45 23
12 47
27 40
18 46
22 41
11 36
43 23
20 42
11 39
36 40
25 17
42 19
30 22
14 37
41 13
15 2
42 4
34 23
39 44
43 12
5 34
28 33
9 50
35 24
25 6
8 33
26 19
18 49
12 16
23 18
2 40
13 33
6 29
9 43
18 7
37 45
29 43
36 35
30 11
33 38
21 1
10 39
16 32
39 14
36 14
23 48
30 31
17 24
46 14
24 47
45 28
7 20
50 135
34 40
14 6
19 38
28 16
38 6
14 36
14 40
7 33
6 3
31 44
30 47
37 41
24 31
28 24
18 31
7 41
6 35
48 26
36 40
28 42
21 33
35 32
31 32
27 13
6 34
43 44
11 28
22 26
35 7
45 16
34 46
44 13
27 50
18 1
49 28
37 20
43 4
32 1
46 10
9 10
5 22
2 3
42 10
24 8
12 30
24 3
28 22
16 15
4 18
21 8
46 5
13 46
50 46
36 28
46 49
7 11
35 26
15 36
11 34
9 11
30 14
45 29
33 2
26 30
7 31
48 41
7 38
49 35
17 36
2 8
26 33
17 40
45 11
39 28
18 37
4 5
43 1
23 12
47 25
36 9
41 40
20 34
20 39
37 43
49 26
45 32
6 48
50 6
16 27
18 2
38 21
42 5
42 50
42 25
47 43
43 11
32 18
46 20
21 20
48 16
43 41
47 26
48 7
45 42
41 25
14 16
35 47
29 1
26 28
14 23
12 15
29 16
41 9
16 5
45 26
36 38
25 29
38 47
28 29
6 8
41 4
47 48
41 2
23 39
29 31
5 6
48 12
16 4
12 40
39 31
38 12
41 13
46 14
1 7
32 48
50 136
4 17
48 24
15 16
14 9
34 29
30 15
31 36
29 31
7 36
30 36
1 24
50 34
48 10
32 24
32 10
49 46
25 8
37 7
19 2
48 40
26 46
18 36
21 11
45 36
12 13
44 22
46 33
13 42
39 12
16 12
3 23
2 29
4 47
49 32
27 7
31 9
26 20
39 36
38 4
44 40
33 1
22 40
34 15
24 29
2 28
7 44
25 22
39 3
24 46
11 26
30 12
41 14
4 15
9 40
20 17
1 31
27 28
35 9
12 9
20 24
15 37
22 27
7 50
31 4
42 22
7 39
2 26
43 33
10 1
50 6
49 6
21 8
8 46
27 21
42 50
49 13
22 5
39 10
32 19
26 6
17 22
40 23
7 25
34 45
39 38
19 43
35 2
48 45
48 43
5 44
40 18
1 4
29 20
48 33
36 44
12 41
38 44
29 46
29 47
47 6
48 5
48 15
8 27
39 22
46 45
26 34
45 29
35 32
34 33
37 47
22 26
20 19
21 20
15 13
50 5
46 42
22 49
34 24
7 30
49 30
8 7
10 11
26 43
42 41
17 30
25 45
25 40
48 7
18 14
30 29
34 36
18 3
9 33
29 4
35 27
50 20
50 137
14 33
30 31
27 17
37 20
12 25
12 13
28 12
10 48
34 27
37 47
7 15
24 10
39 8
18 10
7 44
43 11
49 3
6 37
14 18
31 6
33 13
11 10
6 40
49 15
1 3
22 5
10 3
9 47
27 1
48 16
13 35
32 16
5 4
49 45
47 36
27 44
47 48
46 3
41 4
1 26
29 31
19 3
42 4
10 21
2 12
50 48
19 18
48 49
17 46
47 25
36 26
5 21
40 42
46 35
47 43
36 28
18 8
19 42
39 22
6 17
17 15
29 25
25 38
3 4
20 24
44 49
43 45
41 24
15 38
31 32
46 11
2 18
18 37
41 49
14 46
13 50
50 43
16 24
2 36
22 8
43 6
34 26
42 20
25 2
33 7
17 28
35 19
33 1
27 26
43 12
45 4
16 8
50 19
3 20
50 42
31 17
8 45
19 33
36 4
44 37
7 39
1 47
29 43
35 43
29 27
14 1
15 26
47 30
2 1
9 38
13 8
17 37
2 46
32 24
21 13
48 32
16 18
25 50
22 15
7 6
15 2
44 4
15 34
45 41
31 20
35 33
36 19
30 44
31 38
1 12
14 19
36 7
36 1
28 30
27 14
39 31
18 23
50 138
28 14
36 8
44 50
27 28
49 15
40 47
49 38
6 30
37 8
41 42
11 23
24 26
9 41
13 39
21 29
48 17
31 38
12 5
1 37
34 18
47 25
28 32
34 10
31 28
16 22
49 20
27 16
42 31
22 43
43 9
43 42
40 1
29 48
15 42
39 43
27 48
14 13
41 30
18 14
16 47
7 46
6 2
29 6
28 46
45 31
10 22
17 1
46 14
2 33
42 3
27 43
7 13
37 28
15 9
17 15
31 9
37 15
24 3
11 29
31 2
28 47
20 17
48 24
28 1
35 2
14 31
41 49
22 13
22 25
22 38
36 40
12 41
45 32
20 31
50 37
37 25
44 36
18 21
21 33
46 34
32 41
25 46
8 2
42 40
35 41
38 21
37 40
13 17
8 39
43 11
23 49
50 36
34 5
45 16
34 1
16 20
45 7
22 36
48 44
46 29
25 36
11 17
18 42
47 36
30 2
41 24
39 3
6 10
36 32
10 42
29 43
12 35
31 37
32 33
7 38
5 14
20 24
3 49
18 6
23 24
26 27
18 22
50 32
9 36
16 14
30 14
15 31
41 5
11 24
46 13
8 22
32 31
35 47
6 13
7 50
48 7
2 20
7 1
50 139
43 10
48 12
30 3
19 37
7 15
7 4
37 7
22 23
31 34
24 9
21 48
24 11
45 30
12 43
34 21
48 24
6 42
7 50
29 10
28 15
41 14
7 44
50 37
15 46
27 50
27 28
37 40
6 43
14 23
23 45
20 21
18 8
47 39
33 34
12 27
35 9
29 34
46 21
47 50
12 30
50 18
33 43
39 1
50 48
3 22
48 43
27 1
29 2
25 40
32 21
4 42
35 15
17 36
33 44
25 22
17 34
31 46
50 42
18 14
41 8
5 9
17 4
37 14
32 8
40 9
43 9
24 13
30 14
23 38
15 34
41 40
2 38
1 19
13 5
35 18
46 10
16 43
6 7
27 31
49 25
40 44
7 41
46 29
36 35
18 33
13 31
46 28
44 47
50 26
41 26
16 28
1 5
36 21
23 26
49 9
25 42
25 19
10 23
42 16
10 37
32 24
29 27
1 45
31 18
35 1
31 15
22 9
16 10
39 12
38 13
27 5
26 46
50 30
11 42
28 2
39 10
8 7
16 36
42 23
28 41
40 1
10 30
26 15
5 48
29 37
31 44
33 48
50 9
45 43
20 36
13 42
29 14
47 46
44 42
33 11
16 33
40 22
3 8
37 12
50 140
13 8
2 46
40 3
3 14
29 18
17 39
8 7
40 35
3 7
10 20
38 36
29 21
5 19
43 17
20 4
1 44
9 1
49 27
1 39
6 2
48 40
24 5
17 12
7 44
3 2
21 2
12 40
1 5
44 16
26 45
23 12
27 11
48 34
37 5
38 9
27 46
18 11
27 19
8 1
15 13
29 13
26 3
7 45
35 4
19 44
24 31
10 48
9 4
9 13
4 33
45 28
27 10
49 17
28 5
6 40
26 43
17 48
29 31
37 20
43 27
9 14
22 44
37 11
4 18
46 23
41 46
6 50
49 38
25 30
2 13
7 29
45 35
37 9
38 12
17 45
8 15
31 30
20 12
37 8
6 46
30 43
4 39
23 34
43 35
28 27
30 38
26 6
27 50
29 34
43 48
40 33
38 4
50 46
36 26
13 18
18 32
41 36
23 3
16 38
43 44
7 48
41 31
2 34
26 28
49 18
22 11
24 10
20 45
28 24
35 7
39 35
45 32
44 12
46 38
2 28
26 42
40 30
41 42
42 5
29 25
3 37
3 8
7 17
21 44
25 9
15 32
33 22
35 1
7 38
15 17
46 9
29 40
24 23
21 20
20 7
35 36
18 16
22 36
29 22
13 44
50 141
30 29
13 42
15 22
4 20
9 25
5 39
10 44
4 46
23 9
41 24
14 33
28 11
7 28
49 23
6 23
28 29
31 14
45 7
7 6
13 2
44 33
12 5
47 50
3 19
47 15
20 32
33 42
38 26
19 41
11 7
18 2
26 32
20 9
8 14
44 18
10 39
39 20
46 40
26 19
38 17
46 43
11 12
48 29
41 15
31 28
19 31
6 45
35 27
36 19
30 49
5 11
42 6
29 31
46 13
13 16
10 21
6 49
34 20
37 48
1 43
7 30
6 14
21 9
26 17
7 35
17 25
21 13
26 7
11 10
32 16
40 42
13 17
40 39
31 17
1 19
10 34
38 7
40 41
20 17
4 18
33 4
7 23
48 11
47 13
26 33
33 32
48 46
49 28
44 43
26 25
50 41
35 46
33 12
7 13
10 27
36 23
33 47
28 2
34 18
19 35
35 24
18 14
39 1
40 4
43 34
39 25
41 37
9 8
7 15
35 2
7 20
21 40
36 43
2 11
41 17
22 45
45 21
10 49
31 34
10 17
38 31
9 5
47 36
13 26
39 11
26 43
42 31
8 7
49 38
32 31
34 38
36 48
11 23
40 2
21 48
50 2
45 42
22 48
17 23
24 16
22 18
50 142
14 11
38 23
3 43
50 17
40 4
27 21
34 38
49 8
34 22
40 41
29 37
32 7
40 46
37 42
11 1
18 1
9 26
38 36
29 46
42 16
35 6
17 39
37 26
12 8
49 27
30 36
34 35
1 14
48 8
7 30
43 35
31 20
17 25
14 2
43 2
41 43
13 38
34 29
19 27
8 18
34 19
2 45
45 20
26 43
12 37
14 37
36 21
6 31
36 46
1 12
18 22
30 45
26 50
40 11
40 16
13 40
50 38
29 41
46 21
42 8
8 23
5 39
50 5
9 33
40 44
47 18
7 20
17 16
14 23
26 39
44 47
12 29
20 50
24 8
6 21
38 48
10 41
21 20
7 16
12 9
22 19
32 3
6 14
32 24
31 25
15 13
42 46
47 20
37 8
1 28
11 12
37 28
22 25
20 49
10 46
6 45
12 50
11 47
17 11
36 18
42 1
23 1
50 32
13 29
3 27
26 8
48 33
37 10
49 29
48 40
32 12
47 36
9 28
11 7
20 26
49 2
3 41
36 28
7 1
30 43
12 39
29 31
29 20
50 11
10 9
30 10
29 17
43 40
2 22
30 47
18 35
1 26
49 6
17 18
50 40
1 5
8 2
49 4
9 21
50 4
50 25
45 48
50 143
1 45
28 48
40 29
41 16
37 47
35 45
46 39
32 1
5 22
6 40
26 3
43 21
18 47
24 14
5 13
44 19
19 29
7 6
23 48
3 47
49 44
31 32
48 26
24 28
23 19
17 27
39 13
10 44
48 22
13 50
25 50
42 19
3 49
30 47
32 12
10 21
31 45
43 36
50 27
8 48
34 6
33 11
16 23
45 25
5 7
23 46
46 38
30 50
15 34
5 12
34 42
40 2
34 3
14 39
39 7
14 18
3 8
38 30
42 44
23 9
20 3
8 24
24 13
9 29
31 48
25 2
30 26
33 2
9 41
31 42
27 26
19 5
24 20
45 19
44 12
36 10
23 37
7 42
22 42
8 1
14 31
33 44
35 4
50 40
27 49
41 34
9 50
33 49
40 15
14 1
10 26
50 1
28 8
10 3
29 33
10 23
2 28
26 24
34 23
3 2
49 6
24 50
33 28
41 10
7 26
38 40
31 18
16 38
31 20
5 27
33 46
37 11
43 23
2 21
18 50
46 35
8 4
38 33
24 49
20 39
9 26
5 30
35 49
16 32
18 2
30 13
7 14
47 43
15 41
19 41
36 46
50 12
32 45
14 34
10 24
36 17
28 12
46 45
28 44
18 43
6 5
1 27
34 36
50 144
27 23
17 38
26 33
36 45
50 49
43 42
35 9
8 27
46 37
25 19
6 25
8 32
5 34
30 17
20 42
49 8
29 6
22 36
27 31
14 8
28 12
36 8
45 49
46 19
32 48
14 50
35 39
46 14
39 30
50 41
50 21
10 1
45 29
7 45
35 1
23 29
8 2
25 31
39 46
25 44
1 23
13 14
5 7
31 45
26 3
17 31
26 2
38 31
5 39
40 46
9 41
12 25
30 14
11 12
8 44
40 12
33 4
2 1
14 36
45 4
39 48
9 46
32 16
30 4
1 5
27 38
5 19
50 36
41 42
15 6
9 38
20 21
3 16
5 49
32 25
20 27
25 16
20 16
40 19
45 11
18 16
5 12
18 31
12 33
18 39
47 18
1 48
36 17
38 49
8 16
21 22
30 7
17 35
20 41
28 29
14 28
10 4
5 22
31 37
28 6
1 34
12 8
23 19
37 33
50 17
44 33
7 1
16 10
13 2
2 21
34 36
20 7
44 20
26 14
26 27
8 39
31 35
9 10
4 23
27 18
34 50
21 27
24 18
22 25
45 14
7 50
48 11
17 25
41 27
26 9
33 41
12 6
41 3
43 29
32 1
19 13
40 6
5 47
13 39
42 38
30 9
48 29
36 35
39 45
50 145
18 19
27 45
48 22
24 41
9 1
26 18
17 41
14 37
21 9
42 1
5 27
26 32
50 48
33 1
11 19
9 49
13 1
47 43
41 19
33 43
30 8
46 15
37 28
49 4
19 25
10 46
5 39
19 37
45 4
5 1
3 43
2 19
14 34
14 2
14 8
42 8
12 50
42 46
17 15
29 14
11 28
44 38
25 31
6 15
35 34
4 10
40 25
37 49
1 16
5 9
4 3
1 28
35 11
1 4
28 13
1 11
27 33
50 28
32 3
4 33
1 30
49 34
33 23
49 18
9 19
39 29
43 14
6 47
26 41
48 31
20 12
41 7
36 39
2 33
14 44
21 32
6 1
18 17
39 24
9 7
38 50
27 10
20 24
20 19
6 19
4 8
23 14
27 29
22 35
22 32
43 48
46 35
20 10
26 30
29 45
29 38
27 22
24 22
5 4
37 10
43 24
36 4
35 6
50 35
6 43
22 17
29 40
19 32
8 37
38 25
31 1
40 4
17 48
3 48
29 9
49 23
44 22
15 31
18 24
33 9
10 22
10 36
50 10
6 50
19 29
35 43
17 9
5 36
14 46
4 50
43 31
34 28
15 24
45 30
28 8
11 15
28 48
45 15
19 15
15 13
22 41
9 14
23 12
35 20
24 2
50 146
44 43
37 32
24 14
34 5
2 33
13 35
9 37
23 42
41 13
12 13
42 5
10 32
14 21
48 13
14 31
5 36
40 27
20 48
30 22
14 43
25 44
44 37
30 25
8 1
14 22
21 41
23 19
45 38
30 16
47 9
3 26
25 23
19 12
22 44
29 39
28 41
17 6
40 44
29 3
26 24
38 4
17 3
24 46
5 30
36 47
25 17
30 1
40 23
21 50
9 23
39 38
35 42
9 32
5 9
32 28
32 12
36 7
18 13
36 1
44 28
25 27
15 46
42 20
8 31
16 3
37 21
31 33
28 29
26 6
45 7
18 22
49 33
20 25
27 43
13 29
3 10
8 15
29 40
38 31
6 13
9 14
34 11
34 14
23 18
30 13
25 21
40 6
15 19
25 15
22 35
31 47
16 23
2 9
4 33
20 3
1 42
28 14
50 30
33 43
30 49
46 35
8 34
10 35
28 21
18 38
21 11
47 43
39 5
27 31
45 32
41 27
15 44
12 10
6 8
36 46
34 48
25 45
23 15
40 18
24 19
15 10
2 40
30 20
10 9
9 38
44 4
1 24
26 1
37 8
8 27
17 31
50 46
36 10
23 24
40 12
1 21
3 31
20 19
3 37
12 14
36 35
15 40
17 12
50 16
1 41
7 48
50 147
20 2
22 48
14 11
33 47
43 12
24 43
46 50
2 6
22 25
50 34
48 14
32 50
23 1
32 28
11 38
2 15
5 47
15 46
19 33
20 24
5 44
41 18
43 26
12 8
7 28
29 1
5 34
3 47
36 49
8 47
17 50
18 34
10 1
14 8
45 47
27 41
34 11
40 11
40 6
15 29
33 12
31 38
27 33
31 33
31 20
23 31
1 50
7 35
3 32
29 6
9 18
41 43
8 9
23 6
21 33
37 16
36 15
27 20
15 44
30 31
42 3
2 1
31 50
35 1
30 16
26 45
9 40
44 21
12 50
32 36
36 18
5 36
43 27
50 36
38 42
12 21
47 16
6 12
39 3
1 45
28 29
28 39
37 25
42 6
4 6
25 34
11 35
22 8
29 25
35 41
40 27
8 4
41 25
44 33
5 41
42 31
24 40
38 32
13 21
18 27
2 46
16 8
1 13
21 25
7 8
37 38
10 36
33 26
43 21
7 40
45 21
18 29
18 16
14 30
36 40
1 28
11 4
6 5
18 21
2 11
9 28
8 34
31 7
36 17
5 49
36 13
42 46
39 35
44 11
18 47
20 32
14 31
26 23
19 5
30 6
31 22
39 38
10 12
46 25
33 49
33 36
50 14
39 50
37 1
20 6
25 4
37 28
50 148
39 19
29 14
15 2
48 7
44 14
33 11
5 4
30 26
45 4
9 47
47 44
28 27
10 36
30 33
21 44
37 49
42 1
30 49
49 9
25 7
31 30
13 22
45 30
30 47
46 49
34 14
15 3
14 8
36 33
2 24
34 36
21 16
12 8
23 43
8 41
24 36
25 10
36 32
50 18
28 6
6 43
8 44
48 47
12 2
49 23
3 9
19 29
48 38
22 45
29 30
18 49
20 36
20 14
31 22
12 34
33 6
42 25
34 1
14 37
46 45
27 1
22 44
37 50
29 18
20 7
12 50
35 2
50 25
39 50
41 19
33 18
36 12
17 34
9 17
49 2
30 15
47 20
41 15
8 9
38 16
37 7
44 45
20 21
21 23
20 29
10 27
43 34
26 37
29 34
26 4
28 25
5 20
18 8
39 21
43 48
17 36
7 34
16 36
27 21
25 40
11 3
38 41
43 25
7 44
7 43
44 31
40 43
31 43
41 3
32 17
8 23
1 47
27 50
39 8
10 34
10 48
38 32
4 10
14 2
15 44
34 47
14 43
13 50
1 41
13 31
36 47
30 1
36 49
20 33
7 50
29 35
15 34
18 14
40 29
5 25
11 5
40 9
43 20
1 7
23 7
18 47
9 33
24 16
24 43
21 15
25 35
47 22
40 32
50 149
5 43
50 30
12 31
37 24
25 27
12 32
37 41
31 9
20 37
47 46
23 16
2 7
41 28
50 43
48 7
42 38
27 31
33 19
31 47
30 31
23 37
43 47
9 22
20 36
30 38
32 22
6 7
29 13
11 24
30 23
8 31
12 11
4 26
21 4
28 29
29 4
1 39
10 3
3 23
16 5
41 49
17 39
34 29
43 3
7 41
4 24
41 39
37 5
44 15
26 27
47 9
8 19
29 19
36 38
26 39
13 41
46 26
17 48
29 15
50 48
11 33
45 49
44 21
16 3
34 2
8 43
47 19
5 46
4 44
32 49
16 38
43 41
3 34
31 20
32 39
45 16
44 34
33 4
21 13
5 21
20 39
17 3
7 47
21 19
3 47
50 27
36 4
31 42
41 34
21 41
13 11
31 17
43 15
49 9
38 10
37 18
26 16
44 16
8 48
30 37
49 27
39 11
4 17
14 1
32 24
18 32
37 21
47 37
37 3
45 2
31 26
48 19
35 19
30 29
3 22
47 22
11 18
50 37
35 24
50 15
41 16
24 40
42 41
16 36
25 8
7 44
50 21
19 20
5 18
6 13
30 20
39 25
44 43
30 25
5 1
33 50
18 26
9 38
13 12
36 5
48 23
23 36
32 25
3 8
11 1
4 11
36 8
29 1
12 14
50 100
41 12
40 22
15 37
28 44
26 23
14 26
44 3
48 9
26 22
29 1
8 49
24 30
9 38
49 30
44 36
6 15
30 6
44 5
43 14
29 25
21 10
30 26
31 10
46 39
9 43
16 13
22 48
16 49
39 25
43 22
2 43
34 41
11 22
3 14
47 35
40 12
17 5
6 13
4 21
8 17
12 33
47 40
28 36
19 31
41 24
36 7
49 21
3 4
29 33
41 28
36 39
26 20
28 19
48 32
46 45
14 25
3 22
26 10
35 16
12 21
43 46
41 25
20 27
27 43
29 30
45 21
15 32
20 42
1 50
13 1
32 40
44 10
29 5
26 25
43 11
20 36
36 35
47 38
22 41
13 11
21 24
30 4
13 22
14 28
4 45
13 32
48 1
30 7
42 1
5 41
40 7
13 36
8 21
32 21
36 22
35 4
24 6
48 36
11 2
37 35
