50 79
2 4
2 27
4 27
4 37
4 8
37 8
37 12
37 16
12 16
12 47
12 14
47 14
47 2
47 45
2 45
39 2
39 1
39 50
1 50
1 17
1 9
17 9
17 25
17 13
25 13
25 3
25 22
3 22
3 39
3 31
39 31
21 39
21 30
21 33
30 33
30 43
30 40
43 40
43 24
43 11
24 11
24 38
24 41
38 41
38 21
38 46
21 46
15 21
15 23
15 34
23 34
23 28
23 35
28 35
28 18
28 10
18 10
18 6
18 32
6 32
6 15
6 42
15 42
49 21
49 7
49 20
7 20
7 26
7 48
26 48
26 29
26 19
29 19
29 44
29 5
44 5
44 49
44 36
49 36
50 79
20 11
20 21
11 21
11 32
11 37
32 37
32 50
32 29
50 29
50 18
50 47
18 47
18 20
18 48
20 48
41 20
41 14
41 35
14 35
14 10
14 4
10 4
10 49
10 34
49 34
49 30
49 8
30 8
30 41
30 15
41 15
17 20
17 12
17 22
12 22
12 25
12 6
25 6
25 46
25 24
46 24
46 28
46 33
28 33
28 17
28 36
17 36
2 20
2 7
2 44
7 44
7 31
7 27
31 27
31 23
31 13
23 13
23 38
23 43
38 43
38 2
38 5
2 5
16 41
16 45
16 1
45 1
45 19
45 9
19 9
19 39
19 42
39 42
39 40
39 26
40 26
40 16
40 3
16 3
50 79
47 36
47 40
36 40
36 33
36 28
33 28
33 21
33 31
21 31
21 30
21 8
30 8
30 47
30 19
47 19
42 47
42 46
42 25
46 25
46 9
46 5
9 5
9 32
9 7
32 7
32 12
32 4
12 4
12 42
12 44
42 44
22 47
22 24
22 35
24 35
24 26
24 2
26 2
26 16
26 1
16 1
16 48
16 6
48 6
48 22
48 43
22 43
37 42
37 18
37 13
18 13
18 3
18 34
3 34
3 15
3 17
15 17
15 10
15 14
10 14
10 37
10 23
37 23
11 22
11 20
11 41
20 41
20 38
20 50
38 50
38 27
38 39
27 39
27 45
27 49
45 49
45 11
45 29
11 29
50 79
47 3
47 16
3 16
3 17
3 25
17 25
17 24
17 1
24 1
24 15
24 27
15 27
15 47
15 20
47 20
19 47
19 10
19 39
10 39
10 11
10 21
11 21
11 18
11 33
18 33
18 13
18 22
13 22
13 19
13 31
19 31
8 47
8 28
8 32
28 32
28 29
28 34
29 34
29 40
29 41
40 41
40 50
40 36
50 36
50 8
50 49
8 49
37 19
37 4
37 12
4 12
4 44
4 9
44 9
44 43
44 38
43 38
43 5
43 6
5 6
5 37
5 48
37 48
23 47
23 26
23 30
26 30
26 46
26 42
46 42
46 7
46 35
7 35
7 2
7 45
2 45
2 23
2 14
23 14
50 79
4 37
4 13
37 13
37 29
37 45
29 45
29 9
29 1
9 1
9 27
9 20
27 20
27 4
27 39
4 39
50 4
50 49
50 31
49 31
49 23
49 10
23 10
23 14
23 43
14 43
14 40
14 24
40 24
40 50
40 33
50 33
47 50
47 44
47 3
44 3
44 30
44 41
30 41
30 5
30 42
5 42
5 18
5 34
18 34
18 47
18 26
47 26
36 47
36 48
36 22
48 22
48 19
48 28
19 28
19 6
19 8
6 8
6 38
6 25
38 25
38 36
38 12
36 12
15 36
15 17
15 46
17 46
17 32
17 16
32 16
32 35
32 21
35 21
35 11
35 7
11 7
11 15
11 2
15 2
50 79
3 5
3 48
5 48
5 30
5 20
30 20
30 22
30 43
22 43
22 24
22 11
24 11
24 3
24 15
3 15
2 3
2 9
2 29
9 29
9 7
9 41
7 41
7 25
7 14
25 14
25 31
25 47
31 47
31 2
31 26
2 26
18 3
18 37
18 17
37 17
37 8
37 38
8 38
8 13
8 45
13 45
13 35
13 19
35 19
35 18
35 32
18 32
4 18
4 33
4 12
33 12
33 1
33 10
1 10
1 23
1 40
23 40
23 36
23 46
36 46
36 4
36 21
4 21
49 4
49 27
49 39
27 39
27 16
27 44
16 44
16 42
16 50
42 50
42 34
42 28
34 28
34 49
34 6
49 6
50 79
20 1
20 23
1 23
1 38
1 42
38 42
38 31
38 3
31 3
31 43
31 37
43 37
43 20
43 48
20 48
21 20
21 7
21 24
7 24
7 11
7 29
11 29
11 39
11 14
39 14
39 12
39 5
12 5
12 21
12 16
21 16
41 21
41 44
41 4
44 4
44 49
44 46
49 46
49 33
49 40
33 40
33 35
33 22
35 22
35 41
35 27
41 27
50 21
50 30
50 47
30 47
30 15
30 34
15 34
15 9
15 25
9 25
9 28
9 13
28 13
28 50
28 10
50 10
17 41
17 32
17 6
32 6
32 26
32 19
26 19
26 45
26 2
45 2
45 36
45 18
36 18
36 17
36 8
17 8
50 79
12 6
12 4
6 4
6 42
6 24
42 24
42 50
42 11
50 11
50 14
50 34
14 34
14 12
14 40
12 40
3 12
3 36
3 15
36 15
36 22
36 37
22 37
22 39
22 16
39 16
39 21
39 29
21 29
21 3
21 9
3 9
1 3
1 18
1 47
18 47
18 35
18 26
35 26
35 27
35 31
27 31
27 30
27 5
30 5
30 1
30 20
1 20
43 1
43 8
43 32
8 32
8 44
8 17
44 17
44 28
44 48
28 48
28 49
28 13
49 13
49 43
49 33
43 33
19 1
19 23
19 41
23 41
23 45
23 38
45 38
45 2
45 25
2 25
2 10
2 46
10 46
10 19
10 7
19 7
50 79
32 35
32 9
35 9
35 45
35 30
45 30
45 18
45 12
18 12
18 25
18 15
25 15
25 32
25 24
32 24
48 32
48 42
48 41
42 41
42 39
42 7
39 7
39 31
39 2
31 2
31 38
31 43
38 43
38 48
38 16
48 16
11 32
11 33
11 47
33 47
33 10
33 28
10 28
10 36
10 5
36 5
36 19
36 13
19 13
19 11
19 34
11 34
17 32
17 40
17 27
40 27
40 3
40 1
3 1
3 37
3 20
37 20
37 14
37 29
14 29
14 17
14 4
17 4
26 17
26 6
26 44
6 44
6 21
6 23
21 23
21 8
21 46
8 46
8 49
8 22
49 22
49 26
49 50
26 50
50 79
33 25
33 39
25 39
25 50
25 7
50 7
50 29
50 47
29 47
29 5
29 42
5 42
5 33
5 3
33 3
20 33
20 46
20 2
46 2
46 41
46 36
41 36
41 12
41 1
12 1
12 32
12 48
32 48
32 20
32 27
20 27
4 33
4 18
4 44
18 44
18 21
18 17
21 17
21 45
21 30
45 30
45 43
45 49
43 49
43 4
43 16
4 16
22 4
22 23
22 14
23 14
23 19
23 13
19 13
19 28
19 37
28 37
28 6
28 38
6 38
6 22
6 8
22 8
15 20
15 31
15 40
31 40
31 10
31 26
10 26
10 9
10 34
9 34
9 35
9 24
35 24
35 15
35 11
15 11
50 79
17 20
17 45
20 45
20 13
20 42
13 42
13 33
13 25
33 25
33 8
33 28
8 28
8 17
8 26
17 26
5 17
5 49
5 2
49 2
49 12
49 7
12 7
12 32
12 35
32 35
32 44
32 46
44 46
44 5
44 15
5 15
22 17
22 27
22 3
27 3
27 24
27 1
24 1
24 19
24 43
19 43
19 40
19 30
40 30
40 22
40 31
22 31
10 22
10 18
10 37
18 37
18 34
18 4
34 4
34 23
34 16
23 16
23 38
23 11
38 11
38 10
38 14
10 14
48 22
48 9
48 41
9 41
9 6
9 36
6 36
6 50
6 39
50 39
50 21
50 47
21 47
21 48
21 29
48 29
50 79
2 12
2 41
12 41
12 27
12 33
27 33
27 5
27 45
5 45
5 28
5 31
28 31
28 2
28 24
2 24
8 2
8 48
8 15
48 15
48 36
48 17
36 17
36 39
36 14
39 14
39 38
39 49
38 49
38 8
38 19
8 19
23 8
23 46
23 50
46 50
46 7
46 43
7 43
7 18
7 42
18 42
18 26
18 32
26 32
26 23
26 37
23 37
11 23
11 21
11 16
21 16
21 22
21 29
22 29
22 20
22 9
20 9
20 44
20 4
44 4
44 11
44 47
11 47
10 11
10 25
10 30
25 30
25 35
25 3
35 3
35 1
35 6
1 6
1 40
1 34
40 34
40 10
40 13
10 13
50 79
29 45
29 25
45 25
45 35
45 14
35 14
35 23
35 44
23 44
23 11
23 24
11 24
11 29
11 4
29 4
19 29
19 17
19 27
17 27
17 34
17 33
34 33
34 40
34 41
40 41
40 31
40 15
31 15
31 19
31 43
19 43
39 19
39 30
39 38
30 38
30 28
30 32
28 32
28 12
28 47
12 47
12 22
12 36
22 36
22 39
22 20
39 20
7 29
7 1
7 8
1 8
1 48
1 46
48 46
48 6
48 37
6 37
6 21
6 5
21 5
21 7
21 16
7 16
9 7
9 10
9 2
10 2
10 13
10 49
13 49
13 3
13 18
3 18
3 26
3 50
26 50
26 9
26 42
9 42
50 79
50 5
50 47
5 47
5 30
5 25
30 25
30 39
30 13
39 13
39 2
39 12
2 12
2 50
2 36
50 36
40 50
40 19
40 15
19 15
19 10
19 32
10 32
10 46
10 20
46 20
46 45
46 44
45 44
45 40
45 4
40 4
8 40
8 43
8 16
43 16
43 49
43 6
49 6
49 22
49 18
22 18
22 37
22 7
37 7
37 8
37 23
8 23
11 40
11 27
11 35
27 35
27 29
27 14
29 14
29 3
29 41
3 41
3 38
3 33
38 33
38 11
38 21
11 21
1 50
1 34
1 42
34 42
34 48
34 17
48 17
48 24
48 31
24 31
24 28
24 9
28 9
28 1
28 26
1 26
50 79
43 10
43 26
10 26
10 37
10 47
37 47
37 22
37 17
22 17
22 39
22 33
39 33
39 43
39 14
43 14
5 43
5 8
5 41
8 41
8 2
8 1
2 1
2 28
2 45
28 45
28 16
28 13
16 13
16 5
16 40
5 40
34 43
34 18
34 46
18 46
18 21
18 38
21 38
21 20
21 44
20 44
20 25
20 4
25 4
25 34
25 49
34 49
23 43
23 7
23 19
7 19
7 30
7 31
30 31
30 32
30 29
32 29
32 24
32 12
24 12
24 23
24 35
23 35
15 23
15 27
15 42
27 42
27 6
27 3
6 3
6 36
6 48
36 48
36 11
36 9
11 9
11 15
11 50
15 50
50 79
23 22
23 26
22 26
22 5
22 10
5 10
5 24
5 3
24 3
24 8
24 6
8 6
8 23
8 38
23 38
2 23
2 50
2 30
50 30
50 12
50 48
12 48
12 44
12 27
44 27
44 46
44 14
46 14
46 2
46 13
2 13
40 2
40 34
40 19
34 19
34 32
34 28
32 28
32 33
32 17
33 17
33 29
33 1
29 1
29 40
29 37
40 37
41 40
41 15
41 25
15 25
15 39
15 45
39 45
39 35
39 20
35 20
35 4
35 43
4 43
4 41
4 36
41 36
31 23
31 21
31 9
21 9
21 47
21 18
47 18
47 7
47 42
7 42
7 49
7 16
49 16
49 31
49 11
31 11
50 79
5 6
5 31
6 31
6 24
6 29
24 29
24 11
24 13
11 13
11 25
11 4
25 4
25 5
25 8
5 8
48 5
48 17
48 9
17 9
17 22
17 27
22 27
22 33
22 19
33 19
33 10
33 16
10 16
10 48
10 32
48 32
45 48
45 7
45 37
7 37
7 47
7 12
47 12
47 43
47 18
43 18
43 50
43 40
50 40
50 45
50 46
45 46
35 45
35 42
35 26
42 26
42 38
42 1
38 1
38 34
38 49
34 49
34 36
34 3
36 3
36 35
36 21
35 21
2 5
2 23
2 39
23 39
23 14
23 28
14 28
14 44
14 20
44 20
44 15
44 41
15 41
15 2
15 30
2 30
50 79
47 48
47 32
48 32
48 18
48 38
18 38
18 8
18 9
8 9
8 44
8 42
44 42
44 47
44 28
47 28
30 47
30 49
30 2
49 2
49 16
49 19
16 19
16 43
16 27
43 27
43 22
43 15
22 15
22 30
22 26
30 26
10 30
10 25
10 12
25 12
25 50
25 1
50 1
50 33
50 41
33 41
33 36
33 13
36 13
36 10
36 37
10 37
14 30
14 23
14 40
23 40
23 11
23 24
11 24
11 21
11 17
21 17
21 46
21 5
46 5
46 14
46 45
14 45
39 10
39 20
39 6
20 6
20 4
20 35
4 35
4 34
4 31
34 31
34 3
34 29
3 29
3 39
3 7
39 7
50 79
21 16
21 9
16 9
16 10
16 38
10 38
10 39
10 4
39 4
39 13
39 43
13 43
13 21
13 14
21 14
3 21
3 30
3 12
30 12
30 35
30 47
35 47
35 50
35 49
50 49
50 25
50 33
25 33
25 3
25 32
3 32
26 21
26 22
26 37
22 37
22 8
22 48
8 48
8 36
8 44
36 44
36 2
36 24
2 24
2 26
2 6
26 6
41 3
41 18
41 46
18 46
18 34
18 1
34 1
34 19
34 5
19 5
19 15
19 11
15 11
15 41
15 42
41 42
28 21
28 7
28 23
7 23
7 20
7 31
20 31
20 17
20 45
17 45
17 27
17 40
27 40
27 28
27 29
28 29
50 79
49 3
49 28
3 28
3 19
3 8
19 8
19 13
19 46
13 46
13 24
13 15
24 15
24 49
24 6
49 6
20 49
20 9
20 23
9 23
9 29
9 31
29 31
29 34
29 47
34 47
34 5
34 36
5 36
5 20
5 2
20 2
25 49
25 40
25 42
40 42
40 22
40 1
22 1
22 35
22 21
35 21
35 38
35 32
38 32
38 25
38 48
25 48
39 49
39 43
39 10
43 10
43 45
43 11
45 11
45 7
45 41
7 41
7 18
7 4
18 4
18 39
18 17
39 17
37 39
37 12
37 44
12 44
12 26
12 33
26 33
26 14
26 16
14 16
14 50
14 30
50 30
50 37
50 27
37 27
50 79
50 7
50 43
7 43
7 42
7 47
42 47
42 40
42 41
40 41
40 24
40 38
24 38
24 50
24 45
50 45
4 50
4 10
4 25
10 25
10 15
10 48
15 48
15 28
15 14
28 14
28 6
28 3
6 3
6 4
6 29
4 29
32 4
32 16
32 33
16 33
16 5
16 30
5 30
5 27
5 1
27 1
27 35
27 46
35 46
35 32
35 9
32 9
22 50
22 20
22 19
20 19
20 36
20 23
36 23
36 8
36 34
8 34
8 17
8 12
17 12
17 22
17 44
22 44
39 4
39 49
39 2
49 2
49 37
49 18
37 18
37 26
37 31
26 31
26 21
26 13
21 13
21 39
21 11
39 11
50 79
38 21
38 16
21 16
21 50
21 9
50 9
50 17
50 25
17 25
17 22
17 4
22 4
22 38
22 29
38 29
32 38
32 42
32 6
42 6
42 7
42 13
7 13
7 8
7 23
8 23
8 46
8 36
46 36
46 32
46 19
32 19
40 38
40 45
40 47
45 47
45 31
45 15
31 15
31 1
31 28
1 28
1 33
1 14
33 14
33 40
33 27
40 27
48 32
48 35
48 18
35 18
35 37
35 41
37 41
37 11
37 26
11 26
11 39
11 2
39 2
39 48
39 49
48 49
24 40
24 5
24 43
5 43
5 3
5 34
3 34
3 44
3 20
44 20
44 12
44 30
12 30
12 24
12 10
24 10
50 79
44 28
44 47
28 47
28 33
28 3
33 3
33 17
33 50
17 50
17 40
17 29
40 29
40 44
40 38
44 38
6 44
6 2
6 15
2 15
2 12
2 8
12 8
12 10
12 21
10 21
10 16
10 19
16 19
16 6
16 25
6 25
23 6
23 26
23 9
26 9
26 22
26 14
22 14
22 46
22 27
46 27
46 4
46 32
4 32
4 23
4 36
23 36
48 44
48 42
48 37
42 37
42 13
42 49
13 49
13 24
13 41
24 41
24 30
24 1
30 1
30 48
30 43
48 43
20 23
20 18
20 45
18 45
18 11
18 39
11 39
11 7
11 35
7 35
7 31
7 34
31 34
31 20
31 5
20 5
50 79
48 15
48 39
15 39
15 43
15 33
43 33
43 32
43 37
32 37
32 13
32 18
13 18
13 48
13 41
48 41
28 48
28 22
28 50
22 50
22 6
22 34
6 34
6 9
6 2
9 2
9 14
9 5
14 5
14 28
14 24
28 24
44 48
44 30
44 23
30 23
30 29
30 11
29 11
29 38
29 4
38 4
38 36
38 42
36 42
36 44
36 40
44 40
16 44
16 19
16 31
19 31
19 25
19 46
25 46
25 10
25 27
10 27
10 12
10 8
12 8
12 16
12 3
16 3
47 16
47 17
47 7
17 7
17 26
17 49
26 49
26 1
26 45
1 45
1 35
1 21
35 21
35 47
35 20
47 20
50 79
18 8
18 35
8 35
8 27
8 44
27 44
27 2
27 15
2 15
2 23
2 9
23 9
23 18
23 24
18 24
39 18
39 46
39 5
46 5
46 1
46 14
1 14
1 6
1 21
6 21
6 4
6 47
4 47
4 39
4 34
39 34
49 18
49 26
49 29
26 29
26 36
26 40
36 40
36 48
36 37
48 37
48 19
48 45
19 45
19 49
19 32
49 32
22 39
22 31
22 16
31 16
31 38
31 25
38 25
38 13
38 41
13 41
13 17
13 43
17 43
17 22
17 10
22 10
30 39
30 42
30 11
42 11
42 28
42 12
28 12
28 20
28 33
20 33
20 3
20 50
3 50
3 30
3 7
30 7
50 79
42 14
42 47
14 47
14 45
14 23
45 23
45 29
45 4
29 4
29 5
29 28
5 28
5 42
5 41
42 41
36 42
36 16
36 37
16 37
16 12
16 49
12 49
12 2
12 34
2 34
2 24
2 11
24 11
24 36
24 32
36 32
39 36
39 22
39 8
22 8
22 7
22 31
7 31
7 17
7 26
17 26
17 20
17 1
20 1
20 39
20 43
39 43
13 36
13 50
13 46
50 46
50 21
50 19
21 19
21 15
21 9
15 9
15 6
15 30
6 30
6 13
6 38
13 38
48 13
48 40
48 35
40 35
40 25
40 44
25 44
25 10
25 3
10 3
10 33
10 27
33 27
33 48
33 18
48 18
50 79
1 46
1 48
46 48
46 12
46 27
12 27
12 26
12 44
26 44
26 8
26 2
8 2
8 1
8 29
1 29
7 1
7 24
7 37
24 37
24 5
24 13
5 13
5 21
5 49
21 49
21 25
21 36
25 36
25 7
25 20
7 20
10 7
10 28
10 45
28 45
28 40
28 39
40 39
40 35
40 41
35 41
35 11
35 38
11 38
11 10
11 18
10 18
4 1
4 30
4 6
30 6
30 9
30 43
9 43
9 42
9 33
42 33
42 31
42 17
31 17
31 4
31 16
4 16
14 7
14 19
14 32
19 32
19 22
19 15
22 15
22 34
22 47
34 47
34 3
34 50
3 50
3 14
3 23
14 23
50 79
47 19
47 25
19 25
19 39
19 22
39 22
39 35
39 45
35 45
35 40
35 43
40 43
40 47
40 14
47 14
11 47
11 38
11 44
38 44
38 49
38 48
49 48
49 33
49 3
33 3
33 7
33 41
7 41
7 11
7 5
11 5
32 11
32 6
32 18
6 18
6 13
6 20
13 20
13 17
13 2
17 2
17 1
17 16
1 16
1 32
1 15
32 15
36 47
36 9
36 42
9 42
9 12
9 8
12 8
12 10
12 50
10 50
10 21
10 34
21 34
21 36
21 24
36 24
37 36
37 4
37 29
4 29
4 46
4 31
46 31
46 27
46 26
27 26
27 30
27 23
30 23
30 37
30 28
37 28
50 79
28 37
28 16
37 16
37 32
37 48
32 48
32 5
32 41
5 41
5 31
5 43
31 43
31 28
31 9
28 9
50 28
50 19
50 25
19 25
19 44
19 30
44 30
44 10
44 29
10 29
10 34
10 35
34 35
34 50
34 7
50 7
27 28
27 45
27 49
45 49
45 23
45 22
23 22
23 24
23 18
24 18
24 15
24 47
15 47
15 27
15 20
27 20
2 27
2 21
2 11
21 11
21 3
21 38
3 38
3 1
3 42
1 42
1 6
1 8
6 8
6 2
6 14
2 14
33 2
33 4
33 17
4 17
4 39
4 36
39 36
39 12
39 40
12 40
12 13
12 46
13 46
13 33
13 26
33 26
50 79
37 30
37 14
30 14
30 19
30 8
19 8
19 36
19 2
36 2
36 4
36 39
4 39
4 37
4 12
37 12
38 37
38 48
38 7
48 7
48 11
48 18
11 18
11 34
11 22
34 22
34 41
34 24
41 24
41 38
41 45
38 45
50 37
50 43
50 10
43 10
43 25
43 20
25 20
25 1
25 49
1 49
1 27
1 32
27 32
27 50
27 21
50 21
35 38
35 29
35 40
29 40
29 44
29 16
44 16
44 46
44 23
46 23
46 31
46 9
31 9
31 35
31 26
35 26
15 38
15 33
15 3
33 3
33 17
33 6
17 6
17 5
17 42
5 42
5 13
5 47
13 47
13 15
13 28
15 28
50 79
37 3
37 21
3 21
3 5
3 33
5 33
5 26
5 25
26 25
26 48
26 8
48 8
48 37
48 19
37 19
18 37
18 27
18 24
27 24
27 47
27 11
47 11
47 30
47 13
30 13
30 10
30 28
10 28
10 18
10 17
18 17
16 37
16 39
16 42
39 42
39 36
39 34
36 34
36 45
36 9
45 9
45 50
45 49
50 49
50 16
50 1
16 1
12 16
12 7
12 44
7 44
7 20
7 15
20 15
20 40
20 43
40 43
40 14
40 46
14 46
14 12
14 4
12 4
2 12
2 32
2 31
32 31
32 38
32 6
38 6
38 35
38 29
35 29
35 23
35 22
23 22
23 2
23 41
2 41
50 79
49 10
49 17
10 17
10 34
10 21
34 21
34 39
34 24
39 24
39 46
39 20
46 20
46 49
46 6
49 6
31 49
31 14
31 7
14 7
14 12
14 4
12 4
12 50
12 15
50 15
50 40
50 3
40 3
40 31
40 36
31 36
30 49
30 42
30 35
42 35
42 19
42 41
19 41
19 23
19 43
23 43
23 26
23 44
26 44
26 30
26 47
30 47
29 30
29 33
29 25
33 25
33 16
33 8
16 8
16 5
16 37
5 37
5 13
5 18
13 18
13 29
13 1
29 1
32 29
32 45
32 9
45 9
45 28
45 2
28 2
28 38
28 22
38 22
38 48
38 27
48 27
48 32
48 11
32 11
50 79
8 7
8 30
7 30
7 40
7 48
40 48
40 14
40 26
14 26
14 50
14 45
50 45
50 8
50 38
8 38
41 8
41 25
41 17
25 17
25 46
25 42
46 42
46 39
46 43
39 43
39 5
39 28
5 28
5 41
5 24
41 24
20 41
20 44
20 36
44 36
44 35
44 37
35 37
35 23
35 31
23 31
23 10
23 27
10 27
10 20
10 11
20 11
19 41
19 15
19 34
15 34
15 3
15 4
3 4
3 13
3 47
13 47
13 22
13 9
22 9
22 19
22 16
19 16
2 8
2 21
2 6
21 6
21 49
21 32
49 32
49 33
49 12
33 12
33 29
33 1
29 1
29 2
29 18
2 18
50 79
19 2
19 39
2 39
2 34
2 14
34 14
34 47
34 24
47 24
47 40
47 36
40 36
40 19
40 29
19 29
27 19
27 12
27 8
12 8
12 49
12 4
49 4
49 17
49 32
17 32
17 3
17 31
3 31
3 27
3 22
27 22
46 19
46 10
46 18
10 18
10 1
10 48
1 48
1 16
1 15
16 15
16 37
16 21
37 21
37 46
37 43
46 43
30 27
30 13
30 25
13 25
13 26
13 23
26 23
26 5
26 9
5 9
5 28
5 38
28 38
28 30
28 44
30 44
7 27
7 50
7 35
50 35
50 33
50 42
33 42
33 6
33 41
6 41
6 11
6 20
11 20
11 7
11 45
7 45
50 79
30 34
30 39
34 39
34 26
34 37
26 37
26 24
26 6
24 6
24 31
24 33
31 33
31 30
31 2
30 2
44 30
44 9
44 3
9 3
9 17
9 15
17 15
17 29
17 14
29 14
29 1
29 16
1 16
1 44
1 42
44 42
50 30
50 40
50 25
40 25
40 27
40 13
27 13
27 45
27 49
45 49
45 32
45 46
32 46
32 50
32 36
50 36
41 50
41 38
41 22
38 22
38 18
38 7
18 7
18 20
18 11
20 11
20 23
20 21
23 21
23 41
23 5
41 5
47 30
47 48
47 12
48 12
48 28
48 10
28 10
28 43
28 8
43 8
43 4
43 19
4 19
4 47
4 35
47 35
50 79
40 41
40 22
41 22
41 24
41 18
24 18
24 43
24 49
43 49
43 33
43 44
33 44
33 40
33 13
40 13
14 40
14 5
14 11
5 11
5 48
5 8
48 8
48 19
48 23
19 23
19 12
19 10
12 10
12 14
12 32
14 32
16 40
16 42
16 45
42 45
42 27
42 36
27 36
27 9
27 38
9 38
9 2
9 3
2 3
2 16
2 7
16 7
47 16
47 34
47 20
34 20
34 35
34 17
35 17
35 30
35 28
30 28
30 21
30 6
21 6
21 47
21 46
47 46
39 14
39 29
39 4
29 4
29 26
29 1
26 1
26 31
26 25
31 25
31 37
31 15
37 15
37 39
37 50
39 50
50 79
32 9
32 4
9 4
9 31
9 13
31 13
31 24
31 19
24 19
24 48
24 44
48 44
48 32
48 11
32 11
27 32
27 23
27 5
23 5
23 26
23 22
26 22
26 12
26 10
12 10
12 8
12 30
8 30
8 27
8 21
27 21
43 32
43 15
43 1
15 1
15 36
15 6
36 6
36 41
36 35
41 35
41 50
41 40
50 40
50 43
50 7
43 7
20 43
20 16
20 42
16 42
16 33
16 18
33 18
33 29
33 3
29 3
29 39
29 49
39 49
39 20
39 37
20 37
46 27
46 38
46 14
38 14
38 17
38 45
17 45
17 28
17 25
28 25
28 47
28 2
47 2
47 46
47 34
46 34
50 79
32 14
32 31
14 31
14 21
14 17
21 17
21 39
21 7
39 7
39 26
39 47
26 47
26 32
26 18
32 18
19 32
19 2
19 50
2 50
2 49
2 6
49 6
49 43
49 15
43 15
43 8
43 1
8 1
8 19
8 41
19 41
46 19
46 13
46 9
13 9
13 37
13 12
37 12
37 23
37 16
23 16
23 44
23 42
44 42
44 46
44 33
46 33
28 46
28 34
28 11
34 11
34 22
34 40
22 40
22 4
22 45
4 45
4 38
4 29
38 29
38 28
38 27
28 27
36 19
36 5
36 35
5 35
5 3
5 24
3 24
3 10
3 48
10 48
10 25
10 20
25 20
25 36
25 30
36 30
50 79
23 2
23 6
2 6
2 50
2 21
50 21
50 46
50 17
46 17
46 44
46 3
44 3
44 23
44 5
23 5
42 23
42 12
42 45
12 45
12 10
12 43
10 43
10 7
10 22
7 22
7 40
7 4
40 4
40 42
40 1
42 1
28 42
28 32
28 19
32 19
32 25
32 15
25 15
25 37
25 31
37 31
37 49
37 26
49 26
49 28
49 11
28 11
24 42
24 47
24 8
47 8
47 34
47 36
34 36
34 39
34 48
39 48
39 20
39 35
20 35
20 24
20 33
24 33
13 42
13 16
13 29
16 29
16 27
16 30
27 30
27 18
27 14
18 14
18 9
18 41
9 41
9 13
9 38
13 38
50 79
46 36
46 11
36 11
36 13
36 25
13 25
13 2
13 17
2 17
2 1
2 47
1 47
1 46
1 12
46 12
9 46
9 3
9 26
3 26
3 50
3 49
50 49
50 28
50 45
28 45
28 14
28 33
14 33
14 9
14 21
9 21
34 9
34 27
34 30
27 30
27 24
27 18
24 18
24 19
24 43
19 43
19 16
19 23
16 23
16 34
16 10
34 10
44 9
44 7
44 6
7 6
7 32
7 22
32 22
32 5
32 8
5 8
5 29
5 35
29 35
29 44
29 37
44 37
4 46
4 48
4 38
48 38
48 15
48 42
15 42
15 40
15 41
40 41
40 31
40 39
31 39
31 4
31 20
4 20
50 79
17 37
17 9
37 9
37 39
37 15
39 15
39 46
39 10
46 10
46 14
46 2
14 2
14 17
14 22
17 22
27 17
27 34
27 44
34 44
34 26
34 42
26 42
26 7
26 24
7 24
7 35
7 11
35 11
35 27
35 16
27 16
48 27
48 18
48 32
18 32
18 49
18 28
49 28
49 43
49 1
43 1
43 3
43 30
3 30
3 48
3 4
48 4
21 27
21 47
21 36
47 36
47 12
47 41
12 41
12 40
12 19
40 19
40 13
40 20
13 20
13 21
13 31
21 31
29 21
29 23
29 50
23 50
23 6
23 38
6 38
6 33
6 8
33 8
33 25
33 5
25 5
25 29
25 45
29 45
50 79
22 1
22 30
1 30
1 5
1 32
5 32
5 46
5 18
46 18
46 28
46 25
28 25
28 22
28 42
22 42
20 22
20 49
20 23
49 23
49 27
49 4
27 4
27 8
27 7
8 7
8 21
8 43
21 43
21 20
21 33
20 33
44 20
44 39
44 15
39 15
39 17
39 37
17 37
17 31
17 34
31 34
31 36
31 26
36 26
36 44
36 35
44 35
50 22
50 9
50 47
9 47
9 19
9 2
19 2
19 24
19 14
24 14
24 29
24 3
29 3
29 50
29 45
50 45
13 44
13 11
13 6
11 6
11 16
11 10
16 10
16 38
16 12
38 12
38 41
38 40
41 40
41 13
41 48
13 48
50 79
10 28
10 15
28 15
28 22
28 25
22 25
22 4
22 16
4 16
4 20
4 46
20 46
20 10
20 44
10 44
7 10
7 38
7 39
38 39
38 45
38 21
45 21
45 31
45 35
31 35
31 33
31 18
33 18
33 7
33 48
7 48
29 10
29 32
29 41
32 41
32 2
32 14
2 14
2 6
2 43
6 43
6 40
6 8
40 8
40 29
40 36
29 36
34 7
34 3
34 5
3 5
3 49
3 19
49 19
49 17
49 23
17 23
17 24
17 26
24 26
24 34
24 13
34 13
11 7
11 30
11 1
30 1
30 42
30 50
42 50
42 27
42 9
27 9
27 12
27 47
12 47
12 11
12 37
11 37
50 79
29 11
29 20
11 20
11 31
11 28
31 28
31 23
31 19
23 19
23 33
23 16
33 16
33 29
33 12
29 12
27 29
27 35
27 17
35 17
35 18
35 32
18 32
18 7
18 49
7 49
7 13
7 42
13 42
13 27
13 21
27 21
1 27
1 47
1 48
47 48
47 44
47 46
44 46
44 10
44 37
10 37
10 34
10 24
34 24
34 1
34 22
1 22
5 27
5 43
5 30
43 30
43 25
43 50
25 50
25 3
25 39
3 39
3 41
3 6
41 6
41 5
41 9
5 9
38 5
38 4
38 36
4 36
4 8
4 26
8 26
8 2
8 15
2 15
2 40
2 45
40 45
40 38
40 14
38 14
50 79
45 18
45 36
18 36
18 19
18 25
19 25
19 46
19 24
46 24
46 8
46 21
8 21
8 45
8 27
45 27
17 45
17 31
17 9
31 9
31 30
31 1
30 1
30 6
30 22
6 22
6 35
6 2
35 2
35 17
35 29
17 29
48 45
48 37
48 4
37 4
37 3
37 49
3 49
3 39
3 50
39 50
39 23
39 34
23 34
23 48
23 26
48 26
13 48
13 15
13 38
15 38
15 10
15 43
10 43
10 12
10 16
12 16
12 20
12 32
20 32
20 13
20 40
13 40
5 17
5 7
5 47
7 47
7 11
7 41
11 41
11 44
11 33
44 33
44 42
44 14
42 14
42 5
42 28
5 28
50 79
2 30
2 4
30 4
30 46
30 47
46 47
46 6
46 33
6 33
6 35
6 28
35 28
35 2
35 32
2 32
38 2
38 24
38 9
24 9
24 1
24 13
1 13
1 42
1 20
42 20
42 50
42 40
50 40
50 38
50 12
38 12
7 38
7 5
7 15
5 15
5 8
5 45
8 45
8 49
8 43
49 43
49 48
49 25
48 25
48 7
48 11
7 11
36 2
36 29
36 41
29 41
29 19
29 3
19 3
19 37
19 26
37 26
37 23
37 34
23 34
23 36
23 21
36 21
27 36
27 10
27 18
10 18
10 22
10 14
22 14
22 17
22 39
17 39
17 31
17 16
31 16
31 27
31 44
27 44
50 79
22 41
22 14
41 14
41 8
41 1
8 1
8 33
8 44
33 44
33 2
33 46
2 46
2 22
2 39
22 39
43 22
43 34
43 28
34 28
34 38
34 11
38 11
38 7
38 4
7 4
7 15
7 37
15 37
15 43
15 48
43 48
16 22
16 19
16 13
19 13
19 17
19 45
17 45
17 35
17 29
35 29
35 30
35 36
30 36
30 16
30 3
16 3
21 22
21 12
21 18
12 18
12 10
12 5
10 5
10 26
10 31
26 31
26 25
26 20
25 20
25 21
25 6
21 6
42 16
42 24
42 40
24 40
24 32
24 23
32 23
32 50
32 47
50 47
50 49
50 9
49 9
49 42
49 27
42 27
50 79
8 11
8 29
11 29
11 44
11 1
44 1
44 3
44 22
3 22
3 26
3 45
26 45
26 8
26 12
8 12
20 8
20 17
20 35
17 35
17 40
17 34
40 34
40 37
40 16
37 16
37 49
37 9
49 9
49 20
49 50
20 50
19 8
19 42
19 4
42 4
42 28
42 2
28 2
28 14
28 24
14 24
14 18
14 25
18 25
18 19
18 7
19 7
27 20
27 31
27 6
31 6
31 15
31 33
15 33
15 46
15 10
46 10
46 30
46 39
30 39
30 27
30 41
27 41
32 27
32 47
32 13
47 13
47 5
47 38
5 38
5 43
5 23
43 23
43 21
43 36
21 36
21 32
21 48
32 48
50 79
6 18
6 33
18 33
18 32
18 40
32 40
32 30
32 37
30 37
30 13
30 2
13 2
13 6
13 7
6 7
28 6
28 12
28 9
12 9
12 24
12 25
24 25
24 16
24 11
16 11
16 17
16 42
17 42
17 28
17 22
28 22
47 28
47 36
47 8
36 8
36 19
36 20
19 20
19 4
19 39
4 39
4 41
4 38
41 38
41 47
41 46
47 46
5 47
5 10
5 44
10 44
10 34
10 45
34 45
34 35
34 23
35 23
35 14
35 21
14 21
14 5
14 1
5 1
15 6
15 31
15 3
31 3
31 50
31 26
50 26
50 48
50 27
48 27
48 43
48 49
43 49
43 15
43 29
15 29
50 79
30 17
30 19
17 19
17 50
17 24
50 24
50 27
50 1
27 1
27 2
27 49
2 49
2 30
2 31
30 31
7 30
7 25
7 35
25 35
25 48
25 18
48 18
48 26
48 37
26 37
26 39
26 44
39 44
39 7
39 29
7 29
8 7
8 38
8 36
38 36
38 32
38 47
32 47
32 43
32 41
43 41
43 34
43 15
34 15
34 8
34 12
8 12
28 8
28 42
28 40
42 40
42 23
42 11
23 11
23 9
23 46
9 46
9 3
9 13
3 13
3 28
3 21
28 21
6 28
6 22
6 16
22 16
22 5
22 45
5 45
5 4
5 14
4 14
4 33
4 20
33 20
33 6
33 10
6 10
50 79
39 19
39 48
19 48
19 45
19 20
45 20
45 7
45 2
7 2
7 26
7 1
26 1
26 39
26 34
39 34
16 39
16 43
16 18
43 18
43 46
43 29
46 29
46 38
46 10
38 10
38 42
38 47
42 47
42 16
42 36
16 36
5 39
5 44
5 33
44 33
44 8
44 13
8 13
8 3
8 22
3 22
3 30
3 25
30 25
30 5
30 12
5 12
14 39
14 41
14 6
41 6
41 40
41 23
40 23
40 32
40 24
32 24
32 31
32 11
31 11
31 14
31 9
14 9
15 5
15 28
15 35
28 35
28 17
28 21
17 21
17 4
17 49
4 49
4 27
4 50
27 50
27 15
27 37
15 37
50 79
50 44
50 37
44 37
44 48
44 9
48 9
48 42
48 20
42 20
42 1
42 3
1 3
1 50
1 18
50 18
16 50
16 21
16 5
21 5
21 11
21 28
11 28
11 4
11 13
4 13
4 40
4 26
40 26
40 16
40 8
16 8
38 16
38 41
38 33
41 33
41 7
41 27
7 27
7 43
7 23
43 23
43 47
43 31
47 31
47 38
47 36
38 36
34 16
34 49
34 17
49 17
49 2
49 46
2 46
2 19
2 6
19 6
19 29
19 24
29 24
29 34
29 35
34 35
15 38
15 10
15 30
10 30
10 14
10 22
14 22
14 25
14 32
25 32
25 39
25 45
39 45
39 15
39 12
15 12
50 79
42 2
42 36
2 36
2 15
2 21
15 21
15 12
15 45
12 45
12 14
12 34
14 34
14 42
14 37
42 37
17 42
17 43
17 38
43 38
43 18
43 47
18 47
18 28
18 9
28 9
28 1
28 24
1 24
1 17
1 31
17 31
25 17
25 44
25 6
44 6
44 39
44 49
39 49
39 20
39 50
20 50
20 5
20 35
5 35
5 25
5 48
25 48
3 17
3 41
3 7
41 7
41 23
41 11
23 11
23 22
23 10
22 10
22 19
22 13
19 13
19 3
19 30
3 30
8 17
8 33
8 29
33 29
33 40
33 26
40 26
40 46
40 32
46 32
46 4
46 16
4 16
4 8
4 27
8 27
50 79
47 3
47 15
3 15
3 36
3 40
36 40
36 14
36 27
14 27
14 20
14 18
20 18
20 47
20 4
47 4
37 47
37 12
37 49
12 49
12 30
12 39
30 39
30 24
30 44
24 44
24 46
24 11
46 11
46 37
46 2
37 2
13 37
13 45
13 10
45 10
45 34
45 50
34 50
34 41
34 17
41 17
41 16
41 9
16 9
16 13
16 22
13 22
6 13
6 29
6 43
29 43
29 32
29 5
32 5
32 23
32 8
23 8
23 19
23 33
19 33
19 6
19 31
6 31
48 6
48 1
48 42
1 42
1 7
1 38
7 38
7 26
7 28
26 28
26 25
26 21
25 21
25 48
25 35
48 35
50 79
39 31
39 2
31 2
31 12
31 37
12 37
12 41
12 42
41 42
41 36
41 28
36 28
36 39
36 46
39 46
33 39
33 20
33 25
20 25
20 4
20 17
4 17
4 49
4 14
49 14
49 13
49 10
13 10
13 33
13 16
33 16
38 33
38 48
38 11
48 11
48 7
48 9
7 9
7 6
7 24
6 24
6 43
6 34
43 34
43 38
43 3
38 3
19 38
19 50
19 21
50 21
50 1
50 29
1 29
1 45
1 22
45 22
45 18
45 30
18 30
18 19
18 40
19 40
26 39
26 23
26 27
23 27
23 8
23 32
8 32
8 44
8 35
44 35
44 15
44 5
15 5
15 26
15 47
26 47
50 79
5 29
5 30
29 30
29 23
29 9
23 9
23 2
23 14
2 14
2 38
2 45
38 45
38 5
38 39
5 39
12 5
12 16
12 17
16 17
16 21
16 11
21 11
21 28
21 49
28 49
28 43
28 6
43 6
43 12
43 24
12 24
15 12
15 48
15 18
48 18
48 3
48 32
3 32
3 47
3 8
47 8
47 36
47 44
36 44
36 15
36 50
15 50
10 15
10 37
10 41
37 41
37 34
37 20
34 20
34 25
34 31
25 31
25 42
25 7
42 7
42 10
42 19
10 19
26 5
26 40
26 35
40 35
40 27
40 33
27 33
27 22
27 46
22 46
22 4
22 13
4 13
4 26
4 1
26 1
50 79
27 31
27 12
31 12
31 22
31 6
22 6
22 43
22 29
43 29
43 1
43 34
1 34
1 27
1 25
27 25
41 27
41 7
41 15
7 15
7 13
7 14
13 14
13 17
13 45
17 45
17 8
17 16
8 16
8 41
8 30
41 30
21 27
21 5
21 35
5 35
5 36
5 10
36 10
36 20
36 19
20 19
20 42
20 2
42 2
42 21
42 39
21 39
24 21
24 4
24 33
4 33
4 46
4 38
46 38
46 11
46 44
11 44
11 23
11 28
23 28
23 24
23 3
24 3
32 27
32 47
32 49
47 49
47 50
47 9
50 9
50 18
50 40
18 40
18 48
18 26
48 26
48 32
48 37
32 37
50 79
11 22
11 47
22 47
22 49
22 13
49 13
49 33
49 38
33 38
33 19
33 17
19 17
19 11
19 32
11 32
14 11
14 3
14 41
3 41
3 24
3 4
24 4
24 25
24 21
25 21
25 43
25 12
43 12
43 14
43 46
14 46
45 11
45 10
45 20
10 20
10 31
10 1
31 1
31 28
31 37
28 37
28 35
28 23
35 23
35 45
35 48
45 48
6 14
6 30
6 9
30 9
30 2
30 5
2 5
2 7
2 40
7 40
7 44
7 16
44 16
44 6
44 42
6 42
29 6
29 27
29 36
27 36
27 26
27 8
26 8
26 39
26 50
39 50
39 15
39 34
15 34
15 29
15 18
29 18
50 79
3 1
3 45
1 45
1 13
1 29
13 29
13 44
13 4
44 4
44 40
44 32
40 32
40 3
40 12
3 12
28 3
28 21
28 46
21 46
21 20
21 48
20 48
20 41
20 27
41 27
41 25
41 22
25 22
25 28
25 35
28 35
5 3
5 33
5 19
33 19
33 34
33 16
34 16
34 36
34 11
36 11
36 14
36 39
14 39
14 5
14 24
5 24
18 3
18 37
18 26
37 26
37 9
37 43
9 43
9 2
9 23
2 23
2 8
2 7
8 7
8 18
8 17
18 17
15 5
15 42
15 49
42 49
42 31
42 6
31 6
31 50
31 38
50 38
50 47
50 30
47 30
47 15
47 10
15 10
50 79
19 37
19 43
37 43
37 4
37 28
4 28
4 34
4 47
34 47
34 23
34 50
23 50
23 19
23 35
19 35
11 19
11 5
11 15
5 15
5 14
5 49
14 49
14 8
14 32
8 32
8 1
8 41
1 41
1 11
1 31
11 31
29 11
29 7
29 33
7 33
7 20
7 17
20 17
20 22
20 42
22 42
22 12
22 30
12 30
12 29
12 6
29 6
27 29
27 45
27 48
45 48
45 10
45 2
10 2
10 39
10 24
39 24
39 40
39 44
40 44
40 27
40 25
27 25
36 11
36 9
36 18
9 18
9 3
9 38
3 38
3 21
3 16
21 16
21 26
21 46
26 46
26 36
26 13
36 13
50 79
43 42
43 13
42 13
42 16
42 22
16 22
16 38
16 11
38 11
38 24
38 15
24 15
24 43
24 12
43 12
45 43
45 25
45 37
25 37
25 26
25 18
26 18
26 28
26 41
28 41
28 39
28 9
39 9
39 45
39 17
45 17
5 43
5 1
5 7
1 7
1 2
1 20
2 20
2 46
2 32
46 32
46 35
46 31
35 31
35 5
35 34
5 34
3 43
3 30
3 8
30 8
30 50
30 40
50 40
50 19
50 44
19 44
19 14
19 4
14 4
14 3
14 21
3 21
23 5
23 36
23 48
36 48
36 27
36 10
27 10
27 49
27 29
49 29
49 33
49 47
33 47
33 23
33 6
23 6
50 79
44 48
44 11
48 11
48 19
48 49
19 49
19 37
19 14
37 14
37 21
37 3
21 3
21 44
21 7
44 7
43 44
43 38
43 15
38 15
38 32
38 41
32 41
32 24
32 33
24 33
24 8
24 29
8 29
8 43
8 25
43 25
36 44
36 5
36 28
5 28
5 42
5 23
42 23
42 1
42 18
1 18
1 26
1 35
26 35
26 36
26 22
36 22
27 43
27 47
27 31
47 31
47 45
47 13
45 13
45 17
45 2
17 2
17 34
17 30
34 30
34 27
34 6
27 6
12 36
12 10
12 16
10 16
10 46
10 40
46 40
46 4
46 20
4 20
4 39
4 50
39 50
39 12
39 9
12 9
50 79
38 32
38 5
32 5
32 10
32 40
10 40
10 25
10 36
25 36
25 19
25 8
19 8
19 38
19 14
38 14
17 38
17 2
17 33
2 33
2 30
2 20
30 20
30 18
30 41
18 41
18 47
18 6
47 6
47 17
47 27
17 27
21 38
21 28
21 24
28 24
28 39
28 29
39 29
39 26
39 34
26 34
26 22
26 12
22 12
22 21
22 43
21 43
49 38
49 23
49 16
23 16
23 15
23 42
15 42
15 44
15 9
44 9
44 48
44 11
48 11
48 49
48 37
49 37
35 38
35 13
35 46
13 46
13 45
13 4
45 4
45 3
45 7
3 7
3 50
3 31
50 31
50 35
50 1
35 1
50 79
10 43
10 37
43 37
43 27
43 5
27 5
27 3
27 46
3 46
3 26
3 34
26 34
26 10
26 39
10 39
23 10
23 30
23 1
30 1
30 48
30 44
48 44
48 28
48 22
28 22
28 24
28 19
24 19
24 23
24 38
23 38
33 23
33 2
33 14
2 14
2 18
2 35
18 35
18 16
18 13
16 13
16 11
16 9
11 9
11 33
11 25
33 25
45 10
45 7
45 40
7 40
7 12
7 50
12 50
12 29
12 36
29 36
29 49
29 21
49 21
49 45
49 47
45 47
6 33
6 20
6 42
20 42
20 41
20 15
41 15
41 8
41 4
8 4
8 17
8 32
17 32
17 6
17 31
6 31
50 79
25 13
25 19
13 19
13 41
13 44
41 44
41 22
41 7
22 7
22 48
22 11
48 11
48 25
48 43
25 43
20 25
20 2
20 24
2 24
2 45
2 29
45 29
45 46
45 18
46 18
46 1
46 10
1 10
1 20
1 15
20 15
30 25
30 34
30 37
34 37
34 33
34 17
33 17
33 50
33 5
50 5
50 21
50 47
21 47
21 30
21 16
30 16
4 25
4 3
4 39
3 39
3 14
3 23
14 23
14 8
14 12
8 12
8 35
8 36
35 36
35 4
35 49
4 49
9 30
9 6
9 28
6 28
6 38
6 42
38 42
38 31
38 40
31 40
31 26
31 32
26 32
26 9
26 27
9 27
50 79
25 22
25 43
22 43
22 32
22 10
32 10
32 18
32 12
18 12
18 50
18 3
50 3
50 25
50 28
25 28
40 25
40 36
40 48
36 48
36 1
36 23
1 23
1 17
1 24
17 24
17 21
17 6
21 6
21 40
21 15
40 15
8 40
8 4
8 9
4 9
4 45
4 27
45 27
45 26
45 46
26 46
26 42
26 47
42 47
42 8
42 2
8 2
33 40
33 34
33 30
34 30
34 29
34 44
29 44
29 14
29 49
14 49
14 38
14 41
38 41
38 33
38 19
33 19
16 40
16 11
16 35
11 35
11 37
11 13
37 13
37 31
37 7
31 7
31 5
31 20
5 20
5 16
5 39
16 39
50 79
17 40
17 9
40 9
40 7
40 30
7 30
7 3
7 4
3 4
3 33
3 43
33 43
33 17
33 22
17 22
45 17
45 44
45 15
44 15
44 11
44 47
11 47
11 13
11 32
13 32
13 16
13 49
16 49
16 45
16 29
45 29
42 45
42 23
42 8
23 8
23 28
23 37
28 37
28 20
28 34
20 34
20 18
20 48
18 48
18 42
18 27
42 27
2 17
2 31
2 10
31 10
31 50
31 1
50 1
50 5
50 46
5 46
5 12
5 6
12 6
12 2
12 39
2 39
35 42
35 14
35 26
14 26
14 19
14 41
19 41
19 24
19 38
24 38
24 36
24 25
36 25
36 35
36 21
35 21
50 79
3 8
3 31
8 31
8 2
8 45
2 45
2 1
2 37
1 37
1 46
1 43
46 43
46 3
46 33
3 33
40 3
40 48
40 17
48 17
48 23
48 49
23 49
23 12
23 32
12 32
12 11
12 7
11 7
11 40
11 27
40 27
15 40
15 10
15 24
10 24
10 13
10 44
13 44
13 42
13 6
42 6
42 4
42 25
4 25
4 15
4 20
15 20
22 3
22 19
22 47
19 47
19 16
19 29
16 29
16 30
16 9
30 9
30 34
30 18
34 18
34 22
34 38
22 38
35 22
35 41
35 50
41 50
41 36
41 28
36 28
36 14
36 39
14 39
14 21
14 26
21 26
21 35
21 5
35 5
50 79
20 45
20 22
45 22
45 1
45 13
1 13
1 38
1 9
38 9
38 36
38 21
36 21
36 20
36 41
20 41
39 20
39 2
39 7
2 7
2 6
2 17
6 17
6 14
6 30
14 30
14 37
14 47
37 47
37 39
37 34
39 34
50 20
50 19
50 4
19 4
19 25
19 40
25 40
25 11
25 31
11 31
11 8
11 42
8 42
8 50
8 18
50 18
49 39
49 27
49 26
27 26
27 5
27 3
5 3
5 28
5 10
28 10
28 32
28 43
32 43
32 49
32 15
49 15
16 39
16 35
16 33
35 33
35 44
35 48
44 48
44 46
44 24
46 24
46 12
46 29
12 29
12 16
12 23
16 23
50 79
15 27
15 9
27 9
27 34
27 25
34 25
34 49
34 44
49 44
49 50
49 2
50 2
50 15
50 18
15 18
42 15
42 29
42 23
29 23
29 13
29 26
13 26
13 31
13 24
31 24
31 1
31 21
1 21
1 42
1 47
42 47
11 42
11 10
11 5
10 5
10 8
10 48
8 48
8 37
8 46
37 46
37 30
37 6
30 6
30 11
30 14
11 14
28 15
28 19
28 32
19 32
19 39
19 41
39 41
39 35
39 43
35 43
35 45
35 36
45 36
45 28
45 38
28 38
3 42
3 20
3 12
20 12
20 17
20 4
17 4
17 7
17 33
7 33
7 40
7 16
40 16
40 3
40 22
3 22
50 79
19 42
19 23
42 23
42 35
42 20
35 20
35 14
35 29
14 29
14 44
14 5
44 5
44 19
44 38
19 38
21 19
21 28
21 8
28 8
28 15
28 12
15 12
15 11
15 16
11 16
11 24
11 37
24 37
24 21
24 31
21 31
49 21
49 27
49 39
27 39
27 7
27 33
7 33
7 40
7 47
40 47
40 43
40 25
43 25
43 49
43 34
49 34
22 19
22 1
22 13
1 13
1 41
1 46
41 46
41 36
41 48
36 48
36 30
36 18
30 18
30 22
30 4
22 4
45 49
45 9
45 32
9 32
9 50
9 6
50 6
50 26
50 3
26 3
26 2
26 10
2 10
2 45
2 17
45 17
50 79
15 42
15 13
42 13
42 37
42 30
37 30
37 1
37 8
1 8
1 33
1 48
33 48
33 15
33 49
15 49
11 15
11 6
11 18
6 18
6 21
6 34
21 34
21 40
21 47
40 47
40 38
40 2
38 2
38 11
38 3
11 3
50 15
50 12
50 9
12 9
12 32
12 43
32 43
32 22
32 31
22 31
22 16
22 17
16 17
16 50
16 41
50 41
10 50
10 45
10 4
45 4
45 39
45 23
39 23
39 44
39 46
44 46
44 5
44 36
5 36
5 10
5 25
10 25
28 11
28 35
28 24
35 24
35 29
35 20
29 20
29 19
29 27
19 27
19 14
19 7
14 7
14 28
14 26
28 26
50 79
42 37
42 27
37 27
37 18
37 38
18 38
18 13
18 19
13 19
13 2
13 34
2 34
2 42
2 20
42 20
12 42
12 47
12 43
47 43
47 32
47 25
32 25
32 5
32 28
5 28
5 30
5 44
30 44
30 12
30 45
12 45
21 42
21 24
21 8
24 8
24 10
24 9
10 9
10 22
10 41
22 41
22 3
22 50
3 50
3 21
3 49
21 49
31 21
31 26
31 46
26 46
26 17
26 1
17 1
17 23
17 15
23 15
23 11
23 29
11 29
11 31
11 35
31 35
4 31
4 48
4 7
48 7
48 36
48 40
36 40
36 39
36 6
39 6
39 33
39 16
33 16
33 4
33 14
4 14
50 79
30 46
30 34
46 34
46 2
46 7
2 7
2 20
2 9
20 9
20 35
20 41
35 41
35 30
35 16
30 16
42 30
42 23
42 48
23 48
23 29
23 43
29 43
29 28
29 12
28 12
28 22
28 26
22 26
22 42
22 27
42 27
44 42
44 45
44 50
45 50
45 19
45 15
19 15
19 40
19 18
40 18
40 36
40 10
36 10
36 44
36 39
44 39
24 44
24 3
24 13
3 13
3 37
3 38
37 38
37 4
37 5
4 5
4 21
4 11
21 11
21 24
21 47
24 47
32 44
32 8
32 17
8 17
8 49
8 31
49 31
49 1
49 25
1 25
1 14
1 6
14 6
14 32
14 33
32 33
50 79
37 36
37 26
36 26
36 38
36 25
38 25
38 17
38 28
17 28
17 50
17 46
50 46
50 37
50 40
37 40
29 37
29 32
29 20
32 20
32 48
32 35
48 35
48 41
48 19
41 19
41 4
41 10
4 10
4 29
4 7
29 7
24 29
24 42
24 27
42 27
42 45
42 49
45 49
45 14
45 2
14 2
14 9
14 21
9 21
9 24
9 11
24 11
22 24
22 44
22 8
44 8
44 15
44 13
15 13
15 34
15 18
34 18
34 5
34 43
5 43
5 22
5 12
22 12
39 24
39 31
39 1
31 1
31 23
31 33
23 33
23 30
23 3
30 3
30 6
30 47
6 47
6 39
6 16
39 16
50 79
23 4
23 18
4 18
4 6
4 42
6 42
6 28
6 17
28 17
28 2
28 38
2 38
2 23
2 10
23 10
30 23
30 31
30 50
31 50
31 9
31 25
9 25
9 37
9 36
37 36
37 46
37 33
46 33
46 30
46 14
30 14
3 23
3 20
3 12
20 12
20 45
20 48
45 48
45 16
45 5
16 5
16 22
16 44
22 44
22 3
22 34
3 34
7 30
7 24
7 19
24 19
24 47
24 40
47 40
47 8
47 13
8 13
8 11
8 26
11 26
11 7
11 41
7 41
49 23
49 15
49 43
15 43
15 27
15 35
27 35
27 32
27 39
32 39
32 21
32 1
21 1
21 49
21 29
49 29
50 79
32 24
32 1
24 1
24 12
24 28
12 28
12 25
12 41
25 41
25 2
25 34
2 34
2 32
2 33
32 33
30 32
30 10
30 46
10 46
10 19
10 15
19 15
19 42
19 35
42 35
42 36
42 27
36 27
36 30
36 49
30 49
23 32
23 3
23 43
3 43
3 50
3 5
50 5
50 44
50 7
44 7
44 26
44 6
26 6
26 23
26 4
23 4
9 23
9 37
9 48
37 48
37 45
37 38
45 38
45 20
45 39
20 39
20 17
20 11
17 11
17 9
17 16
9 16
47 30
47 13
47 21
13 21
13 22
13 40
22 40
22 14
22 31
14 31
14 18
14 8
18 8
18 47
18 29
47 29
50 79
18 9
18 35
9 35
9 2
9 39
2 39
2 41
2 8
41 8
41 1
41 48
1 48
1 18
1 12
18 12
24 18
24 16
24 50
16 50
16 31
16 14
31 14
31 25
31 6
25 6
25 15
25 32
15 32
15 24
15 40
24 40
36 24
36 45
36 13
45 13
45 5
45 28
5 28
5 7
5 11
7 11
7 27
7 33
27 33
27 36
27 47
36 47
46 18
46 34
46 20
34 20
34 3
34 37
3 37
3 38
3 19
38 19
38 43
38 26
43 26
43 46
43 44
46 44
23 46
23 49
23 30
49 30
49 10
49 29
10 29
10 22
10 4
22 4
22 21
22 42
21 42
21 23
21 17
23 17
50 79
24 3
24 23
3 23
3 49
3 12
49 12
49 6
49 25
6 25
6 47
6 45
47 45
47 24
47 21
24 21
29 24
29 22
29 2
22 2
22 46
22 4
46 4
46 13
46 50
13 50
13 39
13 32
39 32
39 29
39 34
29 34
14 29
14 27
14 31
27 31
27 18
27 20
18 20
18 48
18 19
48 19
48 42
48 28
42 28
42 14
42 16
14 16
43 14
43 5
43 41
5 41
5 33
5 38
33 38
33 40
33 10
40 10
40 1
40 15
1 15
1 43
1 17
43 17
30 14
30 37
30 11
37 11
37 8
37 44
8 44
8 35
8 7
35 7
35 26
35 36
26 36
26 30
26 9
30 9
50 79
47 4
47 17
4 17
4 50
4 39
50 39
50 15
50 20
15 20
15 29
15 1
29 1
29 47
29 19
47 19
48 47
48 41
48 33
41 33
41 13
41 2
13 2
13 8
13 9
8 9
8 49
8 35
49 35
49 48
49 28
48 28
43 47
43 36
43 18
36 18
36 21
36 27
21 27
21 14
21 32
14 32
14 31
14 12
31 12
31 43
31 22
43 22
42 48
42 10
42 5
10 5
10 38
10 24
38 24
38 16
38 11
16 11
16 37
16 34
37 34
37 42
37 40
42 40
26 42
26 6
26 46
6 46
6 25
6 45
25 45
25 7
25 3
7 3
7 30
7 44
30 44
30 26
30 23
26 23
50 79
32 6
32 9
6 9
6 13
6 22
13 22
13 35
13 16
35 16
35 39
35 18
39 18
39 32
39 36
32 36
49 32
49 41
49 21
41 21
41 48
41 31
48 31
48 11
48 4
11 4
11 46
11 1
46 1
46 49
46 33
49 33
30 32
30 37
30 50
37 50
37 25
37 15
25 15
25 29
25 7
29 7
29 3
29 26
3 26
3 30
3 44
30 44
5 32
5 45
5 19
45 19
45 17
45 12
17 12
17 14
17 20
14 20
14 47
14 34
47 34
47 5
47 27
5 27
2 30
2 38
2 43
38 43
38 28
38 8
28 8
28 10
28 40
10 40
10 42
10 23
42 23
42 2
42 24
2 24
50 79
1 3
1 47
3 47
3 16
3 15
16 15
16 36
16 4
36 4
36 7
36 42
7 42
7 1
7 14
1 14
6 1
6 23
6 13
23 13
23 25
23 18
25 18
25 28
25 17
28 17
28 31
28 43
31 43
31 6
31 22
6 22
46 6
46 44
46 40
44 40
44 26
44 8
26 8
26 41
26 34
41 34
41 50
41 2
50 2
50 46
50 30
46 30
37 6
37 21
37 20
21 20
21 11
21 5
11 5
11 33
11 32
33 32
33 29
33 12
29 12
29 37
29 38
37 38
24 1
24 10
24 49
10 49
10 39
10 45
39 45
39 9
39 19
9 19
9 48
9 35
48 35
48 24
48 27
24 27
50 79
15 12
15 43
12 43
12 23
12 3
23 3
23 39
23 33
39 33
39 47
39 41
47 41
47 15
47 24
15 24
7 15
7 35
7 49
35 49
35 48
35 38
48 38
48 13
48 1
13 1
13 50
13 36
50 36
50 7
50 34
7 34
8 7
8 11
8 42
11 42
11 20
11 4
20 4
20 25
20 18
25 18
25 2
25 26
2 26
2 8
2 27
8 27
10 15
10 32
10 44
32 44
32 16
32 21
16 21
16 30
16 31
30 31
30 37
30 40
37 40
37 10
37 6
10 6
45 7
45 46
45 28
46 28
46 9
46 5
9 5
9 29
9 19
29 19
29 22
29 14
22 14
22 45
22 17
45 17
50 79
22 49
22 47
49 47
49 15
49 7
15 7
15 23
15 44
23 44
23 48
23 42
48 42
48 22
48 40
22 40
37 22
37 6
37 34
6 34
6 39
6 24
39 24
39 10
39 13
10 13
10 43
10 4
43 4
43 37
43 12
37 12
20 22
20 31
20 28
31 28
31 29
31 14
29 14
29 25
29 27
25 27
25 41
25 3
41 3
41 20
41 8
20 8
18 22
18 11
18 5
11 5
11 19
11 16
19 16
19 26
19 1
26 1
26 33
26 17
33 17
33 18
33 9
18 9
32 18
32 38
32 21
38 21
38 30
38 35
30 35
30 36
30 46
36 46
36 45
36 2
45 2
45 32
45 50
32 50
50 79
44 5
44 2
5 2
5 13
5 4
13 4
13 45
13 42
45 42
45 39
45 19
39 19
39 44
39 10
44 10
23 44
23 21
23 24
21 24
21 47
21 9
47 9
47 36
47 35
36 35
36 20
36 14
20 14
20 23
20 25
23 25
32 23
32 41
32 48
41 48
41 30
41 6
30 6
30 37
30 11
37 11
37 8
37 31
8 31
8 32
8 1
32 1
46 32
46 50
46 18
50 18
50 28
50 3
28 3
28 26
28 40
26 40
26 12
26 33
12 33
12 46
12 27
46 27
17 32
17 22
17 29
22 29
22 43
22 49
43 49
43 16
43 7
16 7
16 34
16 38
34 38
34 17
34 15
17 15
50 79
16 40
16 7
40 7
40 50
40 13
50 13
50 23
50 34
23 34
23 6
23 2
6 2
6 16
6 8
16 8
18 16
18 26
18 27
26 27
26 22
26 41
22 41
22 33
22 49
33 49
33 14
33 46
14 46
14 18
14 17
18 17
24 16
24 47
24 39
47 39
47 35
47 21
35 21
35 29
35 30
29 30
29 15
29 28
15 28
15 24
15 12
24 12
10 18
10 20
10 5
20 5
20 19
20 32
19 32
19 44
19 48
44 48
44 37
44 43
37 43
37 10
37 38
10 38
3 10
3 11
3 31
11 31
11 45
11 42
45 42
45 36
45 25
36 25
36 9
36 1
9 1
9 3
9 4
3 4
50 79
11 50
11 35
50 35
50 23
50 15
23 15
23 3
23 24
3 24
3 13
3 32
13 32
13 11
13 33
11 33
49 11
49 5
49 8
5 8
5 28
5 7
28 7
28 39
28 9
39 9
39 27
39 22
27 22
27 49
27 38
49 38
20 11
20 36
20 30
36 30
36 42
36 12
42 12
42 43
42 29
43 29
43 6
43 14
6 14
6 20
6 21
20 21
45 49
45 10
45 40
10 40
10 2
10 47
2 47
2 19
2 44
19 44
19 37
19 16
37 16
37 45
37 31
45 31
34 20
34 17
34 26
17 26
17 41
17 46
41 46
41 1
41 4
1 4
1 18
1 48
18 48
18 34
18 25
34 25
50 79
49 45
49 38
45 38
45 5
45 29
5 29
5 36
5 48
36 48
36 44
36 39
44 39
44 49
44 4
49 4
50 49
50 1
50 17
1 17
1 18
1 22
18 22
18 9
18 42
9 42
9 11
9 23
11 23
11 50
11 19
50 19
14 49
14 2
14 28
2 28
2 6
2 40
6 40
6 31
6 33
31 33
31 15
31 26
15 26
15 14
15 35
14 35
7 14
7 3
7 43
3 43
3 37
3 20
37 20
37 10
37 32
10 32
10 16
10 47
16 47
16 7
16 30
7 30
41 49
41 46
41 13
46 13
46 27
46 12
27 12
27 24
27 8
24 8
24 25
24 21
25 21
25 41
25 34
41 34
50 79
44 9
44 41
9 41
9 25
9 2
25 2
25 12
25 48
12 48
12 1
12 23
1 23
1 44
1 6
44 6
43 44
43 4
43 34
4 34
4 13
4 19
13 19
13 35
13 14
35 14
35 50
35 27
50 27
50 43
50 18
43 18
10 44
10 28
10 24
28 24
28 39
28 37
39 37
39 7
39 5
7 5
7 8
7 47
8 47
8 10
8 31
10 31
33 44
33 15
33 36
15 36
15 20
15 17
20 17
20 40
20 45
40 45
40 30
40 49
30 49
30 33
30 11
33 11
32 33
32 42
32 46
42 46
42 3
42 29
3 29
3 38
3 16
38 16
38 26
38 22
26 22
26 32
26 21
32 21
50 79
1 19
1 18
19 18
19 34
19 44
34 44
34 4
34 27
4 27
4 37
4 49
37 49
37 1
37 40
1 40
8 1
8 47
8 38
47 38
47 25
47 50
25 50
25 14
25 7
14 7
14 29
14 17
29 17
29 8
29 3
8 3
39 1
39 12
39 2
12 2
12 16
12 48
16 48
16 13
16 5
13 5
13 10
13 30
10 30
10 39
10 15
39 15
26 1
26 42
26 36
42 36
42 35
42 41
35 41
35 20
35 31
20 31
20 33
20 11
33 11
33 26
33 43
26 43
6 26
6 46
6 24
46 24
46 21
46 28
21 28
21 45
21 23
45 23
45 32
45 9
32 9
32 6
32 22
6 22
50 79
18 31
18 42
31 42
31 22
31 4
22 4
22 23
22 32
23 32
23 48
23 19
48 19
48 18
48 6
18 6
38 18
38 35
38 20
35 20
35 29
35 46
29 46
29 50
29 21
50 21
50 45
50 43
45 43
45 38
45 15
38 15
5 38
5 40
5 49
40 49
40 30
40 28
30 28
30 27
30 13
27 13
27 39
27 47
39 47
39 5
39 8
5 8
14 5
14 37
14 17
37 17
37 33
37 7
33 7
33 25
33 16
25 16
25 26
25 1
26 1
26 14
26 24
14 24
36 5
36 3
36 41
3 41
3 9
3 10
9 10
9 11
9 44
11 44
11 12
11 34
12 34
12 36
12 2
36 2
50 79
16 30
16 8
30 8
30 49
30 21
49 21
49 34
49 26
34 26
34 32
34 10
32 10
32 16
32 50
16 50
9 16
9 18
9 29
18 29
18 12
18 33
12 33
12 44
12 1
44 1
44 31
44 5
31 5
31 9
31 43
9 43
40 16
40 6
40 15
6 15
6 19
6 46
19 46
19 17
19 28
17 28
17 42
17 14
42 14
42 40
42 41
40 41
22 9
22 11
22 3
11 3
11 38
11 27
38 27
38 36
38 47
36 47
36 35
36 23
35 23
35 22
35 20
22 20
45 40
45 7
45 13
7 13
7 24
7 2
24 2
24 48
24 25
48 25
48 39
48 4
39 4
39 45
39 37
45 37
50 79
44 46
44 5
46 5
46 40
46 47
40 47
40 17
40 24
17 24
17 8
17 49
8 49
8 44
8 19
44 19
28 44
28 39
28 4
39 4
39 29
39 18
29 18
29 34
29 7
34 7
34 20
34 11
20 11
20 28
20 1
28 1
35 44
35 37
35 2
37 2
37 9
37 15
9 15
9 16
9 13
16 13
16 12
16 33
12 33
12 35
12 31
35 31
6 44
6 3
6 32
3 32
3 23
3 45
23 45
23 26
23 41
26 41
26 50
26 38
50 38
50 6
50 36
6 36
10 35
10 30
10 25
30 25
30 21
30 22
21 22
21 43
21 27
43 27
43 42
43 48
42 48
42 10
42 14
10 14
50 79
31 35
31 2
35 2
35 32
35 17
32 17
32 3
32 36
3 36
3 41
3 42
41 42
41 31
41 38
31 38
24 31
24 10
24 7
10 7
10 44
10 16
44 16
44 11
44 1
11 1
11 5
11 46
5 46
5 24
5 19
24 19
20 31
20 27
20 29
27 29
27 40
27 34
40 34
40 8
40 4
8 4
8 6
8 18
6 18
6 20
6 14
20 14
28 31
28 37
28 33
37 33
37 9
37 13
9 13
9 50
9 12
50 12
50 47
50 22
47 22
47 28
47 43
28 43
21 28
21 30
21 25
30 25
30 39
30 23
39 23
39 26
39 15
26 15
26 48
26 45
48 45
48 21
48 49
21 49
50 79
13 26
13 33
26 33
26 3
26 22
3 22
3 32
3 28
32 28
32 10
32 40
10 40
10 13
10 19
13 19
9 13
9 5
9 36
5 36
5 16
5 35
16 35
16 14
16 8
14 8
14 44
14 49
44 49
44 9
44 21
9 21
18 9
18 45
18 47
45 47
45 41
45 48
41 48
41 7
41 11
7 11
7 31
7 39
31 39
31 18
31 37
18 37
12 9
12 38
12 23
38 23
38 43
38 29
43 29
43 50
43 30
50 30
50 15
50 42
15 42
15 12
15 17
12 17
46 18
46 1
46 34
1 34
1 27
1 2
27 2
27 20
27 25
20 25
20 6
20 24
6 24
6 46
6 4
46 4
50 79
45 15
45 29
15 29
15 2
15 8
2 8
2 35
2 32
35 32
35 40
35 6
40 6
40 45
40 18
45 18
17 45
17 22
17 24
22 24
22 19
22 30
19 30
19 39
19 1
39 1
39 34
39 28
34 28
34 17
34 36
17 36
20 45
20 27
20 41
27 41
27 42
27 43
42 43
42 3
42 7
3 7
3 12
3 13
12 13
12 20
12 33
20 33
23 45
23 21
23 38
21 38
21 16
21 31
16 31
16 37
16 44
37 44
37 48
37 11
48 11
48 23
48 14
23 14
26 17
26 4
26 50
4 50
4 5
4 10
5 10
5 47
5 25
47 25
47 46
47 49
46 49
46 26
46 9
26 9
50 79
32 7
32 23
7 23
7 37
7 8
37 8
37 11
37 13
11 13
11 12
11 46
12 46
12 32
12 3
32 3
29 32
29 36
29 33
36 33
36 25
36 34
25 34
25 48
25 47
48 47
48 6
48 39
6 39
6 29
6 19
29 19
16 29
16 4
16 31
4 31
4 44
4 27
44 27
44 17
44 21
17 21
17 43
17 20
43 20
43 16
43 30
16 30
18 29
18 35
18 40
35 40
35 42
35 10
42 10
42 1
42 22
1 22
1 41
1 28
41 28
41 18
41 5
18 5
26 29
26 15
26 14
15 14
15 49
15 2
49 2
49 24
49 38
24 38
24 45
24 50
45 50
45 26
45 9
26 9
50 79
40 45
40 16
45 16
45 47
45 3
47 3
47 25
47 39
25 39
25 23
25 5
23 5
23 40
23 7
40 7
8 40
8 46
8 42
46 42
46 13
46 44
13 44
13 32
13 36
32 36
32 50
32 41
50 41
50 8
50 10
8 10
37 40
37 38
37 22
38 22
38 21
38 11
21 11
21 17
21 34
17 34
17 49
17 31
49 31
49 37
49 35
37 35
27 37
27 18
27 28
18 28
18 4
18 19
4 19
4 2
4 9
2 9
2 20
2 26
20 26
20 27
20 29
27 29
30 27
30 6
30 48
6 48
6 12
6 14
12 14
12 33
12 1
33 1
33 24
33 43
24 43
24 30
24 15
30 15
50 79
8 19
8 26
19 26
19 39
19 18
39 18
39 6
39 45
6 45
6 15
6 34
15 34
15 8
15 38
8 38
28 8
28 29
28 5
29 5
29 50
29 1
50 1
50 13
50 49
13 49
13 31
13 41
31 41
31 28
31 44
28 44
48 8
48 7
48 20
7 20
7 33
7 14
33 14
33 30
33 27
30 27
30 46
30 22
46 22
46 48
46 47
48 47
25 28
25 4
25 24
4 24
4 43
4 2
43 2
43 36
43 40
36 40
36 21
36 11
21 11
21 25
21 10
25 10
3 8
3 17
3 37
17 37
17 32
17 9
32 9
32 23
32 12
23 12
23 16
23 42
16 42
16 3
16 35
3 35
50 79
25 4
25 43
4 43
4 16
4 3
16 3
16 18
16 32
18 32
18 37
18 45
37 45
37 25
37 15
25 15
8 25
8 2
8 38
2 38
2 42
2 24
42 24
42 11
42 26
11 26
11 21
11 17
21 17
21 8
21 29
8 29
22 8
22 9
22 44
9 44
9 1
9 12
1 12
1 39
1 7
39 7
39 48
39 27
48 27
48 22
48 41
22 41
28 8
28 23
28 19
23 19
23 34
23 13
34 13
34 31
34 36
31 36
31 33
31 30
33 30
33 28
33 14
28 14
6 25
6 20
6 47
20 47
20 10
20 50
10 50
10 35
10 46
35 46
35 5
35 40
5 40
5 6
5 49
6 49
