50 91
2 4
4 37
37 12
12 47
47 27
27 8
8 16
16 14
14 45
45 39
39 1
1 17
17 25
25 3
3 50
50 9
9 13
13 22
22 31
31 21
21 30
30 43
43 24
24 38
38 33
33 40
40 11
11 41
41 46
46 15
15 23
23 28
28 18
18 6
6 34
34 35
35 10
10 32
32 42
42 49
49 7
7 26
26 29
29 44
44 20
20 48
48 19
19 5
5 36
36 2
9 15
46 27
10 40
43 29
14 23
16 5
13 21
49 44
33 15
20 10
4 14
5 22
33 4
5 21
24 37
45 11
8 42
43 4
16 50
2 32
39 30
24 22
48 22
28 30
39 36
23 35
22 36
16 10
29 41
29 9
19 17
34 47
46 10
5 17
43 33
13 46
7 19
34 17
1 8
11 4
2 41
50 98
31 27
27 28
28 35
35 30
30 7
7 1
1 11
11 3
3 37
37 48
48 41
41 40
40 8
8 24
24 18
18 13
13 22
22 23
23 16
16 43
43 10
10 50
50 29
29 32
32 9
9 14
14 46
46 20
20 5
5 38
38 44
44 34
34 36
36 2
2 47
47 12
12 26
26 15
15 42
42 21
21 33
33 17
17 45
45 25
25 49
49 6
6 4
4 19
19 39
39 31
45 4
1 46
13 11
2 37
11 44
38 13
28 39
21 1
48 6
27 44
1 25
5 24
12 14
26 20
20 34
15 2
21 38
26 13
5 19
48 50
16 26
26 25
14 6
26 45
48 42
35 9
2 45
14 40
9 8
27 36
19 16
25 41
23 49
6 2
18 31
8 42
10 12
12 2
12 30
29 12
48 14
29 4
13 31
7 40
32 28
21 2
40 32
33 10
50 71
19 42
42 48
48 18
18 3
3 39
39 31
31 6
6 15
15 29
29 37
37 4
4 7
7 44
44 33
33 28
28 32
32 13
13 14
14 21
21 27
27 38
38 40
40 30
30 5
5 22
22 35
35 45
45 41
41 8
8 20
20 2
2 17
17 46
46 49
49 12
12 11
11 47
47 23
23 24
24 9
9 26
26 34
34 36
36 1
1 10
10 25
25 16
16 50
50 43
43 19
24 5
9 13
31 34
40 2
35 2
43 5
49 48
16 9
24 20
27 46
33 29
4 36
16 17
26 39
12 48
36 41
44 41
46 13
7 27
11 14
38 50
50 104
26 44
44 31
31 34
34 10
10 45
45 18
18 20
20 11
11 5
5 24
24 40
40 43
43 13
13 21
21 33
33 8
8 29
29 30
30 1
1 12
12 50
50 28
28 25
25 7
7 4
4 32
32 39
39 17
17 42
42 19
19 23
23 48
48 14
14 36
36 46
46 6
6 9
9 41
41 3
3 47
47 27
27 15
15 37
37 49
49 16
16 2
2 38
38 22
22 35
35 26
27 45
46 1
19 14
6 30
8 37
20 26
28 22
16 37
23 17
1 50
14 11
39 45
35 13
15 11
20 15
12 20
38 39
7 9
22 16
32 42
35 18
25 8
28 6
16 25
34 14
15 43
21 20
44 24
37 41
27 9
47 1
41 12
9 50
4 12
42 29
41 21
41 28
42 49
49 38
12 39
46 34
30 27
49 34
38 48
14 10
30 42
37 48
32 14
3 28
16 47
24 35
40 15
47 7
1 19
50 65
45 5
5 28
28 27
27 49
49 1
1 10
10 6
6 9
9 15
15 41
41 20
20 50
50 48
48 21
21 3
3 39
39 12
12 24
24 29
29 7
7 36
36 42
42 14
14 46
46 43
43 11
11 31
31 23
23 19
19 40
40 2
2 16
16 37
37 8
8 4
4 32
32 13
13 25
25 30
30 26
26 44
44 34
34 35
35 22
22 17
17 38
38 47
47 33
33 18
18 45
3 48
21 25
12 21
33 11
41 5
42 44
24 18
18 32
17 31
13 27
16 9
3 37
4 22
20 45
26 42
50 102
41 17
17 45
45 16
16 43
43 26
26 36
36 31
31 33
33 18
18 29
29 35
35 49
49 13
13 30
30 50
50 21
21 23
23 22
22 46
46 32
32 8
8 15
15 5
5 34
34 28
28 44
44 12
12 1
1 25
25 3
3 4
4 42
42 39
39 27
27 20
20 11
11 2
2 37
37 47
47 48
48 14
14 19
19 38
38 40
40 24
24 6
6 10
10 9
9 7
7 41
38 39
15 20
47 28
14 1
21 43
45 43
39 2
4 28
1 19
40 12
36 7
30 41
30 49
20 1
11 24
2 34
20 42
42 35
2 40
3 19
6 8
44 27
17 16
33 20
7 45
43 14
42 33
15 25
14 17
5 6
7 49
18 46
43 35
11 16
1 15
23 49
41 24
42 40
32 20
41 34
35 1
23 2
43 20
25 17
16 22
47 41
12 20
16 15
18 48
8 3
29 46
12 31
50 65
42 1
1 4
4 35
35 7
7 22
22 37
37 27
27 2
2 36
36 12
12 25
25 5
5 18
18 43
43 31
31 46
46 29
29 49
49 16
16 9
9 32
32 24
24 21
21 30
30 28
28 10
10 26
26 41
41 48
48 38
38 39
39 3
3 8
8 13
13 14
14 33
33 44
44 23
23 20
20 19
19 34
34 50
50 45
45 6
6 17
17 11
11 47
47 15
15 40
40 42
45 7
38 22
6 35
10 14
30 36
29 20
18 12
9 33
20 17
27 26
25 16
20 41
15 33
36 38
15 50
50 92
19 31
31 13
13 50
50 9
9 49
49 47
47 10
10 4
4 45
45 16
16 5
5 20
20 18
18 7
7 40
40 23
23 21
21 22
22 37
37 15
15 39
39 42
42 2
2 6
6 38
38 1
1 46
46 32
32 30
30 11
11 8
8 12
12 28
28 33
33 26
26 43
43 14
14 24
24 41
41 36
36 25
25 35
35 27
27 17
17 48
48 34
34 29
29 3
3 44
44 19
40 18
17 14
48 35
41 45
12 39
10 3
23 47
33 4
36 12
20 25
49 8
40 27
37 13
30 27
5 23
2 27
40 3
24 38
28 42
32 44
28 15
42 38
25 45
40 42
31 32
9 29
21 25
34 28
4 11
7 16
32 3
47 18
20 31
39 38
11 7
1 19
27 50
31 43
37 2
29 26
46 21
26 20
50 120
43 11
11 29
29 16
16 38
38 19
19 50
50 22
22 18
18 26
26 48
48 46
46 13
13 36
36 32
32 2
2 28
28 21
21 45
45 35
35 6
6 47
47 31
31 14
14 34
34 42
42 5
5 37
37 24
24 20
20 12
12 40
40 1
1 30
30 33
33 44
44 23
23 8
8 7
7 25
25 15
15 49
49 41
41 17
17 39
39 9
9 10
10 4
4 27
27 3
3 43
34 46
32 39
45 12
22 25
42 26
45 14
31 44
6 24
35 13
23 14
38 28
42 11
10 2
33 49
20 15
19 13
24 22
44 28
22 7
25 1
10 32
46 26
3 8
28 37
41 30
24 17
16 27
11 5
30 3
20 31
2 13
48 44
8 33
36 1
39 30
21 34
19 20
43 1
9 12
45 3
13 16
19 41
50 33
27 14
46 19
48 50
29 2
13 22
50 44
16 11
35 44
12 8
12 29
31 21
50 9
6 45
28 30
26 3
17 16
22 23
34 18
35 1
28 46
40 36
34 2
29 23
48 32
14 37
42 4
14 15
50 117
2 38
38 39
39 37
37 40
40 12
12 34
34 44
44 43
43 6
6 22
22 24
24 11
11 21
21 49
49 7
7 30
30 31
31 41
41 36
36 4
4 26
26 15
15 9
9 47
47 8
8 33
33 42
42 32
32 5
5 50
50 10
10 13
13 25
25 17
17 1
1 27
27 18
18 3
3 48
48 28
28 19
19 35
35 20
20 14
14 23
23 29
29 46
46 16
16 45
45 2
8 26
22 21
26 12
10 31
35 9
22 15
18 30
3 19
50 8
14 6
35 32
35 1
42 35
15 5
11 26
10 8
35 37
11 16
30 29
29 39
41 33
33 16
31 39
31 22
20 6
9 14
4 22
19 40
39 11
6 9
21 10
5 49
44 27
40 9
2 3
1 26
36 38
44 37
33 19
4 23
2 21
1 9
18 24
20 1
16 5
27 25
34 32
18 46
23 27
44 45
2 16
37 49
34 33
22 48
46 15
39 13
27 39
38 40
30 23
28 5
36 12
15 27
19 21
44 7
28 16
28 42
23 15
50 172
47 1
1 48
48 22
22 39
39 26
26 2
2 32
32 24
24 13
13 6
6 7
7 5
5 38
38 33
33 14
14 3
3 8
8 15
15 27
27 44
44 40
40 11
11 17
17 49
49 21
21 35
35 43
43 30
30 12
12 16
16 28
28 4
4 25
25 50
50 18
18 23
23 41
41 31
31 9
9 19
19 42
42 20
20 36
36 46
46 10
10 37
37 45
45 34
34 29
29 47
18 26
21 34
42 4
2 30
49 6
44 23
4 16
1 24
49 50
15 11
25 29
28 50
7 17
47 35
2 33
33 27
5 13
37 23
5 25
45 29
6 2
19 26
12 19
22 3
9 49
30 22
45 13
37 16
11 48
32 35
3 23
12 22
31 32
14 38
39 25
10 18
12 24
8 16
13 26
21 7
10 12
46 31
19 44
43 19
14 34
16 33
26 45
49 12
12 8
27 47
6 15
44 5
23 11
16 43
25 16
15 50
23 32
40 5
27 14
49 26
21 24
1 16
32 30
49 34
20 6
21 42
38 29
32 49
8 30
8 45
43 13
48 27
12 25
23 36
2 3
26 38
24 43
17 12
26 34
3 19
17 41
22 32
29 7
50 27
15 32
12 27
46 8
41 42
14 46
47 10
31 37
15 38
2 15
27 49
24 20
44 21
40 26
18 27
30 13
33 48
35 39
48 2
39 8
39 40
15 26
21 2
46 7
45 28
27 1
38 43
28 15
5 42
29 24
12 18
36 17
36 4
18 41
45 25
13 47
12 20
10 26
2 24
50 81
8 22
22 46
46 33
33 44
44 35
35 16
16 31
31 28
28 37
37 36
36 5
5 11
11 43
43 9
9 29
29 34
34 23
23 1
1 50
50 2
2 13
13 42
42 27
27 3
3 41
41 40
40 4
4 20
20 48
48 26
26 32
32 30
30 47
47 15
15 6
6 49
49 14
14 12
12 38
38 39
39 19
19 21
21 17
17 10
10 24
24 7
7 25
25 18
18 45
45 8
33 42
32 23
27 21
40 6
50 46
20 12
7 32
27 46
24 17
17 45
50 9
26 5
19 49
41 4
46 47
41 31
36 31
35 21
43 13
19 4
23 44
43 24
47 7
18 49
11 20
22 39
33 18
11 3
32 37
25 49
27 16
50 69
12 50
50 25
25 14
14 45
45 32
32 29
29 6
6 33
33 31
31 11
11 3
3 2
2 36
36 46
46 22
22 1
1 44
44 35
35 5
5 15
15 28
28 30
30 7
7 48
48 18
18 16
16 4
4 34
34 47
47 10
10 20
20 24
24 21
21 42
42 13
13 40
40 17
17 43
43 9
9 27
27 19
19 37
37 26
26 8
8 23
23 49
49 39
39 38
38 41
41 12
47 22
47 21
10 30
37 4
9 47
17 2
10 25
14 44
37 2
41 28
29 49
5 38
28 47
5 13
23 1
13 25
10 43
12 45
5 16
50 70
43 9
9 31
31 22
22 17
17 42
42 25
25 23
23 37
37 11
11 49
49 40
40 44
44 28
28 45
45 6
6 8
8 36
36 32
32 26
26 35
35 7
7 47
47 46
46 27
27 20
20 38
38 48
48 3
3 34
34 12
12 33
33 16
16 13
13 29
29 21
21 41
41 1
1 19
19 2
2 18
18 50
50 39
39 14
14 4
4 15
15 5
5 30
30 10
10 24
24 43
9 40
41 34
46 36
46 13
8 33
14 45
27 17
34 37
22 20
16 7
48 14
48 4
25 29
6 10
6 39
26 28
15 7
33 26
18 30
44 18
50 89
44 16
16 4
4 30
30 21
21 17
17 39
39 14
14 11
11 9
9 3
3 49
49 34
34 47
47 20
20 2
2 28
28 31
31 18
18 12
12 45
45 1
1 13
13 37
37 10
10 7
7 22
22 6
6 25
25 50
50 5
5 43
43 41
41 19
19 42
42 29
29 8
8 33
33 40
40 27
27 36
36 32
32 46
46 23
23 38
38 35
35 48
48 24
24 26
26 15
15 44
12 5
6 30
9 37
4 21
49 42
41 4
11 31
19 27
3 30
34 36
20 21
41 14
48 17
49 27
26 29
18 28
13 4
22 3
50 35
50 21
1 43
12 29
19 22
9 42
36 20
29 39
14 24
7 35
7 40
7 5
39 47
29 4
44 28
25 48
8 15
24 16
42 3
39 31
37 47
50 123
25 7
7 32
32 16
16 2
2 24
24 47
47 34
34 23
23 35
35 42
42 28
28 20
20 21
21 3
3 48
48 13
13 17
17 6
6 45
45 19
19 40
40 22
22 27
27 5
5 36
36 4
4 10
10 31
31 33
33 50
50 43
43 1
1 9
9 11
11 18
18 37
37 39
39 26
26 12
12 44
44 38
38 29
29 49
49 14
14 30
30 15
15 46
46 41
41 8
8 25
42 43
26 45
7 41
17 43
2 30
41 13
46 3
18 30
45 25
33 44
14 36
39 25
35 12
33 21
43 44
35 45
4 16
28 34
40 15
10 41
36 21
18 32
14 11
7 16
19 9
35 28
45 46
36 49
9 33
33 1
35 40
45 16
15 32
37 14
1 23
7 33
28 2
47 41
26 4
16 48
36 48
41 49
8 19
40 43
30 12
25 11
36 25
8 26
48 23
15 31
15 42
41 48
6 34
26 14
33 18
6 35
27 24
36 50
11 2
48 29
17 12
43 27
37 27
12 36
40 6
7 39
8 43
8 6
46 28
3 1
34 12
14 48
15 27
50 174
22 23
23 2
2 20
20 47
47 14
14 29
29 26
26 28
28 33
33 24
24 41
41 45
45 27
27 13
13 19
19 36
36 7
7 30
30 17
17 15
15 48
48 12
12 9
9 40
40 6
6 3
3 35
35 49
49 43
43 31
31 10
10 21
21 8
8 18
18 50
50 32
32 42
42 46
46 25
25 44
44 34
34 37
37 38
38 5
5 11
11 4
4 16
16 39
39 1
1 22
30 19
19 33
19 43
5 19
7 39
22 31
5 32
46 8
4 29
17 21
5 2
26 45
47 39
13 25
7 1
45 48
36 35
18 32
43 18
45 23
37 45
5 26
38 31
47 23
21 13
21 45
9 15
27 1
32 31
4 2
14 18
40 50
28 47
36 17
18 33
27 39
43 46
19 1
3 11
35 2
17 18
14 32
8 36
47 26
39 35
13 8
22 12
43 3
27 40
40 43
24 27
10 15
15 3
10 30
20 38
44 46
23 48
6 38
25 19
21 29
2 40
7 46
18 44
23 5
16 27
1 9
10 41
9 33
26 2
13 26
18 27
26 50
29 9
43 30
22 24
30 44
1 45
36 4
12 10
16 28
48 19
20 44
50 16
28 34
26 34
1 8
13 20
2 31
38 3
44 15
31 8
37 10
17 32
9 18
10 36
33 22
12 19
7 50
40 45
3 23
37 1
31 27
35 13
40 20
28 29
40 11
6 11
16 17
36 9
20 11
30 22
23 18
33 13
43 39
44 1
9 20
12 49
41 42
45 29
7 9
10 26
37 30
16 23
10 27
50 81
44 4
4 50
50 46
46 7
7 23
23 8
8 40
40 17
17 45
45 3
3 19
19 28
28 42
42 35
35 48
48 26
26 32
32 11
11 30
30 33
33 49
49 18
18 14
14 34
34 36
36 2
2 22
22 1
1 21
21 47
47 24
24 39
39 9
9 12
12 27
27 6
6 41
41 10
10 20
20 5
5 31
31 13
13 29
29 25
25 38
38 43
43 16
16 15
15 37
37 44
2 49
19 6
39 4
26 2
16 32
8 28
40 30
3 46
6 42
5 34
18 15
8 42
47 22
15 19
27 35
39 36
11 10
2 14
14 13
44 17
13 36
14 48
6 13
23 13
10 44
25 26
20 35
25 12
17 47
18 21
16 47
50 147
49 24
24 32
32 48
48 45
45 38
38 23
23 28
28 9
9 30
30 27
27 2
2 8
8 36
36 44
44 46
46 31
31 6
6 42
42 16
16 43
43 5
5 47
47 21
21 33
33 40
40 35
35 14
14 39
39 20
20 3
3 11
11 18
18 26
26 17
17 10
10 34
34 15
15 41
41 12
12 19
19 22
22 50
50 7
7 29
29 4
4 37
37 25
25 1
1 13
13 49
37 22
41 42
25 39
44 49
32 23
22 21
37 41
12 7
3 15
37 26
3 5
22 1
13 40
18 3
27 10
5 16
3 1
14 11
25 23
26 8
23 20
37 2
25 20
45 19
25 10
15 7
1 40
12 44
44 45
25 24
33 18
9 13
40 24
5 14
27 48
42 49
1 24
10 41
46 48
19 7
14 1
44 41
49 6
12 34
20 32
43 22
42 26
25 5
23 48
10 22
28 5
26 15
38 43
9 41
4 20
23 37
24 11
37 39
22 33
20 26
40 42
49 33
30 45
37 16
19 39
4 21
2 18
34 23
25 19
33 30
14 17
38 21
5 20
36 37
21 44
38 5
28 6
25 44
3 13
43 40
46 43
26 9
42 3
34 13
17 2
7 9
36 50
9 5
19 27
12 1
1 28
7 45
40 15
35 12
16 27
1 27
17 35
50 99
6 18
18 35
35 48
48 5
5 11
11 17
17 39
39 8
8 24
24 40
40 20
20 1
1 32
32 49
49 41
41 30
30 12
12 22
22 29
29 7
7 44
44 23
23 50
50 13
13 10
10 34
34 45
45 46
46 15
15 27
27 4
4 25
25 42
42 37
37 14
14 33
33 19
19 43
43 2
2 9
9 3
3 28
28 26
26 31
31 16
16 21
21 38
38 47
47 36
36 6
25 33
27 44
20 19
32 33
17 45
4 40
21 37
34 29
45 47
6 14
32 25
45 6
13 11
8 23
47 28
31 21
10 14
23 22
34 35
22 45
28 46
25 20
32 47
35 43
17 28
18 49
14 29
29 13
33 40
37 11
49 8
40 29
26 15
48 50
17 47
50 25
19 11
1 11
21 49
9 36
3 15
20 15
35 8
44 45
16 32
3 22
28 1
27 28
38 30
50 60
50 18
18 26
26 36
36 30
30 15
15 1
1 19
19 34
34 11
11 9
9 47
47 14
14 45
45 27
27 4
4 21
21 46
46 24
24 16
16 25
25 35
35 32
32 39
39 7
7 38
38 31
31 44
44 12
12 13
13 20
20 29
29 5
5 10
10 40
40 37
37 42
42 33
33 6
6 43
43 48
48 49
49 17
17 2
2 41
41 8
8 3
3 28
28 23
23 22
22 50
27 29
8 17
19 29
37 50
37 23
35 3
22 7
17 47
5 35
10 17
50 132
7 46
46 15
15 19
19 40
40 6
6 28
28 26
26 34
34 18
18 8
8 5
5 31
31 27
27 42
42 38
38 33
33 23
23 9
9 20
20 41
41 48
48 13
13 39
39 29
29 3
3 1
1 36
36 14
14 47
47 35
35 4
4 24
24 11
11 21
21 10
10 2
2 22
22 16
16 50
50 12
12 43
43 37
37 30
30 25
25 17
17 44
44 49
49 32
32 45
45 7
22 4
27 34
39 19
32 25
36 31
19 37
43 10
23 47
3 27
12 9
38 47
28 2
32 24
20 8
29 38
50 4
30 8
9 27
13 36
38 43
36 37
50 19
45 49
6 32
47 22
25 10
37 48
13 7
24 47
19 23
1 45
33 41
35 9
45 36
13 17
30 17
13 16
25 7
3 7
35 33
22 20
3 42
17 36
35 16
20 37
27 16
1 5
36 9
49 50
1 13
27 19
46 50
21 48
30 40
20 39
6 4
33 24
37 4
42 9
20 38
30 43
29 6
21 20
10 50
6 42
44 27
43 42
46 6
20 2
7 43
25 14
3 28
14 20
22 32
19 11
23 45
47 26
48 12
44 7
35 3
26 9
48 17
50 102
28 11
11 33
33 12
12 42
42 18
18 46
46 41
41 5
5 48
48 31
31 1
1 7
7 49
49 22
22 14
14 50
50 20
20 2
2 32
32 13
13 36
36 23
23 44
44 35
35 8
8 38
38 25
25 19
19 4
4 3
3 34
34 27
27 16
16 30
30 39
39 15
15 26
26 40
40 37
37 24
24 45
45 10
10 43
43 17
17 9
9 29
29 47
47 21
21 6
6 28
14 3
38 24
32 40
4 29
21 23
27 43
40 30
25 14
21 7
49 6
28 18
38 40
44 47
27 39
11 17
37 19
32 14
7 37
2 46
41 23
32 47
3 50
49 46
5 9
24 27
8 19
9 43
20 35
37 48
31 10
47 20
38 45
3 13
37 8
21 46
27 4
3 12
19 15
2 41
22 9
7 25
3 18
3 41
28 47
29 2
11 9
43 33
37 42
29 18
32 15
8 4
50 26
50 71
17 7
7 21
21 35
35 46
46 29
29 47
47 2
2 36
36 24
24 14
14 19
19 25
25 34
34 10
10 22
22 4
4 49
49 26
26 15
15 9
9 50
50 39
39 1
1 6
6 20
20 40
40 11
11 45
45 32
32 42
42 28
28 43
43 23
23 48
48 37
37 33
33 3
3 31
31 30
30 5
5 38
38 27
27 16
16 41
41 18
18 12
12 13
13 8
8 44
44 17
21 25
14 16
50 27
30 17
12 44
18 6
47 5
42 34
32 38
29 22
24 5
9 40
49 32
32 41
19 41
11 10
12 22
40 39
16 9
21 3
35 45
50 107
4 16
16 11
11 7
7 26
26 43
43 22
22 44
44 24
24 6
6 47
47 23
23 36
36 37
37 46
46 20
20 29
29 50
50 19
19 33
33 42
42 48
48 12
12 9
9 34
34 39
39 18
18 2
2 10
10 45
45 30
30 31
31 15
15 21
21 8
8 5
5 13
13 41
41 3
3 17
17 32
32 14
14 35
35 25
25 38
38 1
1 27
27 28
28 40
40 49
49 4
6 40
18 7
33 23
23 38
16 10
8 25
4 38
26 50
35 8
27 40
49 7
30 19
43 4
1 43
17 7
23 50
14 28
24 5
37 47
34 11
32 36
40 35
14 9
47 2
42 1
23 1
19 5
25 10
21 50
50 3
19 34
16 28
10 44
30 37
17 41
19 2
37 33
24 31
23 5
20 30
40 17
23 25
10 13
4 46
47 19
7 47
3 13
35 1
34 27
37 8
24 32
4 13
46 29
35 49
32 25
30 32
41 5
50 135
12 45
45 41
41 49
49 48
48 42
42 13
13 23
23 4
4 46
46 30
30 8
8 3
3 18
18 21
21 31
31 22
22 10
10 33
33 50
50 6
6 19
19 44
44 32
32 1
1 43
43 35
35 26
26 11
11 25
25 16
16 29
29 27
27 7
7 34
34 17
17 24
24 38
38 39
39 2
2 14
14 20
20 9
9 5
5 15
15 40
40 36
36 47
47 37
37 28
28 12
33 29
27 8
35 44
22 25
35 22
37 11
12 32
1 6
10 43
22 13
34 32
11 6
30 2
20 45
32 27
45 48
22 47
35 17
13 43
44 33
2 19
14 37
10 23
4 50
39 21
26 36
22 19
4 3
25 27
29 9
44 46
20 3
6 22
25 38
12 46
7 17
18 28
49 43
16 33
32 50
30 41
2 16
5 7
45 5
12 9
9 37
26 19
41 50
4 30
19 23
34 20
21 41
35 15
38 9
42 25
26 49
49 4
31 47
46 20
22 38
36 4
44 36
12 39
3 22
28 8
17 40
37 39
27 35
48 21
41 25
46 29
21 40
34 4
12 35
18 7
21 37
46 50
31 1
29 15
25 21
45 3
19 18
27 2
35 18
16 42
50 121
3 6
6 14
14 9
9 19
19 32
32 46
46 26
26 10
10 28
28 43
43 31
31 35
35 15
15 21
21 42
42 4
4 24
24 2
2 45
45 23
23 50
50 33
33 1
1 36
36 29
29 37
37 11
11 34
34 41
41 12
12 44
44 22
22 38
38 7
7 13
13 5
5 49
49 17
17 30
30 40
40 20
20 47
47 18
18 8
8 16
16 39
39 48
48 27
27 25
25 3
36 21
50 17
40 18
4 21
29 46
14 29
33 32
44 6
35 39
26 20
4 16
39 24
49 33
31 30
40 10
43 38
29 44
16 23
16 22
47 26
10 48
13 48
18 32
30 12
28 16
21 46
24 35
45 19
48 5
38 24
21 44
22 33
50 34
35 8
13 25
50 35
18 48
31 38
35 4
18 50
25 35
35 30
50 47
23 29
18 21
3 47
3 16
46 42
37 49
27 15
39 5
34 29
26 5
47 49
45 44
24 33
45 13
37 40
50 42
5 38
35 20
12 2
45 30
13 10
12 5
18 1
39 6
4 8
30 11
8 14
49 7
50 155
9 19
19 45
45 12
12 39
39 13
13 43
43 46
46 27
27 30
30 29
29 31
31 42
42 17
17 4
4 18
18 28
28 15
15 7
7 22
22 11
11 38
38 40
40 8
8 2
2 36
36 49
49 3
3 14
14 37
37 20
20 34
34 33
33 35
35 48
48 1
1 26
26 32
32 47
47 23
23 41
41 21
21 16
16 10
10 24
24 5
5 44
44 6
6 50
50 25
25 9
19 1
9 28
1 28
2 6
4 38
30 33
42 50
10 20
3 38
38 9
4 43
48 15
34 19
24 17
21 1
49 11
27 5
3 45
22 30
15 5
10 11
3 24
35 12
6 24
30 36
14 18
24 8
18 46
1 39
19 27
45 20
8 39
33 13
9 16
44 9
49 6
28 34
1 42
32 1
26 12
25 4
26 16
17 30
29 22
24 34
46 17
37 32
12 3
20 7
12 49
13 47
7 43
21 12
48 23
39 23
35 42
14 19
35 13
12 20
17 14
33 5
23 38
7 14
44 12
45 35
30 48
25 31
32 31
45 40
1 3
30 25
13 24
29 5
44 17
8 28
47 42
36 23
30 21
26 40
41 17
47 7
6 5
47 30
15 45
9 18
5 14
30 19
17 12
49 15
2 21
29 25
18 27
22 5
21 24
35 7
40 15
17 7
50 32
48 20
9 33
40 21
35 24
37 25
24 47
34 43
50 66
24 28
28 26
26 14
14 29
29 20
20 40
40 38
38 31
31 37
37 8
8 13
13 44
44 47
47 2
2 33
33 1
1 22
22 43
43 48
48 25
25 6
6 12
12 7
7 21
21 30
30 34
34 27
27 39
39 36
36 17
17 42
42 9
9 35
35 3
3 46
46 11
11 50
50 19
19 16
16 5
5 18
18 45
45 15
15 32
32 49
49 10
10 4
4 41
41 23
23 24
17 32
21 48
46 8
15 34
16 49
26 39
2 29
21 41
11 38
31 45
29 19
12 48
35 13
16 9
47 4
36 34
50 168
10 6
6 26
26 39
39 12
12 2
2 25
25 28
28 47
47 48
48 37
37 43
43 8
8 11
11 32
32 23
23 22
22 3
3 49
49 50
50 24
24 38
38 41
41 44
44 13
13 17
17 14
14 4
4 19
19 30
30 46
46 42
42 40
40 18
18 45
45 27
27 31
31 16
16 20
20 34
34 9
9 33
33 21
21 36
36 29
29 15
15 1
1 7
7 35
35 5
5 10
35 31
41 28
7 43
32 30
30 37
12 15
8 12
19 2
26 35
29 5
27 17
40 50
20 36
21 28
15 34
14 30
31 25
11 14
12 46
23 17
11 23
41 20
37 16
11 5
8 23
16 11
27 16
11 15
41 33
42 18
7 36
39 41
10 13
22 5
42 4
3 20
19 14
32 40
49 33
10 16
10 46
1 42
2 11
49 37
16 17
45 17
40 19
32 46
18 8
4 33
23 12
25 50
45 42
4 16
3 16
15 9
40 4
31 45
19 18
22 1
36 30
15 28
34 17
33 36
31 21
19 45
24 44
24 47
44 20
11 26
32 12
36 50
3 47
21 5
32 34
8 2
19 44
35 50
2 15
33 13
44 10
42 41
37 9
30 31
4 6
8 40
28 4
17 30
25 36
20 9
20 14
34 5
5 15
33 18
12 26
3 32
50 48
9 19
47 34
12 47
42 9
32 43
21 19
47 29
23 7
18 22
23 25
36 42
38 18
2 7
17 40
18 39
34 49
41 45
30 16
15 40
35 45
34 23
50 128
6 21
21 48
48 50
50 38
38 7
7 15
15 31
31 43
43 46
46 41
41 17
17 1
1 19
19 27
27 45
45 2
2 37
37 39
39 9
9 35
35 47
47 13
13 26
26 16
16 42
42 44
44 33
33 3
3 28
28 24
24 4
4 18
18 40
40 36
36 20
20 10
10 29
29 25
25 34
34 8
8 23
23 30
30 49
49 32
32 12
12 22
22 14
14 11
11 5
5 6
41 30
41 40
25 46
32 5
31 26
25 12
19 32
34 10
39 49
30 21
25 15
18 44
13 39
42 34
20 35
14 28
44 16
39 24
39 48
40 10
14 18
18 10
3 26
50 41
36 18
2 19
44 22
18 17
29 32
9 32
42 38
11 40
1 14
4 47
44 15
6 39
8 44
33 43
12 42
33 23
1 10
45 16
14 20
47 17
41 31
11 35
37 50
42 15
42 7
13 20
33 14
49 22
22 27
34 33
27 9
32 38
22 2
10 26
22 11
4 20
46 7
11 31
44 28
21 47
23 25
32 20
3 23
17 15
5 50
35 8
26 11
21 12
18 20
40 3
37 4
6 28
3 11
15 46
50 135
46 17
17 12
12 45
45 41
41 43
43 47
47 35
35 15
15 16
16 40
40 1
1 48
48 25
25 36
36 14
14 42
42 28
28 27
27 6
6 32
32 34
34 2
2 26
26 10
10 30
30 18
18 37
37 50
50 29
29 19
19 21
21 24
24 39
39 8
8 11
11 49
49 38
38 13
13 3
3 31
31 22
22 44
44 33
33 9
9 4
4 20
20 7
7 5
5 23
23 46
4 18
46 5
30 33
12 8
18 32
27 49
27 46
15 38
46 29
29 6
15 12
32 12
38 7
4 48
24 45
47 9
30 22
36 48
1 21
37 11
44 32
13 33
22 35
36 22
15 47
20 37
32 36
49 17
33 40
34 26
17 37
15 5
8 28
8 40
7 45
23 22
3 34
33 11
29 14
20 25
23 41
13 40
22 12
34 7
12 34
18 17
17 32
25 29
43 1
33 20
50 49
38 48
27 34
17 47
7 3
26 40
33 14
10 13
27 17
14 21
14 26
30 21
21 34
43 6
44 15
45 13
18 40
14 7
4 50
22 42
44 36
21 42
21 17
26 24
16 39
33 22
27 13
12 4
23 12
47 26
38 14
32 47
29 17
30 13
47 23
50 117
44 8
8 33
33 17
17 26
26 38
38 13
13 45
45 47
47 22
22 9
9 34
34 15
15 10
10 25
25 31
31 32
32 14
14 12
12 7
7 16
16 29
29 11
11 46
46 27
27 50
50 28
28 19
19 3
3 5
5 43
43 2
2 24
24 4
4 20
20 39
39 48
48 49
49 35
35 23
23 36
36 1
1 40
40 21
21 18
18 37
37 42
42 6
6 30
30 41
41 44
21 4
46 34
23 5
38 41
36 21
23 29
20 33
14 11
29 2
45 1
38 4
49 17
8 5
38 6
38 16
33 18
34 50
28 49
7 33
37 40
5 40
41 21
20 41
43 31
16 48
32 6
2 18
50 47
42 9
22 8
9 12
27 1
44 50
44 48
15 28
13 28
8 42
4 48
7 14
13 49
26 9
6 2
39 32
28 25
23 44
44 17
44 3
33 28
1 33
23 34
12 32
47 48
20 11
15 4
17 12
13 26
22 17
11 13
4 17
24 39
41 31
36 24
15 45
38 33
12 41
4 28
16 50
50 118
25 5
5 8
8 47
47 29
29 24
24 7
7 32
32 30
30 27
27 18
18 17
17 48
48 45
45 10
10 28
28 3
3 13
13 11
11 21
21 43
43 19
19 14
14 6
6 20
20 42
42 16
16 41
41 37
37 46
46 39
39 35
35 31
31 1
1 15
15 22
22 38
38 2
2 44
44 49
49 36
36 26
26 34
34 9
9 50
50 40
40 12
12 23
23 4
4 33
33 25
41 50
49 4
29 1
15 32
19 48
16 32
47 12
11 44
5 27
43 36
33 7
3 21
46 38
45 25
48 42
4 21
39 41
5 45
34 42
46 2
46 45
49 23
39 20
22 26
19 4
20 4
8 46
12 18
49 30
3 33
9 22
3 44
5 6
36 19
11 18
2 35
24 49
32 39
19 8
34 30
31 41
44 12
27 42
41 3
17 49
25 24
31 32
22 23
43 29
5 31
47 3
5 49
32 19
26 7
20 1
41 46
20 32
32 37
16 37
14 15
14 22
31 21
30 47
12 2
48 12
40 28
31 15
36 46
50 71
12 11
11 6
6 17
17 34
34 18
18 48
48 1
1 26
26 40
40 28
28 3
3 31
31 50
50 16
16 15
15 2
2 38
38 39
39 46
46 7
7 9
9 47
47 8
8 5
5 23
23 43
43 33
33 49
49 32
32 37
37 22
22 19
19 21
21 13
13 27
27 24
24 45
45 10
10 42
42 36
36 14
14 20
20 41
41 29
29 25
25 30
30 44
44 4
4 35
35 12
40 30
13 17
7 47
43 31
10 25
50 24
33 26
8 1
43 48
20 21
3 48
36 5
27 34
43 29
47 46
48 7
14 22
40 47
10 47
17 31
43 28
50 65
30 22
22 37
37 39
39 50
50 38
38 21
21 34
34 48
48 27
27 46
46 35
35 1
1 4
4 40
40 6
6 47
47 5
5 8
8 33
33 41
41 3
3 49
49 9
9 2
2 13
13 26
26 45
45 36
36 18
18 31
31 14
14 17
17 24
24 19
19 28
28 12
12 7
7 32
32 43
43 29
29 44
44 25
25 16
16 15
15 20
20 11
11 23
23 42
42 10
10 30
50 1
5 10
33 31
21 23
23 46
8 26
6 37
45 18
3 8
23 16
12 4
33 46
9 6
2 17
42 40
50 138
46 18
18 38
38 12
12 28
28 1
1 49
49 23
23 36
36 34
34 19
19 43
43 21
21 39
39 7
7 25
25 32
32 8
8 3
3 11
11 6
6 16
16 22
22 42
42 2
2 27
27 45
45 35
35 44
44 13
13 48
48 30
30 15
15 9
9 31
31 37
37 5
5 17
17 41
41 40
40 29
29 50
50 4
4 24
24 14
14 47
47 26
26 10
10 20
20 33
33 46
11 8
24 26
20 37
36 29
43 7
38 36
22 24
37 2
2 43
37 16
38 6
14 32
28 31
25 16
18 36
39 8
40 27
46 24
32 12
6 24
41 21
38 44
29 17
33 49
24 28
27 13
6 49
47 48
45 24
3 32
2 16
7 16
35 49
24 2
45 20
46 15
18 47
47 23
50 7
5 1
2 47
50 3
15 49
24 38
3 43
41 45
21 30
9 44
6 47
21 3
15 16
42 33
19 45
29 38
3 49
35 5
17 16
25 2
24 17
37 1
11 40
11 33
17 36
24 1
12 34
41 3
2 9
39 28
9 19
15 26
32 21
22 1
17 11
30 37
37 49
4 14
21 2
13 50
14 30
33 38
2 28
6 39
11 7
16 8
47 4
2 40
4 10
49 2
50 73
45 47
47 41
41 49
49 38
38 8
8 6
6 48
48 11
11 22
22 35
35 12
12 30
30 31
31 1
1 36
36 39
39 44
44 23
23 14
14 29
29 4
4 10
10 13
13 33
33 32
32 26
26 3
3 24
24 7
7 37
37 21
21 46
46 17
17 15
15 42
42 28
28 50
50 19
19 18
18 16
16 20
20 34
34 27
27 9
9 43
43 5
5 2
2 40
40 25
25 45
3 39
2 39
32 24
37 39
10 19
27 41
8 46
35 28
48 41
39 26
23 47
36 4
31 9
19 25
16 35
7 44
22 27
11 7
20 18
8 16
4 31
29 1
17 7
50 111
27 36
36 38
38 34
34 5
5 23
23 8
8 48
48 20
20 14
14 13
13 41
41 18
18 42
42 30
30 28
28 24
24 17
17 40
40 10
10 31
31 9
9 3
3 12
12 37
37 25
25 33
33 7
7 47
47 6
6 43
43 15
15 2
2 39
39 50
50 35
35 4
4 29
29 16
16 32
32 44
44 1
1 45
45 49
49 19
19 21
21 11
11 46
46 26
26 22
22 27
32 2
42 41
42 28
6 31
33 9
16 28
16 20
11 33
36 15
45 25
43 34
23 6
31 4
15 3
24 49
50 28
47 17
37 40
5 27
39 8
50 23
31 20
3 41
50 44
44 41
28 2
24 10
45 12
37 3
30 5
16 41
48 19
18 7
47 36
20 25
48 32
12 5
22 43
37 30
6 28
42 32
4 1
21 7
30 38
7 49
2 46
13 6
21 17
47 45
33 48
6 19
22 41
3 45
11 4
47 18
21 28
49 2
50 36
49 36
43 11
40 18
50 83
23 48
48 45
45 21
21 28
28 35
35 3
3 36
36 19
19 39
39 37
37 22
22 11
11 29
29 30
30 12
12 16
16 7
7 33
33 47
47 10
10 44
44 27
27 31
31 46
46 50
50 18
18 26
26 1
1 41
41 49
49 40
40 24
24 9
9 6
6 43
43 8
8 20
20 42
42 15
15 38
38 17
17 4
4 13
13 32
32 34
34 14
14 5
5 2
2 25
25 23
26 49
39 45
49 31
20 18
40 20
37 35
2 31
32 6
4 1
28 19
21 11
25 42
20 15
38 44
17 40
37 29
41 46
33 19
50 6
4 26
46 4
41 24
18 48
24 29
9 25
34 37
35 41
9 26
20 36
30 7
31 20
36 7
50 32
50 114
33 12
12 11
11 50
50 7
7 26
26 35
35 22
22 19
19 28
28 49
49 3
3 42
42 9
9 20
20 44
44 31
31 13
13 48
48 24
24 14
14 1
1 6
6 15
15 47
47 39
39 27
27 32
32 43
43 5
5 23
23 17
17 4
4 36
36 16
16 2
2 8
8 45
45 21
21 46
46 18
18 10
10 41
41 25
25 34
34 40
40 37
37 29
29 30
30 38
38 33
44 2
28 40
49 15
13 27
4 24
8 20
25 32
46 17
39 41
44 23
19 16
24 32
28 2
17 5
15 22
13 36
4 18
2 4
45 43
46 12
41 8
3 6
9 15
3 19
18 23
23 19
25 38
1 20
35 15
15 11
18 5
37 25
1 36
12 6
21 31
16 27
37 49
37 44
44 17
16 24
15 43
7 38
21 41
45 2
4 50
30 45
36 26
45 3
13 43
13 24
28 17
13 30
38 31
20 45
23 29
6 17
33 9
45 35
50 6
26 11
4 37
45 12
32 29
44 8
50 77
43 45
45 40
40 12
12 15
15 4
4 29
29 14
14 26
26 37
37 46
46 47
47 48
48 16
16 20
20 34
34 42
42 5
5 21
21 39
39 30
30 31
31 49
49 10
10 8
8 2
2 28
28 17
17 7
7 33
33 23
23 22
22 11
11 36
36 1
1 25
25 18
18 41
41 35
35 3
3 50
50 44
44 24
24 6
6 9
9 38
38 13
13 32
32 27
27 19
19 43
28 4
9 2
18 44
32 29
26 49
6 3
15 39
26 24
19 14
4 45
16 6
28 10
17 35
9 48
28 13
31 16
38 49
27 2
44 25
8 36
11 20
12 10
10 44
16 41
30 47
50 9
48 23
50 110
48 35
35 34
34 4
4 27
27 40
40 12
12 18
18 23
23 32
32 8
8 25
25 6
6 22
22 50
50 41
41 28
28 1
1 15
15 3
3 11
11 47
47 24
24 46
46 9
9 7
7 31
31 42
42 20
20 49
49 17
17 26
26 5
5 36
36 13
13 45
45 2
2 14
14 44
44 29
29 43
43 37
37 16
16 10
10 38
38 30
30 19
19 33
33 21
21 39
39 48
18 44
7 47
34 46
9 31
8 13
38 43
27 38
29 41
40 30
4 40
26 29
25 37
13 12
34 28
43 19
14 45
25 44
21 19
46 27
49 38
25 48
35 39
27 2
10 21
32 17
13 33
37 8
27 17
12 28
3 18
46 20
22 7
50 26
16 39
46 42
14 8
43 31
49 34
3 20
21 4
8 35
40 22
31 27
16 30
32 41
13 4
3 9
23 40
34 9
5 23
45 39
47 43
37 27
46 12
2 34
5 43
38 1
17 43
32 43
48 13
50 81
24 30
30 26
26 25
25 46
46 44
44 11
11 16
16 28
28 50
50 38
38 13
13 33
33 40
40 45
45 35
35 20
20 41
41 29
29 19
19 1
1 42
42 49
49 48
48 36
36 14
14 15
15 22
22 3
3 10
10 2
2 5
5 21
21 18
18 31
31 7
7 8
8 34
34 6
6 12
12 9
9 27
27 4
4 17
17 43
43 37
37 39
39 47
47 23
23 32
32 24
12 29
50 13
50 24
41 44
18 22
22 7
15 8
2 20
39 28
49 33
27 26
30 42
44 12
44 33
49 26
38 9
25 2
35 2
31 4
47 20
14 1
24 16
12 3
45 34
29 15
10 37
24 40
12 2
16 14
47 8
7 43
50 145
14 37
37 29
29 33
33 17
17 20
20 38
38 19
19 45
45 49
49 12
12 27
27 2
2 11
11 23
23 34
34 35
35 46
46 3
3 31
31 44
44 43
43 50
50 48
48 41
41 13
13 16
16 36
36 25
25 1
1 5
5 4
4 30
30 9
9 6
6 18
18 40
40 26
26 42
42 47
47 22
22 7
7 8
8 39
39 15
15 10
10 21
21 28
28 32
32 24
24 14
6 36
2 13
5 48
34 5
32 1
24 20
12 47
17 14
34 24
38 32
13 44
1 13
2 8
26 33
48 8
38 12
41 43
46 40
13 35
25 11
25 8
36 38
31 33
22 10
8 9
49 29
21 3
1 4
18 16
15 20
4 27
31 12
20 42
4 24
19 26
6 20
50 7
46 50
45 21
31 45
23 50
23 41
20 11
40 27
42 2
27 9
28 49
6 46
37 8
5 29
16 7
17 35
24 50
29 7
37 50
34 25
2 41
36 14
30 11
7 32
48 6
31 18
19 5
32 48
30 19
19 9
32 37
21 39
4 28
7 33
33 21
47 34
16 1
12 15
9 49
30 37
5 11
14 38
13 6
15 32
46 22
44 37
34 45
21 30
11 7
5 18
25 41
11 49
5 3
7 40
6 5
48 38
43 11
5 2
42 13
50 97
30 22
22 36
36 8
8 44
44 49
49 17
17 47
47 9
9 40
40 19
19 45
45 34
34 23
23 46
46 13
13 31
31 2
2 33
33 16
16 11
11 7
7 27
27 43
43 10
10 38
38 26
26 24
24 32
32 28
28 41
41 1
1 6
6 50
50 39
39 20
20 12
12 5
5 48
48 21
21 42
42 3
3 35
35 18
18 25
25 14
14 4
4 15
15 37
37 29
29 30
45 31
31 20
34 49
24 48
18 28
34 41
38 8
7 36
5 4
29 39
30 11
33 36
12 46
10 49
37 4
9 45
27 37
11 28
27 14
3 21
21 31
42 33
22 19
25 48
34 40
7 12
2 6
26 35
8 4
10 12
12 21
35 21
17 14
1 16
33 3
9 26
27 28
6 28
39 10
50 17
13 6
2 22
13 18
7 31
3 11
25 38
2 5
50 145
38 2
2 50
50 39
39 36
36 16
16 33
33 43
43 11
11 24
24 10
10 7
7 13
13 26
26 29
29 42
42 47
47 27
27 32
32 30
30 31
31 44
44 4
4 19
19 5
5 14
14 18
18 15
15 34
34 21
21 20
20 28
28 1
1 17
17 48
48 25
25 41
41 40
40 9
9 22
22 12
12 49
49 37
37 3
3 6
6 8
8 23
23 46
46 45
45 35
35 38
8 40
4 48
22 34
12 20
4 6
33 50
33 45
37 30
27 25
38 19
3 39
10 17
24 9
4 21
36 23
18 29
9 32
6 14
22 38
39 12
22 30
15 24
38 39
19 37
6 42
18 2
47 33
44 17
18 24
41 29
5 40
12 43
43 6
34 17
1 41
25 28
43 16
16 41
32 45
41 31
36 18
29 20
36 50
47 32
47 31
38 15
17 13
29 2
42 14
49 33
29 8
13 39
13 8
34 32
47 16
26 35
45 10
15 2
42 46
8 20
20 24
34 43
24 40
48 11
25 18
8 5
5 4
7 29
20 26
17 15
41 32
20 36
11 16
9 10
39 20
20 15
15 49
48 28
48 39
2 32
9 45
31 1
35 20
1 24
27 35
50 43
12 44
10 42
36 24
41 33
49 10
34 47
5 46
30 40
46 27
50 74
11 8
8 33
33 37
37 1
1 23
23 13
13 43
43 20
20 28
28 39
39 15
15 5
5 22
22 16
16 21
21 10
10 32
32 36
36 47
47 49
49 38
38 24
24 4
4 45
45 3
3 9
9 34
34 48
48 2
2 19
19 31
31 7
7 18
18 29
29 44
44 25
25 12
12 41
41 30
30 50
50 46
46 14
14 26
26 42
42 6
6 27
27 40
40 17
17 35
35 11
37 45
14 47
36 19
32 29
40 5
27 3
31 33
34 42
41 43
7 43
44 50
34 22
31 40
20 8
35 43
18 49
18 36
15 46
49 22
32 43
6 28
27 34
35 3
13 3
50 116
21 2
2 36
36 20
20 18
18 17
17 49
49 13
13 4
4 43
43 9
9 27
27 31
31 46
46 26
26 50
50 11
11 28
28 5
5 47
47 25
25 40
40 33
33 1
1 19
19 8
8 7
7 16
16 32
32 41
41 44
44 45
45 48
48 38
38 12
12 22
22 23
23 24
24 37
37 29
29 6
6 35
35 42
42 14
14 30
30 10
10 39
39 3
3 15
15 34
34 21
6 17
1 34
17 12
1 27
40 35
21 13
1 26
11 24
35 18
40 16
28 4
43 3
35 43
32 36
39 38
43 32
35 22
36 3
45 32
22 4
13 3
40 31
29 4
16 8
17 50
16 36
20 33
19 18
9 40
30 45
33 45
16 27
15 11
27 5
35 5
24 27
41 31
8 2
35 47
3 18
49 28
4 18
26 17
40 19
30 15
37 21
5 26
1 32
8 50
6 24
16 37
5 12
4 45
25 14
39 49
20 11
10 33
14 16
48 9
35 21
48 41
32 49
48 25
16 26
44 38
44 16
50 82
28 3
3 5
5 39
39 17
17 38
38 48
48 1
1 6
6 50
50 19
19 10
10 42
42 25
25 22
22 20
20 12
12 30
30 33
33 18
18 47
47 13
13 44
44 35
35 26
26 24
24 27
27 23
23 36
36 34
34 9
9 37
37 4
4 7
7 43
43 21
21 29
29 46
46 8
8 32
32 15
15 45
45 11
11 31
31 2
2 40
40 16
16 41
41 49
49 14
14 28
6 39
46 44
37 32
31 32
47 46
24 31
15 17
14 9
44 34
24 4
13 33
36 32
20 16
45 47
11 42
4 49
7 46
34 46
13 4
32 11
32 21
33 26
33 6
29 8
32 27
20 31
44 32
21 45
25 45
38 19
34 14
49 46
50 81
11 19
19 28
28 21
21 18
18 8
8 16
16 35
35 14
14 15
15 12
12 44
44 32
32 30
30 39
39 9
9 5
5 42
42 49
49 48
48 7
7 50
50 25
25 20
20 47
47 2
2 23
23 26
26 29
29 33
33 13
13 31
31 34
34 10
10 37
37 46
46 6
6 45
45 41
41 27
27 40
40 3
3 17
17 4
4 1
1 43
43 22
22 36
36 38
38 24
24 11
14 40
34 3
21 20
39 28
11 14
39 16
32 25
9 47
10 16
33 18
50 45
42 4
9 31
48 29
20 19
44 20
21 22
50 44
22 9
10 4
49 13
38 6
13 7
47 31
41 37
28 40
28 17
28 36
19 12
32 29
5 6
50 109
30 39
39 2
2 14
14 36
36 29
29 21
21 19
19 50
50 42
42 12
12 43
43 8
8 45
45 46
46 41
41 24
24 49
49 13
13 25
25 23
23 22
22 7
7 31
31 28
28 37
37 15
15 32
32 40
40 1
1 16
16 33
33 4
4 44
44 18
18 17
17 6
6 35
35 27
27 9
9 11
11 48
48 3
3 26
26 5
5 38
38 34
34 10
10 20
20 47
47 30
42 9
40 29
26 10
50 26
50 45
39 19
16 38
29 3
7 4
48 19
35 30
38 21
28 22
10 48
29 13
6 34
28 6
16 2
21 32
4 36
12 24
12 8
12 38
16 19
25 8
8 27
3 30
8 7
15 42
26 22
16 27
38 31
35 49
35 45
26 17
43 15
23 7
20 1
40 12
47 4
22 29
9 36
28 24
28 36
32 49
33 49
19 10
43 41
33 1
3 13
19 27
39 32
35 10
45 5
31 39
45 3
21 33
29 23
34 7
50 159
33 35
35 3
3 1
1 30
30 9
9 36
36 46
46 11
11 10
10 2
2 38
38 28
28 15
15 26
26 16
16 21
21 40
40 45
45 12
12 5
5 17
17 27
27 47
47 4
4 31
31 44
44 6
6 34
34 8
8 23
23 19
19 14
14 42
42 49
49 24
24 43
43 39
39 7
7 13
13 50
50 29
29 37
37 20
20 25
25 22
22 41
41 48
48 32
32 18
18 33
11 30
24 11
41 33
29 31
12 18
20 17
24 41
29 35
17 42
41 39
38 16
15 35
30 39
39 46
41 50
42 35
27 6
12 22
47 20
30 47
46 41
20 11
18 29
25 24
36 16
43 44
35 23
27 40
33 20
43 35
7 4
14 43
13 9
37 12
30 10
21 32
6 42
34 48
27 34
6 20
50 28
44 15
19 34
22 37
5 42
10 44
23 27
6 50
18 13
3 4
36 44
13 27
42 16
41 36
49 43
30 32
4 27
16 40
22 34
41 40
42 2
5 22
9 38
6 35
16 7
45 37
21 29
42 23
3 5
6 19
15 10
2 26
41 3
29 3
14 50
29 43
7 23
41 1
26 42
11 48
4 38
30 24
45 35
35 48
31 32
26 28
46 37
24 48
19 5
12 30
33 4
45 24
25 31
21 24
24 42
40 7
18 5
18 41
42 33
49 27
16 3
25 3
24 37
41 45
43 26
37 1
16 1
11 22
40 3
50 160
5 16
16 21
21 38
38 10
10 45
45 3
3 28
28 22
22 19
19 17
17 36
36 4
4 49
49 6
6 42
42 29
29 47
47 43
43 11
11 18
18 13
13 12
12 1
1 27
27 37
37 24
24 48
48 34
34 32
32 14
14 33
33 46
46 23
23 2
2 7
7 50
50 9
9 40
40 35
35 39
39 30
30 15
15 26
26 31
31 25
25 41
41 20
20 8
8 44
44 5
30 47
6 18
38 26
8 6
5 9
23 26
2 31
31 29
39 27
48 26
49 39
6 3
6 50
5 39
34 29
25 24
2 46
49 21
33 50
49 13
17 30
4 28
31 10
47 48
10 43
3 27
1 28
14 13
5 17
34 46
38 50
8 27
25 42
36 18
33 47
36 34
19 9
3 29
31 19
37 10
8 12
37 19
5 23
4 7
18 50
28 47
24 35
46 19
17 32
9 20
26 21
48 42
15 27
29 18
13 16
17 28
33 23
19 30
21 29
31 32
38 2
2 48
20 5
31 48
19 4
5 29
15 10
1 49
3 36
43 4
48 49
45 37
5 6
15 16
9 23
32 40
46 31
35 4
46 1
8 35
37 7
45 2
4 24
17 12
21 45
32 37
36 47
29 11
43 39
43 24
7 10
37 38
40 36
24 16
4 9
27 34
13 38
13 43
49 15
15 41
32 35
42 9
45 22
35 37
5 36
39 6
41 6
11 41
16 19
18 4
50 81
37 12
12 40
40 2
2 23
23 25
25 7
7 15
15 43
43 36
36 49
49 38
38 33
33 26
26 41
41 11
11 50
50 42
42 16
16 30
30 14
14 39
39 47
47 28
28 13
13 5
5 24
24 22
22 9
9 46
46 20
20 6
6 17
17 34
34 35
35 27
27 21
21 4
4 44
44 48
48 1
1 8
8 32
32 45
45 19
19 10
10 18
18 3
3 29
29 31
31 37
12 6
18 8
47 44
8 19
31 4
29 26
25 31
31 7
6 46
16 23
25 1
26 39
21 35
23 20
43 38
15 4
6 33
36 18
7 1
26 32
45 39
12 17
3 28
22 50
17 30
19 37
43 6
50 34
31 17
31 46
21 49
50 68
24 14
14 25
25 41
41 27
27 40
40 30
30 16
16 37
37 19
19 35
35 44
44 47
47 45
45 43
43 28
28 22
22 12
12 5
5 32
32 48
48 13
13 4
4 50
50 42
42 26
26 10
10 33
33 38
38 49
49 20
20 1
1 46
46 21
21 2
2 8
8 39
39 18
18 34
34 31
31 9
9 3
3 15
15 7
7 11
11 23
23 6
6 36
36 17
17 29
29 24
26 27
46 9
10 8
21 39
28 37
9 17
15 16
17 11
38 45
43 25
5 14
13 3
28 32
28 7
14 46
26 17
10 20
33 43
50 129
26 16
16 36
36 5
5 50
50 29
29 49
49 4
4 17
17 24
24 28
28 48
48 25
25 47
47 33
33 32
32 37
37 8
8 43
43 35
35 2
2 22
22 19
19 46
46 7
7 20
20 3
3 38
38 6
6 30
30 18
18 11
11 15
15 9
9 21
21 13
13 45
45 34
34 14
14 44
44 10
10 40
40 41
41 23
23 31
31 12
12 39
39 27
27 1
1 42
42 26
33 19
7 12
8 19
10 34
2 23
6 17
28 45
27 21
42 30
42 33
1 40
4 13
48 50
18 23
38 11
1 36
48 21
28 36
47 6
13 30
17 14
5 15
36 3
7 44
13 2
46 34
44 11
46 36
2 15
49 47
20 23
21 17
39 17
49 41
42 32
16 38
21 38
41 11
33 15
19 21
46 22
40 14
29 40
23 34
34 8
21 22
28 42
34 28
25 10
16 7
15 17
45 23
49 45
44 38
23 6
48 34
13 27
14 31
6 16
29 3
7 8
50 4
4 45
35 38
23 29
13 23
22 42
25 32
40 25
37 44
48 43
2 33
39 19
26 36
37 15
31 20
24 47
26 25
26 5
50 104
5 43
43 3
3 4
4 38
38 35
35 15
15 13
13 20
20 25
25 46
46 44
44 14
14 22
22 16
16 30
30 49
49 48
48 19
19 37
37 2
2 8
8 33
33 9
9 29
29 17
17 7
7 45
45 11
11 32
32 40
40 47
47 26
26 6
6 24
24 28
28 12
12 42
42 10
10 21
21 41
41 27
27 18
18 31
31 39
39 1
1 50
50 23
23 34
34 36
36 5
6 41
24 46
20 49
29 50
13 10
21 22
11 48
7 23
6 36
14 43
37 14
10 44
15 49
10 23
49 6
44 39
3 47
35 19
22 45
21 13
27 4
38 29
17 15
15 25
49 46
20 22
25 19
3 45
13 11
17 24
22 40
24 40
24 3
41 15
12 40
31 42
34 7
3 48
40 37
29 46
3 37
39 5
43 28
38 36
49 42
15 11
3 1
29 28
45 49
12 3
25 30
7 46
45 10
38 23
50 162
12 3
3 35
35 17
17 4
4 27
27 16
16 23
23 50
50 13
13 37
37 28
28 49
49 11
11 15
15 24
24 39
39 29
29 14
14 9
9 20
20 19
19 5
5 2
2 47
47 42
42 36
36 32
32 22
22 7
7 46
46 40
40 43
43 44
44 41
41 10
10 26
26 38
38 45
45 31
31 25
25 48
48 33
33 21
21 1
1 30
30 8
8 18
18 6
6 34
34 12
37 14
15 16
12 31
6 49
34 16
38 12
23 36
24 13
46 9
29 47
20 14
47 46
40 20
42 10
13 19
44 36
47 10
6 19
16 2
29 46
50 17
12 36
9 15
4 33
30 38
40 22
13 40
32 7
17 13
1 26
8 1
3 4
10 28
48 40
38 6
11 29
50 32
45 35
26 31
5 42
43 26
2 30
41 7
40 27
2 7
34 40
32 30
45 32
18 32
20 12
25 46
44 23
46 6
18 47
27 46
39 14
15 36
31 17
30 41
40 3
4 49
7 4
4 45
35 28
39 11
36 39
8 37
21 25
23 24
1 42
47 39
42 18
6 24
12 24
21 9
5 45
43 39
9 41
3 6
22 14
32 24
47 21
30 20
26 46
37 42
3 16
39 44
42 6
33 17
6 17
25 5
48 44
3 47
13 26
11 27
6 1
18 13
12 46
47 20
49 7
32 28
21 45
9 35
40 15
14 41
20 1
19 32
26 4
41 1
38 29
10 50
37 46
50 110
36 26
26 19
19 43
43 27
27 45
45 47
47 39
39 17
17 25
25 34
34 33
33 29
29 7
7 20
20 5
5 16
16 2
2 35
35 44
44 40
40 31
31 41
41 14
14 50
50 48
48 1
1 12
12 49
49 28
28 21
21 15
15 10
10 18
18 6
6 11
11 3
3 30
30 22
22 13
13 32
32 38
38 46
46 42
42 37
37 4
4 23
23 24
24 9
9 8
8 36
8 47
13 12
44 13
41 39
21 22
36 25
31 25
40 22
29 1
50 11
37 15
45 18
43 13
9 5
48 32
32 1
33 39
1 24
33 45
33 17
15 9
15 5
44 10
33 30
47 3
34 37
26 43
48 4
17 41
39 26
15 28
44 9
7 2
30 26
3 46
21 39
37 40
38 31
48 34
36 11
15 17
27 14
14 48
50 29
6 1
47 5
25 32
43 47
33 15
16 11
7 44
5 29
40 38
1 23
1 21
28 19
38 49
18 35
10 5
44 16
50 74
20 32
32 4
4 18
18 8
8 5
5 30
30 25
25 33
33 13
13 27
27 14
14 3
3 49
49 26
26 1
1 12
12 29
29 11
11 35
35 50
50 40
40 23
23 22
22 43
43 46
46 17
17 44
44 21
21 24
24 31
31 6
6 2
2 47
47 42
42 15
15 41
41 45
45 10
10 28
28 34
34 7
7 36
36 37
37 9
9 48
48 16
16 19
19 39
39 38
38 20
23 33
33 48
19 29
34 19
2 7
27 15
11 12
21 12
10 43
38 29
25 43
15 12
46 25
17 49
3 45
11 36
11 40
10 19
5 31
47 19
4 15
22 15
27 44
35 15
50 146
45 30
30 18
18 12
12 10
10 33
33 32
32 2
2 29
29 13
13 36
36 15
15 19
19 26
26 31
31 7
7 41
41 14
14 24
24 21
21 3
3 42
42 5
5 11
11 40
40 44
44 27
27 49
49 6
6 17
17 20
20 39
39 46
46 48
48 4
4 28
28 35
35 50
50 47
47 25
25 1
1 37
37 16
16 22
22 23
23 43
43 9
9 34
34 38
38 8
8 45
2 24
22 32
24 28
39 23
35 23
45 38
49 5
46 10
43 45
29 10
24 6
10 20
40 42
16 39
11 48
17 13
13 37
39 21
17 23
49 34
43 46
15 16
39 48
9 30
33 30
42 45
42 16
25 22
50 31
33 45
34 2
18 9
32 40
26 13
11 22
47 42
43 40
6 39
27 9
30 41
8 7
14 9
27 2
38 37
41 4
27 26
50 37
4 15
22 46
41 23
35 43
39 50
14 28
24 38
45 28
29 49
43 7
1 29
10 7
25 17
43 4
27 35
21 30
16 11
30 23
50 49
23 28
24 8
26 22
26 43
31 13
29 40
3 7
16 41
1 14
9 38
7 30
15 12
36 22
38 44
18 15
38 41
6 31
38 48
1 7
13 6
48 20
12 23
27 36
21 41
5 39
7 28
40 28
18 32
1 36
21 37
50 63
6 42
42 19
19 50
50 21
21 35
35 37
37 10
10 41
41 1
1 17
17 38
38 18
18 22
22 44
44 48
48 27
27 26
26 33
33 20
20 23
23 8
8 5
5 12
12 45
45 43
43 40
40 49
49 16
16 47
47 34
34 4
4 14
14 25
25 46
46 9
9 7
7 36
36 24
24 28
28 30
30 2
2 39
39 3
3 11
11 15
15 32
32 29
29 31
31 13
13 6
39 16
32 13
40 25
44 32
24 3
15 46
33 38
50 14
12 11
14 19
43 37
11 39
46 28
50 87
49 27
27 42
42 17
17 36
36 24
24 25
25 10
10 31
31 19
19 40
40 18
18 38
38 28
28 9
9 5
5 37
37 12
12 35
35 15
15 16
16 47
47 32
32 46
46 39
39 7
7 48
48 2
2 8
8 14
14 3
3 20
20 33
33 30
30 43
43 23
23 11
11 29
29 41
41 45
45 4
4 13
13 50
50 44
44 26
26 1
1 21
21 6
6 34
34 22
22 49
1 30
28 15
19 12
43 40
7 34
9 33
33 8
17 8
11 6
36 32
44 24
46 18
46 1
7 32
2 7
43 35
42 24
4 8
14 31
37 18
8 45
29 15
39 1
3 7
36 23
44 20
44 37
13 27
35 26
41 17
40 28
2 44
45 2
3 36
12 45
19 35
10 36
50 57
34 20
20 32
32 40
40 33
33 49
49 2
2 21
21 9
9 10
10 6
6 38
38 37
37 12
12 43
43 13
13 19
19 45
45 18
18 48
48 23
23 17
17 25
25 36
36 46
46 41
41 22
22 35
35 28
28 3
3 47
47 30
30 15
15 1
1 24
24 44
44 8
8 26
26 39
39 16
16 27
27 29
29 31
31 50
50 5
5 11
11 14
14 4
4 7
7 42
42 34
28 29
15 45
4 43
18 25
45 32
35 47
6 27
50 124
38 49
49 23
23 11
11 35
35 10
10 26
26 37
37 34
34 36
36 27
27 17
17 16
16 24
24 13
13 43
43 8
8 50
50 4
4 25
25 47
47 22
22 40
40 33
33 5
5 41
41 12
12 44
44 15
15 48
48 28
28 3
3 2
2 42
42 7
7 1
1 18
18 9
9 19
19 21
21 30
30 29
29 14
14 20
20 45
45 32
32 6
6 39
39 31
31 46
46 38
46 43
9 40
50 18
3 41
47 45
31 28
39 17
1 38
42 40
18 21
1 28
15 33
46 45
31 6
25 32
46 7
17 34
5 13
39 30
37 44
30 42
35 14
28 34
44 28
25 31
13 29
5 8
37 20
42 5
24 14
45 14
27 33
12 18
13 42
36 9
40 1
40 32
23 32
13 37
33 10
18 47
25 21
27 37
38 33
49 29
2 23
3 12
17 32
24 27
39 24
44 46
38 23
38 9
27 9
41 28
38 28
39 20
28 30
5 18
17 20
45 25
32 35
27 32
38 42
39 19
6 42
14 42
43 7
22 30
15 26
23 46
10 45
33 41
16 26
50 141
20 4
4 16
16 47
47 49
49 34
34 5
5 9
9 36
36 10
10 45
45 17
17 44
44 38
38 42
42 30
30 43
43 26
26 15
15 37
37 32
32 35
35 2
2 25
25 48
48 33
33 3
3 24
24 29
29 13
13 22
22 14
14 19
19 8
8 11
11 31
31 7
7 40
40 23
23 39
39 27
27 21
21 12
12 1
1 50
50 18
18 28
28 46
46 41
41 6
6 20
12 17
45 43
16 45
26 5
3 29
18 39
4 2
33 44
5 27
39 22
18 36
20 16
36 32
35 21
15 11
13 23
12 8
46 20
6 7
45 13
43 14
7 1
40 28
24 35
50 10
39 26
36 5
37 5
26 18
33 7
50 22
31 3
13 2
1 33
14 12
7 48
8 43
10 38
2 10
3 49
29 31
12 15
37 2
38 4
29 18
37 30
49 35
7 38
40 20
38 25
1 15
24 23
18 7
32 27
35 23
45 37
41 9
16 29
41 14
42 5
43 2
48 30
38 34
47 17
3 23
16 22
25 14
22 8
21 47
34 39
16 1
1 8
3 6
42 50
33 11
44 3
4 21
1 6
29 48
48 32
11 36
29 50
48 47
4 50
4 8
23 5
25 9
13 50
12 49
11 49
2 47
50 111
30 47
47 45
45 19
19 10
10 3
3 7
7 28
28 12
12 48
48 9
9 44
44 5
5 23
23 26
26 14
14 16
16 40
40 20
20 1
1 43
43 22
22 49
49 13
13 29
29 11
11 33
33 42
42 21
21 15
15 46
46 36
36 27
27 50
50 32
32 2
2 24
24 37
37 6
6 39
39 35
35 8
8 17
17 18
18 31
31 38
38 25
25 4
4 41
41 34
34 30
24 16
26 19
26 31
15 34
48 19
20 7
18 32
39 20
41 31
38 21
40 29
38 41
27 39
28 18
48 21
18 22
24 8
1 19
24 42
45 30
8 39
12 29
5 14
8 31
45 4
13 18
29 28
34 32
2 14
14 8
18 21
46 9
35 38
36 29
8 44
27 12
22 42
50 35
22 20
8 42
28 14
41 18
46 12
49 5
30 2
31 45
9 21
4 42
34 9
34 25
25 48
47 5
29 23
47 26
47 29
7 35
26 36
31 46
12 43
42 29
21 37
50 64
31 18
18 32
32 47
47 2
2 25
25 28
28 26
26 37
37 38
38 39
39 1
1 42
42 16
16 35
35 24
24 6
6 49
49 30
30 27
27 21
21 9
9 45
45 3
3 48
48 11
11 34
34 44
44 29
29 33
33 13
13 8
8 46
46 43
43 15
15 12
12 22
22 20
20 40
40 14
14 4
4 17
17 23
23 50
50 19
19 36
36 10
10 41
41 5
5 7
7 31
48 37
43 12
20 38
47 46
33 18
37 42
46 25
42 36
8 45
42 17
7 40
36 8
21 46
5 33
50 58
44 15
15 31
31 25
25 32
32 33
33 2
2 38
38 48
48 11
11 26
26 50
50 43
43 29
29 9
9 46
46 42
42 14
14 35
35 27
27 8
8 7
7 30
30 36
36 39
39 22
22 47
47 41
41 18
18 19
19 6
6 1
1 12
12 20
20 45
45 23
23 24
24 34
34 21
21 5
5 28
28 10
10 49
49 40
40 13
13 4
4 17
17 16
16 3
3 37
37 44
40 1
27 48
14 39
40 32
33 4
3 23
47 42
12 32
50 91
26 3
3 38
38 16
16 50
50 22
22 33
33 24
24 5
5 35
35 42
42 11
11 45
45 44
44 49
49 37
37 32
32 1
1 2
2 41
41 30
30 20
20 25
25 8
8 28
28 46
46 14
14 7
7 23
23 13
13 47
47 34
34 40
40 12
12 48
48 39
39 4
4 36
36 29
29 31
31 9
9 18
18 43
43 6
6 15
15 27
27 17
17 10
10 19
19 21
21 26
11 36
33 16
25 49
26 42
48 15
12 17
16 10
43 17
27 48
23 6
20 40
39 49
3 24
43 20
12 14
42 40
29 49
28 49
44 47
20 39
1 20
24 9
16 2
41 28
3 8
33 40
16 17
16 45
26 15
32 16
47 38
35 27
36 23
10 28
21 41
4 16
11 7
35 11
48 18
15 20
16 7
50 135
37 15
15 4
4 9
9 42
42 12
12 32
32 5
5 21
21 20
20 11
11 7
7 50
50 24
24 38
38 25
25 1
1 39
39 2
2 46
46 14
14 35
35 30
30 33
33 10
10 40
40 16
16 41
41 29
29 8
8 6
6 45
45 43
43 19
19 13
13 27
27 47
47 49
49 3
3 31
31 26
26 34
34 48
48 28
28 18
18 22
22 36
36 23
23 44
44 17
17 37
20 5
20 45
39 10
44 16
46 9
46 21
26 15
29 38
5 42
14 3
31 22
3 20
19 42
20 14
20 6
17 43
29 40
28 40
29 3
24 36
43 8
1 17
20 2
40 50
18 47
45 44
32 21
7 33
36 34
9 18
40 49
28 9
36 5
10 47
13 5
2 41
39 32
41 13
41 49
8 36
1 48
44 6
6 32
30 21
39 6
3 38
4 19
41 39
14 17
8 50
43 26
30 46
29 43
34 24
42 30
4 30
38 12
17 15
48 20
42 21
6 36
33 41
13 23
19 47
5 35
48 5
26 30
49 24
47 6
28 42
39 50
12 33
37 28
20 15
25 24
11 25
43 10
8 20
19 37
24 20
20 49
41 19
32 14
39 37
27 12
50 168
46 11
11 2
2 22
22 1
1 41
41 28
28 26
26 20
20 45
45 33
33 37
37 7
7 23
23 49
49 35
35 25
25 19
19 15
15 4
4 8
8 24
24 3
3 12
12 42
42 38
38 13
13 27
27 43
43 48
48 31
31 36
36 47
47 5
5 6
6 29
29 18
18 34
34 50
50 39
39 32
32 30
30 40
40 17
17 14
14 10
10 44
44 21
21 9
9 16
16 46
25 36
19 5
44 49
4 41
34 26
36 1
47 15
50 36
14 2
12 44
44 11
17 20
22 50
35 15
17 13
3 10
33 44
42 46
35 46
46 4
27 30
45 11
13 41
37 23
34 27
25 14
24 36
23 41
47 25
38 22
22 10
20 25
25 38
20 43
7 13
49 20
31 20
21 45
50 10
40 41
40 43
19 17
5 25
36 49
20 7
18 41
18 13
50 37
1 30
12 38
5 1
3 41
43 28
26 23
30 28
34 7
38 41
33 6
4 7
41 24
19 30
49 7
47 23
21 27
11 21
24 42
47 4
38 33
49 28
27 37
38 43
28 21
30 11
36 46
35 45
12 1
17 32
13 25
34 47
8 35
35 26
49 40
15 40
16 24
17 31
48 14
12 28
11 27
10 47
36 41
9 29
44 15
9 23
41 48
33 34
37 9
31 40
30 18
29 27
40 12
2 16
38 10
32 34
29 7
48 6
28 14
50 35
36 45
17 4
29 30
5 21
35 7
11 25
15 22
46 20
46 37
25 40
31 37
50 69
13 32
32 23
23 16
16 18
18 38
38 37
37 12
12 10
10 20
20 42
42 50
50 6
6 24
24 8
8 2
2 17
17 3
3 27
27 29
29 44
44 22
22 48
48 1
1 9
9 49
49 47
47 33
33 39
39 41
41 15
15 46
46 21
21 28
28 25
25 30
30 5
5 26
26 34
34 45
45 40
40 7
7 43
43 36
36 35
35 19
19 14
14 31
31 11
11 4
4 13
42 34
38 36
37 29
31 2
5 15
20 38
14 3
48 27
1 38
25 17
42 4
39 16
39 21
37 41
33 12
18 4
22 33
40 15
20 24
50 135
45 36
36 31
31 23
23 9
9 11
11 21
21 15
15 7
7 47
47 16
16 27
27 22
22 14
14 35
35 19
19 43
43 48
48 1
1 12
12 6
6 39
39 46
46 41
41 37
37 10
10 26
26 24
24 2
2 17
17 3
3 5
5 50
50 44
44 33
33 38
38 20
20 29
29 13
13 18
18 8
8 42
42 4
4 30
30 40
40 28
28 49
49 34
34 32
32 25
25 45
24 34
42 40
28 16
26 49
2 38
26 37
39 9
13 4
18 43
31 40
14 32
36 7
18 6
31 4
43 44
14 48
25 6
9 35
3 28
12 39
8 34
11 4
46 18
20 41
8 21
42 3
9 46
27 39
49 11
35 29
41 35
36 21
28 23
31 24
33 17
44 4
25 11
49 14
10 34
50 31
11 26
20 10
9 13
44 21
18 45
23 22
28 41
38 31
6 27
3 2
28 12
32 18
3 19
27 38
44 28
43 8
32 12
49 23
8 45
1 39
9 1
38 43
34 31
26 5
48 3
23 13
11 23
8 22
27 20
49 33
42 44
47 18
40 17
8 20
26 22
7 38
47 46
39 19
19 14
6 10
47 6
25 33
43 40
29 42
16 13
50 132
15 11
11 17
17 40
40 4
4 46
46 7
7 28
28 31
31 36
36 21
21 3
3 14
14 2
2 19
19 20
20 43
43 6
6 30
30 22
22 49
49 34
34 32
32 45
45 12
12 47
47 10
10 5
5 39
39 33
33 26
26 37
37 44
44 27
27 38
38 16
16 8
8 24
24 25
25 1
1 9
9 29
29 35
35 41
41 18
18 23
23 13
13 50
50 48
48 42
42 15
38 30
22 19
34 14
33 36
10 13
20 45
7 36
9 30
8 13
42 13
7 18
11 46
44 38
50 36
24 39
43 24
27 46
33 8
43 17
13 26
2 17
46 24
38 24
9 43
37 21
31 49
3 8
6 28
30 7
39 16
8 37
16 18
29 22
26 29
1 40
15 22
39 1
26 38
47 42
5 21
4 17
38 9
9 49
32 46
29 47
37 27
48 24
3 11
28 47
17 39
47 33
6 15
48 8
38 22
14 32
6 47
37 17
37 31
45 9
41 47
25 7
42 36
29 36
13 3
44 21
26 17
42 18
46 12
39 6
9 23
22 3
33 35
48 4
9 3
46 9
12 32
3 37
4 30
15 32
10 19
33 21
26 5
50 130
45 19
19 40
40 48
48 14
14 31
31 36
36 47
47 35
35 28
28 7
7 15
15 2
2 46
46 10
10 3
3 23
23 34
34 4
4 42
42 24
24 30
30 32
32 50
50 38
38 33
33 12
12 29
29 43
43 11
11 22
22 13
13 49
49 21
21 17
17 6
6 27
27 5
5 9
9 1
1 44
44 16
16 26
26 25
25 39
39 37
37 18
18 41
41 8
8 20
20 45
6 2
21 31
1 27
33 21
23 44
15 47
30 6
23 43
33 31
20 46
24 46
36 28
48 36
38 46
20 31
12 4
18 15
17 9
11 33
48 21
14 43
25 37
14 44
5 18
3 17
40 46
22 46
1 2
46 35
29 20
13 44
48 41
15 3
17 22
31 34
25 8
1 21
15 14
19 9
7 22
47 6
22 24
26 5
29 25
30 19
28 18
36 10
40 7
10 42
14 24
24 44
12 24
6 37
22 14
34 43
48 26
8 43
25 13
20 3
25 14
9 13
16 15
2 41
31 40
36 29
8 21
33 22
42 23
43 42
46 23
46 9
50 42
41 36
14 12
40 47
29 46
48 30
30 5
18 24
48 10
50 98
20 5
5 30
30 13
13 44
44 36
36 11
11 40
40 3
3 49
49 35
35 27
27 50
50 7
7 2
2 9
9 18
18 14
14 45
45 8
8 32
32 23
23 48
48 37
37 43
43 38
38 19
19 26
26 28
28 12
12 42
42 34
34 41
41 33
33 31
31 10
10 24
24 25
25 16
16 21
21 1
1 29
29 22
22 47
47 15
15 46
46 4
4 6
6 17
17 39
39 20
9 30
17 43
33 36
15 42
46 31
40 14
30 1
9 7
39 25
28 19
35 46
31 2
36 2
19 50
47 11
13 48
11 18
28 29
31 37
20 21
14 17
34 12
40 16
31 18
49 27
22 23
47 34
42 13
47 27
10 35
35 40
44 11
49 24
48 12
28 39
50 17
8 42
36 31
42 16
20 41
42 33
17 8
45 10
41 1
30 23
10 30
49 9
34 45
50 53
11 12
12 14
14 23
23 42
42 15
15 39
39 6
6 41
41 43
43 35
35 50
50 20
20 32
32 44
44 18
18 21
21 36
36 30
30 49
49 16
16 48
48 38
38 10
10 17
17 7
7 40
40 28
28 45
45 2
2 37
37 29
29 25
25 34
34 47
47 24
24 4
4 13
13 22
22 33
33 19
19 26
26 3
3 9
9 5
5 46
46 1
1 8
8 27
27 31
31 11
30 32
49 6
44 33
50 124
23 15
15 18
18 28
28 32
32 17
17 22
22 40
40 36
36 29
29 38
38 34
34 35
35 43
43 47
47 7
7 5
5 14
14 11
11 13
13 6
6 19
19 8
8 2
2 45
45 16
16 39
39 24
24 4
4 33
33 48
48 50
50 49
49 27
27 21
21 41
41 20
20 10
10 42
42 12
12 37
37 25
25 1
1 31
31 30
30 44
44 26
26 3
3 46
46 9
9 23
26 24
9 42
38 5
39 27
16 22
3 34
44 4
42 5
47 20
50 14
33 47
9 18
28 39
12 22
43 20
36 48
11 19
16 14
39 33
16 12
46 28
10 49
21 9
9 32
19 25
33 32
1 45
42 1
38 9
3 32
36 11
10 38
4 15
40 16
50 25
22 9
3 9
50 44
40 23
31 50
19 15
48 16
1 36
50 21
46 41
8 13
28 21
28 2
10 31
35 27
2 16
18 34
27 37
9 45
17 24
2 26
31 40
41 6
12 13
18 5
29 48
18 48
21 35
38 27
49 43
4 34
13 9
38 16
13 30
26 38
11 27
2 21
30 24
1 13
50 109
42 18
18 34
34 46
46 1
1 35
35 47
47 40
40 21
21 41
41 30
30 45
45 11
11 9
9 38
38 19
19 50
50 48
48 26
26 10
10 36
36 37
37 22
22 31
31 25
25 15
15 32
32 14
14 6
6 24
24 4
4 27
27 20
20 28
28 2
2 44
44 17
17 29
29 49
49 39
39 16
16 33
33 23
23 13
13 12
12 3
3 7
7 5
5 8
8 43
43 42
37 10
44 40
21 23
6 34
13 34
9 41
38 6
49 14
26 15
41 37
46 49
47 11
6 42
29 42
35 44
40 45
14 40
23 42
30 12
2 35
14 18
34 27
44 30
13 17
34 49
15 27
34 29
17 2
29 39
19 14
33 1
34 16
21 17
49 36
46 35
24 19
11 26
24 48
42 8
48 41
4 14
24 29
40 39
46 16
18 45
7 24
3 36
24 21
27 47
7 32
14 41
33 26
10 4
16 8
28 38
7 33
42 46
19 45
7 18
50 75
38 2
2 11
11 26
26 28
28 14
14 48
48 17
17 27
27 35
35 46
46 30
30 50
50 39
39 43
43 29
29 3
3 4
4 5
5 1
1 40
40 19
19 45
45 13
13 47
47 20
20 23
23 31
31 42
42 36
36 15
15 8
8 22
22 9
9 24
24 49
49 16
16 34
34 44
44 41
41 21
21 25
25 37
37 7
7 33
33 12
12 10
10 32
32 6
6 18
18 38
22 25
37 47
26 12
18 24
42 16
32 34
13 34
14 42
12 48
33 15
4 23
22 31
29 22
16 26
26 14
11 21
37 16
42 25
5 23
19 24
44 12
39 12
10 50
10 17
20 45
50 78
27 43
43 44
44 35
35 21
21 4
4 49
49 24
24 42
42 14
14 36
36 3
3 33
33 2
2 37
37 48
48 7
7 40
40 34
34 50
50 1
1 29
29 15
15 47
47 25
25 23
23 20
20 41
41 16
16 26
26 12
12 38
38 13
13 17
17 30
30 46
46 18
18 39
39 8
8 22
22 19
19 32
32 31
31 10
10 11
11 6
6 5
5 9
9 45
45 28
28 27
50 31
45 24
40 17
23 18
22 47
45 36
34 3
43 37
5 15
26 39
21 33
12 34
2 25
26 23
45 20
6 44
42 7
15 11
34 29
5 46
37 1
23 24
18 28
3 49
35 50
44 24
10 32
23 13
50 138
7 49
49 11
11 8
8 39
39 45
45 43
43 38
38 44
44 6
6 33
33 13
13 41
41 2
2 29
29 18
18 1
1 20
20 32
32 36
36 12
12 26
26 34
34 48
48 19
19 50
50 30
30 28
28 17
17 22
22 4
4 40
40 10
10 47
47 21
21 37
37 15
15 3
3 14
14 35
35 25
25 46
46 23
23 5
5 31
31 16
16 24
24 27
27 9
9 42
42 7
33 26
9 19
32 8
12 19
49 26
23 24
46 26
33 25
46 2
28 48
29 37
29 26
19 16
18 13
27 40
25 31
41 38
18 22
16 48
10 4
19 27
45 29
40 28
17 32
36 15
48 15
43 12
48 17
48 25
29 8
30 39
30 15
6 43
3 23
31 43
21 27
5 16
17 39
12 10
15 35
2 25
6 38
8 26
39 40
26 30
25 40
25 11
6 36
49 40
4 35
3 11
13 11
21 2
23 2
47 44
34 37
20 37
14 1
3 12
1 38
21 6
36 7
10 11
45 36
35 19
39 5
50 14
47 22
22 46
40 12
46 13
26 3
42 25
25 22
39 26
46 50
36 38
14 42
31 21
6 3
33 4
11 23
24 43
42 20
38 22
27 32
20 48
30 25
50 151
19 46
46 9
9 42
42 45
45 39
39 12
12 38
38 43
43 2
2 17
17 10
10 32
32 4
4 33
33 23
23 34
34 18
18 3
3 21
21 16
16 26
26 44
44 30
30 7
7 41
41 11
11 48
48 8
8 35
35 20
20 14
14 22
22 1
1 37
37 47
47 5
5 40
40 50
50 15
15 31
31 6
6 49
49 29
29 25
25 36
36 28
28 27
27 13
13 24
24 19
1 33
21 41
33 14
47 30
38 44
34 4
21 14
42 8
25 20
10 29
17 48
5 48
13 38
12 48
44 29
25 1
8 29
39 27
45 29
7 21
21 32
46 6
50 11
5 1
5 15
16 40
29 13
41 10
32 11
17 22
7 39
10 47
47 26
15 25
39 43
35 25
23 39
17 30
37 12
36 8
33 38
41 13
6 14
11 23
30 43
12 30
1 4
36 31
2 26
33 25
27 45
42 37
21 35
39 11
50 36
39 14
47 31
38 22
26 23
32 22
15 21
10 48
32 16
22 4
45 32
30 40
6 17
25 38
39 44
9 6
14 1
25 32
42 4
15 11
2 25
6 21
22 29
10 40
45 18
28 32
17 21
11 13
35 17
27 31
32 31
7 33
2 13
20 17
33 48
4 2
9 32
22 15
49 10
43 20
41 27
20 39
20 23
29 4
38 28
37 3
3 34
50 161
43 14
14 8
8 17
17 23
23 11
11 5
5 15
15 4
4 39
39 38
38 42
42 45
45 37
37 16
16 30
30 44
44 2
2 31
31 35
35 47
47 7
7 3
3 49
49 6
6 34
34 29
29 32
32 50
50 26
26 24
24 19
19 22
22 48
48 41
41 28
28 25
25 36
36 21
21 10
10 20
20 18
18 1
1 9
9 33
33 27
27 13
13 40
40 46
46 12
12 43
46 35
46 27
5 36
43 18
15 46
15 11
38 13
48 26
33 39
37 32
4 33
45 29
17 41
25 49
16 24
39 20
10 37
14 10
7 4
18 31
26 11
21 45
49 12
11 44
7 27
23 35
32 40
24 25
11 12
20 26
7 6
27 32
21 7
34 36
6 47
5 49
22 7
38 26
23 21
2 45
32 2
23 33
37 15
27 8
5 1
22 31
37 35
11 19
12 35
23 37
46 31
35 11
18 23
49 29
8 37
30 42
37 21
28 45
48 35
28 15
37 42
3 25
43 9
39 1
34 40
3 31
4 48
12 16
47 15
27 19
38 17
40 31
34 46
36 28
35 38
39 3
41 36
43 4
49 39
30 26
35 26
41 18
48 18
1 50
29 24
26 29
13 4
17 37
33 15
38 28
42 34
33 13
50 2
43 13
17 10
24 40
38 34
20 29
31 38
20 28
17 13
10 11
25 20
30 39
23 16
40 38
33 7
25 11
45 3
17 11
45 22
50 70
50 39
39 12
12 45
45 28
28 33
33 23
23 17
17 42
42 48
48 14
14 46
46 21
21 15
15 11
11 44
44 13
13 16
16 49
49 29
29 3
3 10
10 40
40 5
5 43
43 2
2 35
35 7
7 20
20 6
6 9
9 24
24 4
4 37
37 19
19 27
27 36
36 26
26 41
41 47
47 31
31 1
1 38
38 18
18 30
30 34
34 22
22 25
25 8
8 32
32 50
47 33
43 14
36 2
43 33
1 47
23 20
45 43
37 39
23 45
13 32
45 3
20 48
49 48
18 22
9 25
46 24
39 14
40 22
17 49
30 27
50 95
44 1
1 16
16 34
34 29
29 47
47 23
23 4
4 33
33 15
15 42
42 2
2 27
27 48
48 12
12 38
38 26
26 36
36 46
46 30
30 37
37 7
7 41
41 8
8 25
25 11
11 28
28 32
32 3
3 20
20 40
40 49
49 50
50 5
5 21
21 22
22 45
45 18
18 10
10 24
24 39
39 17
17 14
14 43
43 6
6 13
13 19
19 31
31 9
9 35
35 44
41 13
34 19
18 34
31 34
26 23
30 18
8 12
37 34
25 32
11 15
3 48
49 25
2 35
23 34
38 22
1 6
13 8
15 48
24 30
5 29
6 17
34 20
29 19
46 14
16 45
35 46
2 17
34 22
21 7
8 32
38 47
26 29
33 21
39 40
7 18
50 32
44 30
38 34
6 5
49 6
30 29
9 43
37 48
30 28
35 21
50 64
33 18
18 2
2 4
4 5
5 39
39 48
48 27
27 15
15 16
16 25
25 17
17 21
21 50
50 49
49 31
31 46
46 32
32 42
42 24
24 47
47 14
14 35
35 9
9 30
30 6
6 22
22 1
1 13
13 19
19 36
36 37
37 26
26 8
8 29
29 40
40 20
20 11
11 34
34 44
44 7
7 3
3 38
38 41
41 23
23 45
45 12
12 10
10 28
28 43
43 33
36 22
18 47
2 11
43 14
12 39
33 2
35 39
16 40
9 2
38 9
36 49
42 12
40 41
46 28
50 141
11 6
6 13
13 23
23 10
10 35
35 22
22 36
36 14
14 33
33 5
5 20
20 46
46 12
12 38
38 9
9 45
45 48
48 31
31 8
8 21
21 39
39 3
3 26
26 41
41 50
50 30
30 2
2 29
29 17
17 40
40 32
32 19
19 18
18 27
27 15
15 42
42 49
49 4
4 1
1 7
7 16
16 28
28 34
34 37
37 43
43 24
24 47
47 25
25 44
44 11
37 14
14 21
32 12
5 10
16 18
8 49
6 22
14 1
17 15
37 50
42 14
15 24
23 15
29 3
46 39
49 5
39 15
13 25
33 22
40 37
11 43
40 36
41 8
46 15
50 11
12 11
28 38
47 29
40 20
28 21
50 20
2 12
50 40
22 9
18 26
50 26
14 20
36 23
25 41
24 41
37 44
14 16
22 49
17 39
15 29
6 39
20 49
8 36
22 32
38 4
2 20
35 11
38 42
14 48
13 35
50 3
29 49
46 48
35 31
11 40
10 50
5 35
42 44
22 11
36 26
1 49
35 41
9 42
50 4
41 27
32 8
24 37
37 49
40 44
29 35
49 27
25 2
4 35
27 37
27 17
34 13
42 13
44 28
17 37
18 15
16 6
8 20
49 13
2 27
49 31
34 31
50 102
2 38
38 40
40 32
32 23
23 26
26 43
43 42
42 30
30 15
15 18
18 49
49 39
39 12
12 5
5 10
10 24
24 13
13 35
35 50
50 34
34 8
8 37
37 17
17 36
36 19
19 47
47 7
7 21
21 33
33 22
22 28
28 44
44 31
31 48
48 46
46 11
11 25
25 45
45 29
29 1
1 14
14 6
6 4
4 9
9 27
27 41
41 3
3 16
16 20
20 2
25 35
20 30
23 29
40 46
43 18
31 34
4 18
5 48
4 17
30 47
37 19
3 18
22 14
22 24
20 9
25 27
7 39
8 38
8 36
36 40
6 9
20 22
13 40
9 3
50 38
1 39
4 13
38 35
23 22
5 50
26 4
15 37
13 46
24 8
50 44
24 43
17 6
35 1
17 38
2 22
48 32
24 48
25 10
11 43
34 30
34 29
10 7
37 16
3 26
9 40
45 24
31 39
50 87
39 32
32 33
33 23
23 6
6 48
48 46
46 22
22 43
43 27
27 19
19 2
2 49
49 21
21 20
20 25
25 26
26 14
14 12
12 15
15 29
29 44
44 18
18 30
30 17
17 24
24 13
13 8
8 37
37 1
1 50
50 47
47 9
9 42
42 45
45 36
36 3
3 35
35 7
7 41
41 4
4 11
11 28
28 40
40 34
34 5
5 38
38 10
10 16
16 31
31 39
50 38
14 31
4 40
43 9
8 46
44 27
34 33
30 33
30 47
9 41
37 38
29 6
43 31
37 49
13 23
36 44
46 3
16 50
1 45
10 17
17 45
24 34
42 14
16 12
39 44
11 39
22 16
28 8
33 49
37 11
33 41
2 28
37 3
32 4
27 40
24 6
11 16
50 101
15 44
44 7
7 37
37 24
24 6
6 4
4 17
17 22
22 49
49 1
1 5
5 21
21 12
12 39
39 25
25 43
43 27
27 19
19 30
30 28
28 20
20 32
32 45
45 26
26 46
46 42
42 40
40 50
50 13
13 34
34 35
35 11
11 47
47 8
8 23
23 14
14 31
31 36
36 9
9 16
16 2
2 29
29 3
3 10
10 48
48 18
18 41
41 38
38 33
33 15
8 31
43 18
37 12
22 38
7 40
13 9
19 38
18 9
35 4
24 32
29 45
1 16
1 30
9 27
22 31
24 30
26 40
5 50
24 5
19 13
5 40
6 45
22 35
26 36
23 22
44 17
1 17
50 22
47 33
31 9
29 4
42 14
21 17
34 2
30 4
13 16
3 13
12 29
22 27
15 21
49 46
26 11
33 44
24 13
10 11
11 16
46 22
41 27
4 36
41 35
39 22
50 139
15 25
25 1
1 40
40 43
43 41
41 14
14 28
28 23
23 34
34 29
29 4
4 9
9 6
6 11
11 49
49 36
36 16
16 32
32 24
24 31
31 35
35 22
22 20
20 8
8 18
18 42
42 39
39 5
5 21
21 13
13 33
33 27
27 37
37 47
47 38
38 46
46 50
50 48
48 10
10 3
3 7
7 2
2 17
17 26
26 44
44 12
12 19
19 45
45 30
30 15
17 31
50 20
42 16
34 37
45 50
22 48
7 22
36 40
41 30
48 19
27 19
12 32
13 24
29 8
28 4
43 15
18 6
42 12
45 15
36 18
28 17
19 10
25 50
20 6
14 39
22 10
44 13
25 3
24 6
6 41
37 46
12 29
7 11
35 37
3 4
14 7
23 14
21 27
10 41
13 32
32 23
5 26
27 32
23 45
21 16
31 48
16 31
32 25
45 27
1 39
38 39
34 19
7 29
34 50
23 50
3 39
8 34
29 48
14 40
16 14
45 44
35 33
32 20
25 8
27 41
29 46
17 47
45 8
16 48
27 11
2 40
8 50
13 34
45 10
12 21
7 21
36 23
2 38
40 18
43 26
23 3
49 20
40 47
14 34
50 38
45 3
18 37
13 25
48 3
50 144
42 26
26 32
32 2
2 10
10 12
12 48
48 21
21 4
4 31
31 22
22 16
16 30
30 43
43 39
39 14
14 41
41 37
37 44
44 27
27 35
35 50
50 9
9 5
5 46
46 6
6 47
47 34
34 19
19 25
25 8
8 20
20 11
11 23
23 1
1 28
28 49
49 3
3 18
18 24
24 45
45 15
15 17
17 13
13 29
29 40
40 7
7 36
36 38
38 33
33 42
18 38
45 21
10 31
2 26
14 7
30 41
18 27
35 4
34 36
32 29
45 16
36 37
7 26
49 25
37 6
15 43
31 16
39 1
47 20
7 37
32 40
17 30
47 42
14 19
36 10
18 8
16 38
41 10
26 27
35 19
37 8
18 49
44 10
7 49
45 1
42 46
20 41
11 4
27 29
8 4
4 32
32 44
8 43
2 28
36 23
48 36
32 36
34 14
27 5
20 5
38 22
44 8
22 43
10 20
15 47
42 17
10 23
29 2
6 8
7 43
28 22
47 45
26 22
49 9
49 43
43 27
39 15
7 50
38 4
34 17
2 11
8 19
40 25
20 38
8 1
46 47
6 18
20 28
9 42
27 40
49 47
9 6
27 19
1 11
1 37
1 5
13 11
48 30
10 3
18 44
33 32
24 27
2 43
43 24
50 72
43 46
46 26
26 27
27 13
13 24
24 2
2 41
41 29
29 12
12 34
34 19
19 35
35 7
7 11
11 50
50 31
31 16
16 32
32 23
23 47
47 21
21 18
18 15
15 25
25 10
10 36
36 42
42 5
5 20
20 28
28 6
6 4
4 33
33 39
39 37
37 1
1 14
14 3
3 17
17 40
40 45
45 49
49 8
8 38
38 9
9 48
48 22
22 30
30 44
44 43
45 25
10 5
41 7
13 46
31 33
14 21
15 13
1 29
43 16
13 21
36 38
5 28
42 10
9 23
42 31
1 24
48 44
47 25
47 19
23 39
3 21
17 39
50 162
12 11
11 28
28 23
23 46
46 7
7 15
15 33
33 47
47 6
6 41
41 22
22 14
14 17
17 49
49 39
39 37
37 13
13 5
5 45
45 2
2 40
40 1
1 8
8 25
25 4
4 30
30 9
9 27
27 34
34 31
31 44
44 24
24 32
32 26
26 18
18 21
21 35
35 48
48 3
3 50
50 16
16 19
19 29
29 36
36 42
42 43
43 38
38 20
20 10
10 12
25 47
29 1
4 41
1 46
39 16
41 31
29 33
29 13
5 25
41 11
33 36
1 18
4 31
14 33
48 24
29 12
35 43
26 11
9 4
46 28
26 24
7 50
10 19
35 18
15 21
36 5
37 24
3 43
24 8
45 37
49 11
33 8
49 12
26 50
16 28
30 11
43 34
20 5
13 18
35 25
39 13
42 17
23 24
26 42
28 29
41 39
21 46
35 11
23 3
4 27
4 14
13 50
16 47
35 7
25 20
28 7
40 23
45 6
12 8
27 49
5 16
19 33
17 20
38 44
35 1
25 50
9 26
42 21
27 20
10 26
45 31
46 17
50 28
44 5
34 42
32 47
31 7
9 17
12 42
1 11
15 30
22 16
9 25
33 18
17 4
32 21
33 3
3 16
4 33
12 2
16 2
23 9
2 1
22 33
42 35
22 31
8 21
42 30
36 2
18 4
37 7
49 25
21 50
27 39
31 26
9 32
8 14
20 41
5 33
9 3
30 28
38 16
50 143
29 31
31 39
39 47
47 20
20 18
18 49
49 22
22 15
15 37
37 26
26 38
38 6
6 33
33 32
32 24
24 11
11 19
19 34
34 36
36 35
35 16
16 12
12 42
42 46
46 28
28 7
7 5
5 4
4 50
50 45
45 23
23 9
9 3
3 25
25 21
21 1
1 43
43 17
17 40
40 10
10 27
27 44
44 2
2 14
14 13
13 30
30 41
41 48
48 8
8 29
1 2
33 42
32 28
28 35
25 27
10 48
43 6
2 35
41 32
24 30
21 33
32 27
18 41
49 4
10 4
17 12
31 44
3 21
42 34
20 7
27 12
12 36
30 26
43 36
35 32
9 12
4 47
47 3
39 41
22 26
17 33
15 50
14 5
28 17
22 14
11 6
16 38
10 32
9 33
29 45
36 30
28 14
30 18
37 19
35 43
27 50
22 36
44 10
7 33
50 26
5 18
39 25
39 4
10 18
50 34
47 44
30 42
15 48
28 40
40 36
36 11
2 3
13 23
40 32
12 14
2 48
21 34
48 17
24 14
6 29
15 23
28 6
33 19
42 43
45 30
31 21
4 2
11 5
2 27
46 6
37 7
8 2
28 1
19 46
23 41
9 31
18 4
11 49
32 43
22 31
6 37
50 23
36 20
50 103
23 4
4 44
44 48
48 5
5 16
16 1
1 29
29 49
49 30
30 46
46 36
36 12
12 18
18 33
33 11
11 6
6 19
19 31
31 8
8 24
24 40
40 25
25 47
47 20
20 42
42 22
22 27
27 2
2 35
35 32
32 39
39 10
10 45
45 26
26 7
7 17
17 50
50 43
43 41
41 38
38 13
13 21
21 34
34 28
28 14
14 3
3 9
9 15
15 37
37 23
6 27
22 29
28 47
1 50
41 12
26 38
50 5
20 31
8 26
12 6
14 8
20 1
27 9
20 43
41 42
21 31
16 17
19 41
36 8
17 20
35 13
43 17
46 14
21 24
21 16
35 30
13 45
48 25
15 38
17 21
1 25
29 23
9 11
3 23
48 10
29 26
3 45
5 29
8 5
31 48
30 11
30 3
50 6
43 30
49 5
36 19
46 44
48 22
21 18
49 39
41 4
17 19
11 14
50 110
13 3
3 12
12 5
5 4
4 22
22 20
20 17
17 36
36 47
47 33
33 29
29 14
14 39
39 48
48 25
25 45
45 15
15 24
24 28
28 34
34 46
46 7
7 27
27 38
38 19
19 49
49 41
41 2
2 18
18 32
32 40
40 16
16 35
35 6
6 37
37 9
9 31
31 30
30 43
43 8
8 42
42 10
10 23
23 21
21 1
1 50
50 44
44 11
11 26
26 13
48 5
40 20
49 50
8 10
11 2
13 42
27 3
42 11
47 20
41 46
18 36
20 48
43 16
26 34
40 4
15 33
11 25
20 31
11 9
2 37
43 14
41 9
20 43
20 49
46 5
44 30
11 21
31 29
42 24
9 1
26 17
9 3
29 9
17 37
38 32
29 23
19 23
15 4
25 8
19 2
16 25
30 33
48 19
4 48
1 49
5 24
49 36
24 43
15 2
44 39
34 35
24 40
2 25
20 42
38 13
44 22
41 33
33 3
34 16
8 1
