60 108
8 3
8 11
3 11
57 7
8 7
3 7
3 57
15 34
3 34
11 34
11 15
53 18
8 18
3 18
3 53
1 46
3 46
11 46
11 1
45 12
3 12
11 12
11 45
28 23
11 23
8 23
8 28
36 10
36 54
10 54
35 56
36 56
10 56
10 35
58 25
10 25
54 25
54 58
26 38
10 38
54 38
54 26
49 13
54 13
36 13
36 49
37 14
10 14
54 14
54 37
41 20
36 20
10 20
10 41
42 19
42 6
19 6
9 47
6 47
42 47
42 9
24 60
6 60
42 60
42 24
22 52
19 52
6 52
6 22
43 29
42 29
19 29
19 43
33 59
42 59
19 59
19 33
40 30
6 30
42 30
42 40
32 55
32 44
55 44
17 51
55 51
44 51
44 17
16 48
44 48
32 48
32 16
4 39
55 39
44 39
44 4
2 50
55 50
44 50
44 2
5 31
32 31
55 31
55 5
27 21
55 21
44 21
44 27
63 105
46 10
46 33
10 33
32 19
46 19
10 19
10 32
41 8
10 8
33 8
33 41
6 21
33 21
46 21
46 6
27 11
27 53
11 53
40 3
27 3
11 3
11 40
49 56
53 56
27 56
27 49
42 4
11 4
53 4
53 42
37 38
37 29
38 29
39 18
38 18
29 18
29 39
55 45
38 45
29 45
29 55
22 15
37 15
38 15
38 22
7 9
7 59
9 59
13 30
59 30
7 30
7 13
48 50
7 50
9 50
9 48
26 12
7 12
9 12
9 26
24 17
24 62
17 62
57 58
17 58
62 58
62 57
36 16
17 16
62 16
62 36
60 35
24 35
17 35
17 60
14 52
14 61
52 61
23 63
52 63
61 63
61 23
44 31
52 31
61 31
61 44
20 25
52 25
61 25
61 20
2 5
2 51
5 51
47 1
5 1
51 1
51 47
28 43
2 43
5 43
5 28
34 54
5 54
51 54
51 34
81 135
26 31
26 44
31 44
10 48
44 48
26 48
26 10
22 54
44 54
26 54
26 22
51 15
31 15
44 15
44 51
74 79
74 65
79 65
24 45
65 45
74 45
74 24
3 71
79 71
65 71
65 3
70 63
65 63
74 63
74 70
32 50
32 81
50 81
16 6
32 6
50 6
50 16
76 40
81 40
32 40
32 76
42 52
50 52
81 52
81 42
67 28
67 11
28 11
20 13
67 13
28 13
28 20
62 75
28 75
11 75
11 62
2 23
11 23
67 23
67 2
61 60
61 53
60 53
73 34
61 34
60 34
60 73
8 30
60 30
53 30
53 8
37 36
53 36
61 36
61 37
12 9
12 1
9 1
35 47
12 47
9 47
9 35
25 55
1 55
12 55
12 25
68 27
9 27
1 27
1 68
58 7
58 14
7 14
4 80
7 80
14 80
14 4
77 18
14 18
58 18
58 77
56 43
14 43
58 43
58 56
33 39
33 41
39 41
57 72
41 72
33 72
33 57
5 38
39 38
41 38
41 5
46 59
39 59
41 59
41 46
78 17
78 69
17 69
64 21
78 21
17 21
17 64
29 66
78 66
17 66
17 29
49 19
78 19
17 19
17 49
60 108
16 39
16 38
39 38
58 13
39 13
38 13
38 58
29 21
38 21
16 21
16 29
43 59
16 59
39 59
39 43
14 28
38 28
16 28
16 14
22 48
38 48
16 48
16 22
49 20
16 20
39 20
39 49
46 54
46 56
54 56
18 11
54 11
56 11
56 18
32 8
46 8
54 8
54 32
4 41
56 41
46 41
46 4
35 23
46 23
54 23
54 35
60 24
46 24
54 24
54 60
15 42
46 42
54 42
54 15
5 9
5 25
9 25
53 33
25 33
5 33
5 53
30 34
5 34
9 34
9 30
47 2
25 2
5 2
5 47
52 55
5 55
9 55
9 52
27 44
5 44
9 44
9 27
3 31
25 31
5 31
5 3
45 10
45 40
10 40
7 36
10 36
40 36
40 7
37 17
45 17
10 17
10 37
19 50
45 50
10 50
10 19
1 6
10 6
40 6
40 1
51 57
45 57
10 57
10 51
26 12
10 12
40 12
40 26
63 117
37 60
37 44
60 44
61 23
44 23
37 23
37 61
54 19
60 19
44 19
44 54
56 9
60 9
44 9
44 56
42 51
37 51
60 51
60 42
28 33
37 33
60 33
60 28
25 31
37 31
60 31
60 25
35 5
60 5
44 5
44 35
46 14
37 14
60 14
60 46
13 52
44 52
37 52
37 13
22 7
22 34
7 34
40 48
34 48
22 48
22 40
4 49
7 49
34 49
34 4
36 32
7 32
34 32
34 36
15 30
7 30
34 30
34 15
16 50
7 50
34 50
34 16
8 39
22 39
7 39
7 8
63 18
7 18
34 18
34 63
12 53
34 53
22 53
22 12
27 38
7 38
34 38
34 27
3 29
3 41
29 41
47 45
3 45
29 45
29 47
10 11
29 11
41 11
41 10
58 24
3 24
29 24
29 58
17 43
29 43
41 43
41 17
20 26
29 26
41 26
41 20
21 1
3 1
29 1
29 21
2 59
3 59
29 59
29 2
55 6
3 6
29 6
29 55
57 62
29 62
41 62
41 57
65 115
50 59
50 56
59 56
28 29
56 29
50 29
50 28
47 60
56 60
50 60
50 47
23 54
50 54
59 54
59 23
3 9
56 9
50 9
50 3
20 15
59 15
56 15
56 20
7 27
7 25
27 25
34 42
7 42
27 42
27 34
37 36
25 36
7 36
7 37
17 43
25 43
7 43
7 17
40 5
25 5
7 5
7 40
63 44
25 44
7 44
7 63
2 1
2 24
1 24
64 45
2 45
1 45
1 64
11 33
24 33
2 33
2 11
30 35
24 35
2 35
2 30
38 26
24 26
2 26
2 38
31 51
24 51
2 51
2 31
61 62
61 53
62 53
52 57
53 57
61 57
61 52
16 12
62 12
53 12
53 16
18 21
53 21
61 21
61 18
46 10
62 10
53 10
53 46
22 6
53 6
61 6
61 22
14 55
14 65
55 65
49 48
14 48
55 48
55 49
58 19
14 19
55 19
55 58
39 41
55 41
65 41
65 39
4 8
55 8
65 8
65 4
13 32
65 32
14 32
14 13
66 114
58 29
58 18
29 18
52 11
18 11
58 11
58 52
54 53
58 53
29 53
29 54
25 50
29 50
18 50
18 25
6 19
18 19
58 19
58 6
59 61
59 15
61 15
66 31
61 31
15 31
15 66
39 24
15 24
59 24
59 39
34 36
59 36
61 36
61 34
65 17
59 17
61 17
61 65
21 16
21 64
16 64
8 10
21 10
16 10
16 8
30 1
21 1
16 1
16 30
26 27
21 27
16 27
16 26
44 3
21 3
16 3
16 44
47 28
47 35
28 35
20 42
28 42
35 42
35 20
9 32
47 32
28 32
28 9
5 63
47 63
28 63
28 5
46 60
47 60
28 60
28 46
55 22
55 14
22 14
51 48
22 48
14 48
14 51
56 43
22 43
14 43
14 56
13 4
22 4
14 4
14 13
2 62
14 62
55 62
55 2
7 41
7 38
41 38
37 12
41 12
38 12
38 37
49 40
7 40
41 40
41 49
33 23
7 23
41 23
41 33
45 57
41 57
38 57
38 45
66 114
59 64
59 2
64 2
18 6
59 6
64 6
64 18
46 36
59 36
64 36
64 46
61 28
2 28
59 28
59 61
49 37
64 37
2 37
2 49
50 57
50 11
57 11
16 44
11 44
50 44
50 16
17 35
50 35
57 35
57 17
43 7
57 7
11 7
11 43
12 24
57 24
11 24
11 12
23 65
23 47
65 47
20 8
65 8
47 8
47 20
62 38
65 38
47 38
47 62
25 55
65 55
47 55
47 25
30 56
47 56
23 56
23 30
45 9
45 19
9 19
32 60
9 60
19 60
19 32
27 48
19 48
45 48
45 27
40 52
45 52
9 52
9 40
54 58
45 58
9 58
9 54
63 4
63 3
4 3
21 13
3 13
63 13
63 21
39 51
63 51
4 51
4 39
41 31
63 31
4 31
4 41
66 1
3 1
63 1
63 66
10 14
10 34
14 34
5 29
14 29
34 29
34 5
22 15
10 15
14 15
14 22
53 26
14 26
34 26
34 53
42 33
10 33
14 33
14 42
63 117
22 33
22 35
33 35
15 18
35 18
22 18
22 15
3 21
33 21
35 21
35 3
7 48
35 48
22 48
22 7
61 13
33 13
35 13
35 61
23 39
22 39
33 39
33 23
52 32
33 32
35 32
35 52
36 16
33 16
35 16
35 36
44 19
22 19
33 19
33 44
26 20
35 20
22 20
22 26
24 27
24 17
27 17
62 40
24 40
27 40
27 62
51 54
24 54
27 54
27 51
58 49
17 49
24 49
24 58
4 60
27 60
17 60
17 4
9 8
27 8
17 8
17 9
31 5
27 5
17 5
17 31
41 43
17 43
24 43
24 41
59 38
17 38
24 38
24 59
29 1
24 1
27 1
27 29
56 28
56 14
28 14
46 11
28 11
14 11
14 46
50 2
14 2
56 2
56 50
57 63
28 63
14 63
14 57
10 37
14 37
56 37
56 10
34 53
28 53
14 53
14 34
25 55
14 55
56 55
56 25
30 6
14 6
56 6
56 30
42 45
56 45
28 45
28 42
47 12
28 12
14 12
14 47
63 117
24 60
24 16
60 16
50 62
16 62
24 62
24 50
6 41
24 41
60 41
60 6
45 49
16 49
24 49
24 45
9 2
16 2
24 2
24 9
29 43
16 43
24 43
24 29
39 54
16 54
24 54
24 39
36 52
16 52
24 52
24 36
40 12
24 12
60 12
60 40
32 11
60 11
16 11
16 32
22 5
22 19
5 19
48 7
22 7
5 7
5 48
17 14
22 14
5 14
5 17
58 27
5 27
19 27
19 58
25 51
22 51
5 51
5 25
61 56
5 56
19 56
19 61
31 55
5 55
19 55
19 31
30 47
22 47
5 47
5 30
46 44
5 44
19 44
19 46
28 26
22 26
5 26
5 28
42 63
42 10
63 10
18 33
63 33
10 33
10 18
13 1
42 1
63 1
63 13
20 35
42 35
63 35
63 20
3 59
63 59
10 59
10 3
21 38
42 38
63 38
63 21
4 37
10 37
42 37
42 4
8 15
10 15
42 15
42 8
53 23
42 23
63 23
63 53
34 57
10 57
42 57
42 34
63 117
41 56
41 14
56 14
7 44
14 44
41 44
41 7
47 58
41 58
56 58
56 47
37 2
56 2
14 2
14 37
52 38
41 38
56 38
56 52
10 34
14 34
41 34
41 10
30 42
14 42
41 42
41 30
12 15
14 15
41 15
41 12
23 18
14 18
41 18
41 23
32 54
41 54
56 54
56 32
45 35
45 17
35 17
49 29
35 29
17 29
17 49
11 5
45 5
35 5
35 11
9 61
45 61
35 61
35 9
59 21
17 21
45 21
45 59
48 22
17 22
45 22
45 48
31 62
17 62
45 62
45 31
57 28
45 28
35 28
35 57
46 3
45 3
35 3
35 46
63 36
45 36
35 36
35 63
33 25
33 60
25 60
20 24
60 24
33 24
33 20
55 43
25 43
60 43
60 55
39 19
25 19
60 19
60 39
4 6
33 6
25 6
25 4
51 8
25 8
60 8
60 51
40 26
60 26
33 26
33 40
53 27
60 27
33 27
33 53
1 50
33 50
25 50
25 1
13 16
60 16
33 16
33 13
60 108
31 57
31 6
57 6
29 49
6 49
31 49
31 29
7 18
31 18
57 18
57 7
42 43
57 43
6 43
6 42
60 23
31 23
57 23
57 60
8 30
6 30
31 30
31 8
59 51
6 51
31 51
31 59
39 40
39 46
40 46
24 9
39 9
40 9
40 24
37 3
39 3
40 3
40 37
48 35
46 35
39 35
39 48
36 56
46 56
39 56
39 36
10 28
40 28
46 28
46 10
34 27
46 27
39 27
39 34
2 58
2 25
58 25
26 54
2 54
58 54
58 26
22 14
58 14
25 14
25 22
53 38
25 38
2 38
2 53
45 21
25 21
2 21
2 45
4 52
2 52
58 52
58 4
41 55
58 55
25 55
25 41
1 5
1 15
5 15
33 13
1 13
5 13
5 33
17 20
1 20
5 20
5 17
16 12
15 12
1 12
1 16
32 47
5 47
15 47
15 32
50 11
5 11
15 11
15 50
44 19
5 19
15 19
15 44
63 105
45 3
45 46
3 46
30 54
3 54
46 54
46 30
16 14
3 14
46 14
46 16
13 40
45 40
3 40
3 13
60 4
60 27
4 27
55 9
27 9
60 9
60 55
61 20
27 20
60 20
60 61
58 59
4 59
27 59
27 58
34 35
34 12
35 12
56 26
35 26
12 26
12 56
29 17
12 17
34 17
34 29
23 5
34 5
35 5
35 23
51 11
51 53
11 53
8 21
11 21
53 21
53 8
50 39
53 39
51 39
51 50
18 44
11 44
53 44
53 18
41 52
41 37
52 37
10 43
52 43
37 43
37 10
63 38
41 38
52 38
52 63
15 42
37 42
41 42
41 15
57 22
57 28
22 28
6 48
57 48
22 48
22 6
32 36
22 36
28 36
28 32
24 19
22 19
28 19
28 24
33 7
33 47
7 47
1 25
33 25
7 25
7 1
62 49
7 49
47 49
47 62
2 31
7 31
47 31
47 2
81 135
27 44
27 31
44 31
71 7
44 7
31 7
31 71
60 43
31 43
27 43
27 60
63 49
27 49
44 49
44 63
24 45
24 68
45 68
22 79
24 79
45 79
45 22
55 52
45 52
68 52
68 55
13 35
45 35
68 35
68 13
54 51
54 66
51 66
9 40
66 40
54 40
54 9
72 23
51 23
66 23
66 72
58 26
51 26
66 26
66 58
18 32
18 46
32 46
47 36
46 36
18 36
18 47
15 29
46 29
18 29
18 15
61 25
32 25
46 25
46 61
56 4
56 28
4 28
3 38
4 38
28 38
28 3
42 34
56 34
4 34
4 42
77 76
28 76
56 76
56 77
6 21
6 30
21 30
70 74
6 74
21 74
21 70
59 16
30 16
6 16
6 59
17 53
6 53
21 53
21 17
64 67
64 8
67 8
19 2
64 2
67 2
67 19
69 37
64 37
67 37
67 69
62 78
64 78
67 78
67 62
33 12
33 1
12 1
10 65
1 65
33 65
33 10
50 81
12 81
1 81
1 50
75 14
12 14
1 14
1 75
73 41
73 39
41 39
80 57
73 57
41 57
41 80
5 11
39 11
73 11
73 5
20 48
41 48
39 48
39 20
66 114
65 3
65 28
3 28
26 31
65 31
3 31
3 26
41 55
3 55
28 55
28 41
37 44
65 44
3 44
3 37
35 5
3 5
28 5
28 35
50 38
50 48
38 48
43 47
48 47
50 47
50 43
17 16
48 16
50 16
50 17
34 39
50 39
38 39
38 34
13 10
48 10
50 10
50 13
32 8
32 46
8 46
60 52
8 52
46 52
46 60
57 54
32 54
8 54
8 57
21 53
8 53
46 53
46 21
29 64
46 64
32 64
32 29
14 40
14 19
40 19
49 18
19 18
14 18
14 49
15 30
40 30
19 30
19 15
1 62
19 62
14 62
14 1
51 33
40 33
19 33
19 51
58 24
58 56
24 56
63 22
24 22
56 22
56 63
12 42
58 42
24 42
24 12
9 20
56 20
58 20
58 9
45 36
24 36
56 36
56 45
59 27
59 61
27 61
7 23
59 23
27 23
27 7
66 4
59 4
27 4
27 66
25 6
59 6
27 6
27 25
11 2
27 2
61 2
61 11
81 135
23 1
23 70
1 70
78 47
23 47
1 47
1 78
48 16
70 16
23 16
23 48
62 14
70 14
23 14
23 62
8 39
8 4
39 4
80 76
4 76
8 76
8 80
74 20
4 20
8 20
8 74
57 58
8 58
39 58
39 57
50 13
50 63
13 63
43 25
63 25
50 25
50 43
24 31
50 31
13 31
13 24
38 30
13 30
63 30
63 38
49 59
49 7
59 7
11 81
59 81
7 81
7 11
27 54
7 54
49 54
49 27
52 46
7 46
49 46
49 52
36 72
36 45
72 45
12 26
72 26
45 26
45 12
73 40
36 40
72 40
72 73
10 32
36 32
72 32
72 10
53 69
53 51
69 51
55 42
53 42
69 42
69 55
41 56
69 56
51 56
51 41
68 29
51 29
53 29
53 68
75 18
75 17
18 17
6 34
18 34
17 34
17 6
79 44
18 44
17 44
17 79
15 64
17 64
75 64
75 15
33 67
33 37
67 37
65 22
33 22
67 22
67 65
61 66
33 66
67 66
67 61
5 2
67 2
37 2
37 5
60 3
60 28
3 28
35 77
3 77
28 77
28 35
71 19
28 19
60 19
60 71
21 9
28 9
60 9
60 21
63 105
5 3
5 28
3 28
17 44
28 44
5 44
5 17
15 20
5 20
3 20
3 15
34 52
3 52
28 52
28 34
30 12
30 35
12 35
39 59
30 59
12 59
12 39
29 53
35 53
30 53
30 29
43 4
35 4
30 4
30 43
32 19
32 51
19 51
33 14
32 14
19 14
19 33
40 56
19 56
51 56
51 40
60 57
51 57
32 57
32 60
61 8
61 23
8 23
45 18
61 18
8 18
8 45
26 9
61 9
8 9
8 26
41 16
61 16
8 16
8 41
6 42
6 13
42 13
49 24
6 24
42 24
42 49
48 11
13 11
6 11
6 48
50 27
6 27
42 27
42 50
36 55
36 47
55 47
46 21
36 21
55 21
55 46
58 54
55 54
47 54
47 58
7 25
47 25
36 25
36 7
63 22
63 31
22 31
62 37
63 37
22 37
22 62
2 10
31 10
63 10
63 2
1 38
31 38
63 38
63 1
72 120
22 34
22 2
34 2
11 44
34 44
2 44
2 11
71 56
34 56
2 56
2 71
63 35
22 35
34 35
34 63
24 23
24 62
23 62
17 15
23 15
62 15
62 17
66 58
23 58
62 58
62 66
68 40
24 40
23 40
23 68
8 4
8 48
4 48
32 26
4 26
48 26
48 32
53 59
4 59
48 59
48 53
46 55
4 55
48 55
48 46
14 10
14 65
10 65
12 31
10 31
65 31
65 12
61 18
10 18
65 18
65 61
9 64
65 64
14 64
14 9
27 52
27 42
52 42
67 49
42 49
27 49
27 67
13 30
42 30
27 30
27 13
1 60
27 60
52 60
52 1
20 25
20 51
25 51
72 21
25 21
51 21
51 72
36 3
51 3
20 3
20 36
43 28
51 28
20 28
20 43
5 19
5 47
19 47
70 57
5 57
19 57
19 70
69 39
5 39
19 39
19 69
38 50
5 50
19 50
19 38
37 16
37 29
16 29
54 33
29 33
37 33
37 54
45 6
29 6
37 6
37 45
7 41
29 41
37 41
37 7
63 105
49 59
49 6
59 6
18 34
49 34
59 34
59 18
7 30
59 30
6 30
6 7
35 33
59 33
6 33
6 35
5 10
5 57
10 57
9 27
10 27
57 27
57 9
11 45
57 45
5 45
5 11
43 48
10 48
57 48
57 43
19 62
19 3
62 3
15 50
19 50
62 50
62 15
13 37
3 37
19 37
19 13
16 36
3 36
19 36
19 16
1 22
1 38
22 38
28 4
38 4
1 4
1 28
32 31
22 31
38 31
38 32
12 61
1 61
22 61
22 12
47 42
47 23
42 23
60 44
42 44
23 44
23 60
58 52
47 52
42 52
42 58
29 55
47 55
42 55
42 29
26 14
26 25
14 25
21 20
14 20
25 20
25 21
51 40
26 40
14 40
14 51
41 56
14 56
25 56
25 41
54 8
54 46
8 46
53 2
46 2
54 2
54 53
24 39
54 39
8 39
8 24
17 63
46 63
54 63
54 17
65 115
11 47
11 39
47 39
57 10
47 10
39 10
39 57
56 18
11 18
47 18
47 56
48 17
11 17
47 17
47 48
15 14
47 14
39 14
39 15
31 3
47 3
39 3
39 31
37 46
37 50
46 50
49 58
37 58
46 58
46 49
33 42
46 42
50 42
50 33
63 34
50 34
37 34
37 63
27 5
50 5
37 5
37 27
52 12
50 12
37 12
37 52
64 2
64 4
2 4
1 51
64 51
2 51
2 1
59 23
4 23
64 23
64 59
62 29
64 29
2 29
2 62
30 36
64 36
2 36
2 30
20 38
2 38
4 38
4 20
9 65
9 19
65 19
43 22
9 22
65 22
65 43
45 13
19 13
9 13
9 45
53 26
9 26
65 26
65 53
21 16
19 16
9 16
9 21
24 60
19 60
9 60
9 24
54 44
54 7
44 7
41 40
7 40
54 40
54 41
6 8
54 8
44 8
44 6
28 55
7 55
54 55
54 28
25 61
44 61
7 61
7 25
35 32
7 32
54 32
54 35
72 120
53 39
53 5
39 5
47 71
39 71
5 71
5 47
50 16
5 16
53 16
53 50
29 38
53 38
39 38
39 29
34 63
34 3
63 3
14 22
63 22
3 22
3 14
23 28
3 28
34 28
34 23
70 12
34 12
63 12
63 70
7 52
7 62
52 62
40 56
52 56
62 56
62 40
6 27
7 27
52 27
52 6
9 8
52 8
62 8
62 9
64 31
64 41
31 41
44 11
64 11
31 11
31 44
49 59
31 59
41 59
41 49
48 65
41 65
64 65
64 48
43 36
43 61
36 61
42 21
43 21
36 21
36 42
69 60
43 60
36 60
36 69
10 57
61 57
43 57
43 10
45 55
45 15
55 15
17 18
55 18
15 18
15 17
33 66
55 66
15 66
15 33
32 24
45 24
55 24
55 32
1 51
1 13
51 13
30 58
1 58
51 58
51 30
46 68
51 68
13 68
13 46
25 67
1 67
51 67
51 25
19 54
19 35
54 35
26 20
35 20
19 20
19 26
72 2
54 2
35 2
35 72
37 4
35 4
19 4
19 37
81 135
50 30
50 43
30 43
52 39
30 39
43 39
43 52
41 40
30 40
43 40
43 41
38 1
30 1
43 1
43 38
18 68
18 70
68 70
24 80
68 80
70 80
70 24
22 14
68 14
70 14
70 22
63 33
68 33
70 33
70 63
31 17
31 5
17 5
12 65
5 65
31 65
31 12
67 53
31 53
17 53
17 67
7 29
17 29
5 29
5 7
21 64
21 57
64 57
55 77
57 77
21 77
21 55
27 74
64 74
57 74
57 27
61 78
57 78
21 78
21 61
45 19
45 6
19 6
44 51
6 51
45 51
45 44
20 73
19 73
6 73
6 20
2 3
19 3
6 3
6 2
37 81
37 25
81 25
42 15
25 15
37 15
37 42
66 75
81 75
25 75
25 66
36 28
81 28
25 28
25 36
60 8
60 23
8 23
71 9
23 9
60 9
60 71
69 48
23 48
60 48
60 69
72 79
8 79
23 79
23 72
54 35
54 76
35 76
59 62
54 62
35 62
35 59
26 11
35 11
76 11
76 26
16 10
54 10
35 10
35 16
58 32
58 56
32 56
13 49
32 49
56 49
56 13
4 47
32 47
56 47
56 4
34 46
56 46
58 46
58 34
66 114
4 11
4 35
11 35
58 50
4 50
11 50
11 58
30 39
4 39
11 39
11 30
63 62
4 62
11 62
11 63
51 42
4 42
11 42
11 51
43 38
43 8
38 8
19 53
43 53
38 53
38 19
47 44
38 44
8 44
8 47
28 55
8 55
43 55
43 28
14 20
43 20
38 20
38 14
18 13
18 26
13 26
6 46
26 46
18 46
18 6
64 27
26 27
18 27
18 64
34 23
26 23
18 23
18 34
45 22
18 22
13 22
13 45
25 24
25 31
24 31
59 15
24 15
31 15
31 59
60 40
25 40
24 40
24 60
52 57
31 57
25 57
25 52
61 21
25 21
24 21
24 61
29 7
29 3
7 3
54 10
29 10
7 10
7 54
17 1
7 1
3 1
3 17
66 2
3 2
29 2
29 66
41 9
29 9
7 9
7 41
32 5
32 65
5 65
12 49
65 49
32 49
32 12
37 56
32 56
5 56
5 37
33 36
32 36
5 36
5 33
16 48
32 48
5 48
5 16
63 105
16 50
16 10
50 10
31 19
10 19
16 19
16 31
57 40
16 40
50 40
50 57
48 3
16 3
50 3
50 48
7 21
7 29
21 29
56 26
7 26
21 26
21 56
27 35
7 35
21 35
21 27
18 43
29 43
7 43
7 18
15 62
15 5
62 5
25 55
5 55
15 55
15 25
46 11
15 11
62 11
62 46
9 61
62 61
5 61
5 9
34 37
34 49
37 49
42 47
34 47
37 47
37 42
39 6
49 6
34 6
34 39
60 58
49 58
34 58
34 60
51 45
51 22
45 22
8 52
45 52
22 52
22 8
54 30
45 30
22 30
22 54
41 2
51 2
45 2
45 41
13 53
13 36
53 36
38 4
53 4
36 4
36 38
44 59
13 59
53 59
53 44
1 17
53 17
36 17
36 1
32 12
32 28
12 28
63 23
12 23
28 23
28 63
33 24
32 24
12 24
12 33
14 20
32 20
12 20
12 14
81 135
57 19
57 56
19 56
14 40
56 40
57 40
57 14
81 15
57 15
19 15
19 81
50 5
57 5
19 5
19 50
34 48
34 42
48 42
9 4
42 4
34 4
34 9
58 29
34 29
48 29
48 58
76 33
34 33
48 33
48 76
61 55
61 59
55 59
52 54
61 54
55 54
55 52
24 13
55 13
59 13
59 24
71 10
61 10
55 10
55 71
69 27
69 60
27 60
32 2
69 2
27 2
27 32
79 38
27 38
60 38
60 79
70 39
60 39
69 39
69 70
64 80
64 78
80 78
16 11
78 11
64 11
64 16
36 41
78 41
64 41
64 36
20 53
64 53
80 53
80 20
35 23
35 74
23 74
7 28
74 28
35 28
35 7
47 8
35 8
23 8
23 47
1 6
35 6
23 6
23 1
44 62
44 75
62 75
21 18
62 18
75 18
75 21
17 30
75 30
44 30
44 17
25 45
75 45
44 45
44 25
26 72
26 68
72 68
63 46
26 46
72 46
72 63
49 73
68 73
26 73
26 49
37 22
68 22
26 22
26 37
31 65
31 43
65 43
3 67
31 67
65 67
65 3
51 12
43 12
31 12
31 51
77 66
31 66
65 66
65 77
63 117
50 29
50 38
29 38
13 27
38 27
50 27
50 13
49 10
29 10
38 10
38 49
28 8
29 8
38 8
38 28
24 15
38 15
50 15
50 24
47 43
50 43
29 43
29 47
54 52
29 52
38 52
38 54
33 17
29 17
38 17
38 33
19 53
38 53
50 53
50 19
56 37
29 37
38 37
38 56
18 3
18 34
3 34
20 26
18 26
3 26
3 20
59 5
34 5
18 5
18 59
11 35
3 35
34 35
34 11
21 14
34 14
18 14
18 21
7 60
18 60
3 60
3 7
48 2
34 2
18 2
18 48
12 32
18 32
3 32
3 12
30 46
3 46
34 46
34 30
44 39
34 39
18 39
18 44
51 55
51 25
55 25
42 22
25 22
51 22
51 42
40 16
55 16
25 16
25 40
36 58
25 58
51 58
51 36
4 57
25 57
51 57
51 4
1 6
55 6
25 6
25 1
45 41
55 41
25 41
25 45
63 9
51 9
55 9
55 63
31 62
55 62
25 62
25 31
23 61
25 61
51 61
51 23
60 108
1 21
1 2
21 2
38 25
1 25
21 25
21 38
39 54
2 54
1 54
1 39
12 28
2 28
1 28
1 12
43 35
21 35
2 35
2 43
3 42
2 42
1 42
1 3
55 20
1 20
21 20
21 55
58 30
58 5
30 5
40 51
5 51
58 51
58 40
13 41
30 41
5 41
5 13
24 10
30 10
5 10
5 24
14 53
5 53
58 53
58 14
48 9
30 9
5 9
5 48
31 46
58 46
30 46
30 31
33 49
33 32
49 32
44 15
32 15
33 15
33 44
19 37
49 37
32 37
32 19
18 59
32 59
33 59
33 18
7 4
33 4
49 4
49 7
60 6
49 6
32 6
32 60
11 26
33 26
49 26
49 11
27 50
27 17
50 17
36 29
17 29
27 29
27 36
8 57
27 57
50 57
50 8
52 56
50 56
17 56
17 52
22 34
50 34
17 34
17 22
23 47
50 47
17 47
17 23
16 45
27 45
50 45
50 16
81 135
62 32
62 63
32 63
5 22
32 22
63 22
63 5
50 80
62 80
32 80
32 50
51 71
63 71
62 71
62 51
65 74
65 54
74 54
69 39
65 39
74 39
74 69
79 47
74 47
54 47
54 79
10 49
54 49
65 49
65 10
36 78
36 11
78 11
60 43
36 43
78 43
78 60
9 66
36 66
78 66
78 9
52 24
78 24
11 24
11 52
61 14
61 29
14 29
35 8
61 8
14 8
14 35
2 28
61 28
14 28
14 2
3 68
61 68
14 68
14 3
44 18
44 58
18 58
53 70
44 70
18 70
18 53
31 57
58 57
44 57
44 31
30 45
58 45
44 45
44 30
37 75
37 27
75 27
23 48
27 48
37 48
37 23
26 13
37 13
75 13
75 26
15 25
37 25
75 25
75 15
21 7
21 72
7 72
42 55
72 55
21 55
21 42
41 33
21 33
7 33
7 41
77 40
7 40
72 40
72 77
16 67
16 81
67 81
64 12
16 12
67 12
67 64
59 56
81 56
16 56
16 59
76 38
16 38
67 38
67 76
20 34
20 46
34 46
4 17
20 17
34 17
34 4
1 19
20 19
34 19
34 1
73 6
46 6
20 6
20 73
60 108
31 32
31 38
32 38
30 15
32 15
38 15
38 30
25 20
38 20
31 20
31 25
16 18
31 18
32 18
32 16
34 33
32 33
38 33
38 34
55 29
31 29
32 29
32 55
5 26
38 26
31 26
31 5
52 50
52 44
50 44
46 47
52 47
50 47
50 46
23 19
52 19
50 19
50 23
28 40
44 40
52 40
52 28
60 43
52 43
50 43
50 60
37 1
52 1
50 1
50 37
45 42
52 42
50 42
50 45
57 6
57 2
6 2
13 51
6 51
2 51
2 13
8 9
6 9
2 9
2 8
35 3
2 3
57 3
57 35
7 49
57 49
6 49
6 7
53 21
6 21
2 21
2 53
4 56
6 56
2 56
2 4
12 36
12 11
36 11
24 17
36 17
11 17
11 24
39 54
12 54
36 54
36 39
10 27
11 27
12 27
12 10
58 41
11 41
12 41
12 58
14 48
36 48
11 48
11 14
22 59
12 59
36 59
36 22
66 114
4 7
4 50
7 50
44 8
50 8
4 8
4 44
24 43
7 43
50 43
50 24
51 31
50 31
4 31
4 51
28 39
7 39
50 39
50 28
10 52
10 15
52 15
19 48
52 48
15 48
15 19
66 33
10 33
52 33
52 66
34 56
10 56
52 56
52 34
17 58
52 58
15 58
15 17
54 3
54 6
3 6
1 23
6 23
54 23
54 1
47 37
54 37
3 37
3 47
57 11
3 11
6 11
6 57
59 40
6 40
54 40
54 59
63 35
63 27
35 27
2 29
35 29
27 29
27 2
60 46
35 46
27 46
27 60
26 21
27 21
63 21
63 26
16 5
63 5
35 5
35 16
61 62
61 32
62 32
64 49
61 49
62 49
62 64
42 9
32 9
61 9
61 42
45 18
32 18
61 18
61 45
38 12
32 12
61 12
61 38
25 22
25 20
22 20
14 55
20 55
25 55
25 14
65 41
25 41
22 41
22 65
36 30
22 30
20 30
20 36
53 13
22 13
20 13
20 53
66 114
43 62
43 53
62 53
17 18
43 18
62 18
62 17
32 61
43 61
62 61
62 32
22 19
62 19
53 19
53 22
44 59
43 59
62 59
62 44
49 29
49 20
29 20
48 24
29 24
20 24
20 48
37 45
49 45
29 45
29 37
60 38
29 38
20 38
20 60
63 64
20 64
49 64
49 63
36 13
36 12
13 12
42 65
36 65
13 65
13 42
34 11
36 11
13 11
13 34
26 50
36 50
13 50
13 26
31 4
36 4
13 4
13 31
16 54
16 35
54 35
58 23
35 23
16 23
16 58
39 30
54 30
35 30
35 39
57 10
54 10
35 10
35 57
25 8
54 8
35 8
35 25
66 47
66 27
47 27
46 21
27 21
66 21
66 46
40 15
27 15
66 15
66 40
1 3
27 3
66 3
66 1
55 56
66 56
47 56
47 55
14 33
14 7
33 7
51 52
14 52
33 52
33 51
41 9
33 9
7 9
7 41
5 28
33 28
7 28
7 5
2 6
33 6
7 6
7 2
63 117
17 36
17 41
36 41
13 56
36 56
41 56
41 13
42 40
17 40
36 40
36 42
61 10
41 10
17 10
17 61
29 35
41 35
17 35
17 29
25 58
36 58
41 58
41 25
3 52
41 52
17 52
17 3
19 18
41 18
17 18
17 19
62 39
17 39
36 39
36 62
37 51
17 51
36 51
36 37
4 30
4 31
30 31
1 7
4 7
30 7
30 1
38 21
31 21
4 21
4 38
57 9
30 9
31 9
31 57
16 2
30 2
31 2
31 16
48 60
4 60
30 60
30 48
22 53
4 53
30 53
30 22
33 32
30 32
31 32
31 33
27 8
31 8
4 8
4 27
55 63
4 63
30 63
30 55
47 34
47 43
34 43
49 44
43 44
47 44
47 49
23 46
47 46
34 46
34 23
24 26
47 26
34 26
34 24
45 54
43 54
47 54
47 45
59 50
47 50
34 50
34 59
28 14
34 14
43 14
43 28
6 12
34 12
43 12
43 6
15 11
34 11
43 11
43 15
5 20
34 20
43 20
43 5
65 115
31 16
31 29
16 29
19 23
16 23
29 23
29 19
58 60
16 60
29 60
29 58
52 53
29 53
31 53
31 52
14 59
31 59
16 59
16 14
28 62
29 62
31 62
31 28
37 5
37 39
5 39
65 22
5 22
39 22
39 65
40 46
37 46
5 46
5 40
43 48
39 48
37 48
37 43
64 34
37 34
5 34
5 64
9 41
37 41
5 41
5 9
18 3
18 6
3 6
42 57
18 57
3 57
3 42
51 25
6 25
18 25
18 51
55 27
3 27
6 27
6 55
21 38
18 38
3 38
3 21
30 4
18 4
3 4
3 30
44 56
44 26
56 26
2 17
44 17
56 17
56 2
12 20
26 20
44 20
44 12
54 10
56 10
26 10
26 54
13 7
44 7
56 7
56 13
35 49
26 49
44 49
44 35
47 45
47 1
45 1
36 32
1 32
47 32
47 36
24 33
1 33
47 33
47 24
61 8
45 8
1 8
1 61
50 63
45 63
1 63
1 50
15 11
1 11
47 11
47 15
60 108
20 27
20 33
27 33
16 26
33 26
20 26
20 16
49 58
20 58
27 58
27 49
55 9
33 9
20 9
20 55
24 5
27 5
33 5
33 24
12 28
33 28
20 28
20 12
14 29
20 29
27 29
27 14
15 2
15 57
2 57
37 4
15 4
2 4
2 37
60 22
15 22
2 22
2 60
50 18
57 18
15 18
15 50
23 52
57 52
15 52
15 23
13 45
15 45
2 45
2 13
32 53
15 53
2 53
2 32
54 44
54 30
44 30
36 19
54 19
44 19
44 36
6 42
44 42
30 42
30 6
38 1
44 1
30 1
30 38
10 39
44 39
30 39
30 10
35 51
30 51
54 51
54 35
40 46
44 46
30 46
30 40
43 8
43 7
8 7
3 21
43 21
8 21
8 3
48 59
8 59
7 59
7 48
47 41
43 41
8 41
8 47
31 34
7 34
43 34
43 31
17 11
8 11
7 11
7 17
56 25
8 25
7 25
7 56
66 114
19 61
19 38
61 38
2 7
38 7
19 7
19 2
16 5
19 5
61 5
61 16
47 50
19 50
61 50
61 47
42 10
61 10
38 10
38 42
52 12
52 43
12 43
8 62
12 62
43 62
43 8
14 1
43 1
52 1
52 14
9 33
43 33
52 33
52 9
58 30
12 30
43 30
43 58
37 57
37 41
57 41
28 63
57 63
41 63
41 28
18 17
41 17
37 17
37 18
20 34
57 34
41 34
41 20
66 13
41 13
37 13
37 66
46 40
46 22
40 22
39 35
40 35
22 35
22 39
31 56
22 56
46 56
46 31
54 49
46 49
40 49
40 54
6 60
46 60
40 60
40 6
59 36
59 29
36 29
32 11
36 11
29 11
29 32
53 23
29 23
59 23
59 53
48 21
59 21
36 21
36 48
55 64
29 64
59 64
59 55
24 65
24 44
65 44
51 3
24 3
65 3
65 51
27 15
65 15
44 15
44 27
45 25
65 25
44 25
44 45
4 26
65 26
44 26
44 4
81 135
51 49
51 69
49 69
39 24
69 24
51 24
51 39
60 8
49 8
69 8
69 60
44 41
69 41
51 41
51 44
67 56
67 70
56 70
3 5
56 5
70 5
70 3
27 52
67 52
56 52
56 27
6 23
56 23
70 23
70 6
48 65
48 50
65 50
68 14
65 14
50 14
50 68
31 74
65 74
50 74
50 31
33 30
48 30
65 30
65 33
40 78
40 54
78 54
63 59
54 59
40 59
40 63
11 42
78 42
54 42
54 11
35 17
78 17
54 17
54 35
25 7
25 29
7 29
4 64
29 64
25 64
25 4
18 34
29 34
25 34
25 18
13 61
7 61
29 61
29 13
9 62
9 77
62 77
16 19
9 19
62 19
62 16
15 55
62 55
77 55
77 15
46 57
77 57
9 57
9 46
66 43
66 10
43 10
75 1
66 1
43 1
43 75
36 12
66 12
43 12
43 36
47 73
10 73
66 73
66 47
72 53
72 76
53 76
22 71
53 71
76 71
76 22
81 38
76 38
72 38
72 81
2 32
76 32
72 32
72 2
26 20
26 37
20 37
79 21
37 21
26 21
26 79
45 58
26 58
20 58
20 45
28 80
26 80
20 80
20 28
72 120
34 72
34 7
72 7
16 29
7 29
34 29
34 16
27 33
72 33
7 33
7 27
11 31
34 31
72 31
72 11
44 24
44 57
24 57
51 47
44 47
24 47
24 51
6 30
24 30
57 30
57 6
22 37
57 37
44 37
44 22
4 10
4 63
10 63
36 71
63 71
4 71
4 36
13 69
63 69
4 69
4 13
41 39
4 39
10 39
10 41
67 20
67 15
20 15
46 8
15 8
67 8
67 46
18 64
67 64
20 64
20 18
14 62
67 62
20 62
20 14
43 60
43 42
60 42
50 61
42 61
43 61
43 50
65 48
43 48
60 48
60 65
52 40
42 40
43 40
43 52
12 56
12 55
56 55
53 49
56 49
55 49
55 53
32 35
12 35
56 35
56 32
70 21
56 21
55 21
55 70
23 26
23 58
26 58
1 25
23 25
26 25
26 1
59 2
26 2
58 2
58 59
19 66
23 66
26 66
26 19
17 3
17 5
3 5
54 9
3 9
5 9
5 54
28 68
17 68
3 68
3 28
38 45
17 45
3 45
3 38
63 105
24 38
24 63
38 63
60 20
63 20
24 20
24 60
23 44
63 44
24 44
24 23
43 42
38 42
63 42
63 43
48 61
48 11
61 11
35 31
11 31
48 31
48 35
39 8
48 8
61 8
61 39
53 57
61 57
11 57
11 53
13 25
13 41
25 41
19 15
13 15
25 15
25 19
46 30
41 30
13 30
13 46
34 3
25 3
41 3
41 34
54 7
54 56
7 56
6 58
54 58
7 58
7 6
18 51
7 51
56 51
56 18
37 21
56 21
54 21
54 37
33 17
33 62
17 62
50 32
62 32
33 32
33 50
16 36
17 36
62 36
62 16
49 45
62 45
33 45
33 49
12 28
12 52
28 52
9 40
28 40
52 40
52 9
55 27
52 27
12 27
12 55
26 2
52 2
12 2
12 26
14 10
14 29
10 29
4 22
29 22
14 22
14 4
59 5
14 5
10 5
10 59
47 1
10 1
29 1
29 47
81 135
40 33
40 70
33 70
21 69
33 69
70 69
70 21
41 54
70 54
40 54
40 41
7 74
70 74
40 74
40 7
20 6
20 72
6 72
3 19
20 19
6 19
6 3
17 81
6 81
72 81
72 17
13 36
20 36
6 36
6 13
4 34
4 23
34 23
48 16
23 16
4 16
4 48
66 64
23 64
4 64
4 66
39 32
4 32
34 32
34 39
67 50
67 68
50 68
60 65
50 65
68 65
68 60
56 76
67 76
50 76
50 56
61 30
50 30
68 30
68 61
12 53
12 58
53 58
35 2
53 2
58 2
58 35
27 37
58 37
12 37
12 27
45 28
12 28
53 28
53 45
24 71
24 5
71 5
29 44
24 44
71 44
71 29
79 26
71 26
5 26
5 79
80 78
5 78
24 78
24 80
1 10
1 59
10 59
18 55
1 55
10 55
10 18
9 22
1 22
10 22
10 9
77 62
59 62
1 62
1 77
75 15
75 73
15 73
25 8
15 8
73 8
73 25
43 46
73 46
75 46
75 43
63 11
73 11
75 11
75 63
47 14
47 49
14 49
52 38
14 38
49 38
49 52
51 31
47 31
14 31
14 51
57 42
49 42
47 42
47 57
65 115
15 54
15 49
54 49
56 47
49 47
15 47
15 56
59 22
15 22
54 22
54 59
64 52
15 52
54 52
54 64
39 33
54 33
49 33
49 39
3 27
15 27
54 27
54 3
13 10
13 60
10 60
21 16
60 16
13 16
13 21
42 43
10 43
60 43
60 42
37 58
10 58
60 58
60 37
19 44
13 44
10 44
10 19
25 6
60 6
13 6
13 25
50 24
50 2
24 2
63 48
2 48
50 48
50 63
7 55
2 55
50 55
50 7
31 23
24 23
2 23
2 31
34 4
24 4
2 4
2 34
62 61
50 61
24 61
24 62
41 17
41 11
17 11
18 35
11 35
41 35
41 18
65 1
17 1
11 1
11 65
8 14
17 14
11 14
11 8
26 9
41 9
17 9
17 26
12 40
11 40
41 40
41 12
29 53
29 45
53 45
32 51
45 51
29 51
29 32
57 20
29 20
53 20
53 57
36 46
45 46
29 46
29 36
30 5
53 5
45 5
45 30
28 38
53 38
45 38
45 28
63 105
47 19
47 55
19 55
58 40
55 40
47 40
47 58
59 42
47 42
19 42
19 59
33 22
47 22
19 22
19 33
4 48
4 54
48 54
20 14
4 14
48 14
48 20
36 31
48 31
54 31
54 36
39 29
48 29
54 29
54 39
18 38
18 60
38 60
1 15
38 15
60 15
60 1
32 12
60 12
18 12
18 32
16 24
18 24
38 24
38 16
27 44
27 56
44 56
49 9
27 9
44 9
44 49
63 51
44 51
56 51
56 63
52 8
27 8
44 8
44 52
37 57
37 7
57 7
25 62
7 62
37 62
37 25
2 43
57 43
7 43
7 2
10 21
37 21
57 21
57 10
41 45
41 13
45 13
17 30
41 30
45 30
45 17
6 5
13 5
41 5
41 6
46 23
13 23
41 23
41 46
3 50
3 28
50 28
35 53
3 53
50 53
50 35
34 26
28 26
3 26
3 34
11 61
28 61
3 61
3 11
63 117
40 59
40 44
59 44
32 21
44 21
40 21
40 32
18 4
44 4
40 4
40 18
35 12
44 12
40 12
40 35
51 62
44 62
40 62
40 51
27 41
59 41
44 41
44 27
60 46
44 46
40 46
40 60
1 33
44 33
40 33
40 1
25 10
59 10
44 10
44 25
7 37
40 37
59 37
59 7
50 63
50 49
63 49
23 5
49 5
50 5
50 23
39 24
49 24
50 24
50 39
14 26
50 26
63 26
63 14
34 61
63 61
49 61
49 34
28 29
50 29
63 29
63 28
43 36
50 36
63 36
63 43
16 42
50 42
63 42
63 16
19 2
63 2
49 2
49 19
22 57
49 57
50 57
50 22
56 9
56 47
9 47
45 31
56 31
9 31
9 45
13 17
47 17
56 17
56 13
30 3
47 3
56 3
56 30
11 8
56 8
9 8
9 11
48 6
56 6
9 6
9 48
38 58
56 58
9 58
9 38
55 20
56 20
9 20
9 55
52 54
47 54
56 54
56 52
15 53
56 53
9 53
9 15
65 115
57 3
57 47
3 47
60 9
3 9
47 9
47 60
55 17
3 17
47 17
47 55
38 19
3 19
47 19
47 38
53 15
57 15
3 15
3 53
2 35
3 35
47 35
47 2
61 46
61 62
46 62
28 18
46 18
62 18
62 28
25 34
61 34
46 34
46 25
29 64
46 64
62 64
62 29
14 39
61 39
46 39
46 14
12 16
61 16
46 16
46 12
20 48
20 32
48 32
37 65
32 65
20 65
20 37
54 13
48 13
32 13
32 54
8 42
48 42
32 42
32 8
45 58
20 58
48 58
48 45
1 40
20 40
48 40
48 1
59 26
59 27
26 27
56 49
59 49
26 49
26 56
10 36
27 36
59 36
59 10
33 7
27 7
59 7
59 33
50 52
59 52
26 52
26 50
11 5
26 5
27 5
27 11
43 30
43 41
30 41
24 6
43 6
30 6
30 24
51 63
43 63
30 63
30 51
31 44
41 44
43 44
43 31
4 23
41 23
43 23
43 4
22 21
43 21
30 21
30 22
65 115
42 32
42 20
32 20
1 35
32 35
20 35
20 1
30 21
32 21
20 21
20 30
47 44
20 44
42 44
42 47
54 13
32 13
20 13
20 54
25 17
32 17
20 17
20 25
16 64
16 45
64 45
50 41
45 41
16 41
16 50
43 59
64 59
45 59
45 43
63 40
16 40
64 40
64 63
3 33
45 33
16 33
16 3
53 6
45 6
16 6
16 53
49 5
49 12
5 12
18 4
49 4
5 4
5 18
60 37
12 37
49 37
49 60
29 10
12 10
49 10
49 29
7 8
49 8
5 8
5 7
31 58
49 58
5 58
5 31
23 9
23 24
9 24
22 27
24 27
23 27
23 22
65 57
23 57
9 57
9 65
39 56
24 56
23 56
23 39
51 52
9 52
24 52
24 51
19 34
23 34
9 34
9 19
46 38
46 15
38 15
2 55
46 55
38 55
38 2
14 62
15 62
46 62
46 14
48 61
38 61
15 61
15 48
26 28
38 28
15 28
15 26
36 11
38 11
15 11
15 36
60 108
3 41
3 27
41 27
4 50
27 50
3 50
3 4
23 22
3 22
41 22
41 23
55 36
3 36
41 36
41 55
17 31
41 31
27 31
27 17
49 2
27 2
3 2
3 49
59 30
3 30
41 30
41 59
10 48
10 25
48 25
18 39
48 39
25 39
25 18
44 16
48 16
25 16
25 44
1 51
25 51
10 51
10 1
42 60
10 60
48 60
48 42
20 53
25 53
10 53
10 20
34 24
48 24
25 24
25 34
5 21
5 54
21 54
8 7
54 7
5 7
5 8
28 45
21 45
54 45
54 28
58 57
5 57
21 57
21 58
37 38
5 38
21 38
21 37
15 9
54 9
5 9
5 15
40 43
5 43
21 43
21 40
13 29
13 33
29 33
26 12
29 12
33 12
33 26
14 19
29 19
33 19
33 14
32 47
13 47
29 47
29 32
52 35
29 35
33 35
33 52
56 11
13 11
29 11
29 56
6 46
33 46
13 46
13 6
63 117
56 23
56 2
23 2
27 1
2 1
56 1
56 27
57 33
2 33
56 33
56 57
58 6
23 6
2 6
2 58
21 16
2 16
56 16
56 21
54 46
56 46
23 46
23 54
4 50
2 50
56 50
56 4
12 49
56 49
23 49
23 12
3 45
56 45
23 45
23 3
8 38
23 38
2 38
2 8
17 31
17 41
31 41
61 10
41 10
17 10
17 61
53 28
31 28
41 28
41 53
36 25
31 25
41 25
41 36
63 19
31 19
41 19
41 63
59 18
17 18
31 18
31 59
51 47
17 47
31 47
31 51
39 26
31 26
41 26
41 39
34 32
31 32
41 32
41 34
40 35
17 35
31 35
31 40
62 5
62 14
5 14
29 43
62 43
5 43
5 29
22 24
14 24
62 24
62 22
48 52
14 52
62 52
62 48
30 11
5 11
14 11
14 30
37 20
14 20
62 20
62 37
55 15
14 15
62 15
62 55
7 60
14 60
62 60
62 7
42 9
5 9
14 9
14 42
44 13
14 13
62 13
62 44
72 120
52 7
52 2
7 2
59 47
52 47
7 47
7 59
16 42
7 42
2 42
2 16
71 68
7 68
2 68
2 71
58 19
58 41
19 41
8 70
41 70
58 70
58 8
3 30
19 30
41 30
41 3
32 45
58 45
19 45
19 32
12 17
12 20
17 20
25 36
17 36
20 36
20 25
62 15
17 15
20 15
20 62
49 46
17 46
20 46
20 49
50 31
50 55
31 55
34 27
31 27
55 27
55 34
9 11
55 11
50 11
50 9
5 57
55 57
50 57
50 5
72 43
72 4
43 4
23 39
4 39
72 39
72 23
66 63
72 63
43 63
43 66
69 13
4 13
72 13
72 69
65 22
65 44
22 44
53 60
44 60
65 60
65 53
48 14
22 14
44 14
44 48
26 18
22 18
44 18
44 26
61 24
61 56
24 56
1 29
61 29
24 29
24 1
6 37
61 37
24 37
24 6
21 28
61 28
24 28
24 21
51 64
51 38
64 38
35 54
51 54
64 54
64 35
33 67
51 67
64 67
64 33
40 10
64 10
38 10
38 40
66 114
41 38
41 46
38 46
19 14
41 14
38 14
38 19
20 13
38 13
46 13
46 20
22 42
38 42
46 42
46 22
6 31
46 31
41 31
41 6
25 39
25 43
39 43
2 27
39 27
43 27
43 2
8 36
43 36
25 36
25 8
24 66
39 66
43 66
43 24
63 15
43 15
25 15
25 63
49 16
49 21
16 21
32 29
21 29
49 29
49 32
51 44
49 44
16 44
16 51
59 45
49 45
16 45
16 59
55 57
21 57
49 57
49 55
30 64
30 11
64 11
35 34
11 34
30 34
30 35
47 26
11 26
30 26
30 47
28 5
64 5
11 5
11 28
17 61
11 61
30 61
30 17
53 40
53 50
40 50
54 33
53 33
40 33
40 54
58 52
50 52
53 52
53 58
65 1
53 1
40 1
40 65
7 18
53 18
40 18
40 7
48 3
48 9
3 9
56 37
9 37
48 37
48 56
10 4
9 4
48 4
48 10
62 23
9 23
48 23
48 62
60 12
48 12
3 12
3 60
81 135
76 50
76 46
50 46
62 61
46 61
76 61
76 62
60 79
50 79
46 79
46 60
9 40
50 40
46 40
46 9
43 42
43 29
42 29
74 24
29 24
43 24
43 74
35 64
29 64
43 64
43 35
11 28
42 28
29 28
29 11
38 21
38 37
21 37
4 52
37 52
38 52
38 4
57 73
21 73
37 73
37 57
48 68
21 68
37 68
37 48
30 69
30 78
69 78
12 39
78 39
30 39
30 12
14 17
30 17
69 17
69 14
2 31
78 31
30 31
30 2
33 19
33 15
19 15
22 63
33 63
19 63
19 22
6 59
33 59
19 59
19 6
81 13
15 13
33 13
33 81
58 77
58 80
77 80
34 10
58 10
77 10
77 34
5 8
58 8
77 8
77 5
70 20
58 20
77 20
77 70
66 32
66 26
32 26
49 1
32 1
26 1
26 49
41 65
26 65
66 65
66 41
53 7
26 7
66 7
66 53
27 44
27 55
44 55
3 16
55 16
27 16
27 3
72 56
55 56
27 56
27 72
71 36
55 36
27 36
27 71
18 75
18 23
75 23
25 67
75 67
23 67
23 25
47 54
18 54
75 54
75 47
51 45
75 45
23 45
23 51
66 114
7 51
7 66
51 66
22 16
66 16
7 16
7 22
52 60
51 60
66 60
66 52
61 9
66 9
7 9
7 61
50 53
7 53
51 53
51 50
58 3
58 19
3 19
25 15
58 15
3 15
3 25
31 6
19 6
58 6
58 31
43 37
58 37
3 37
3 43
38 57
58 57
3 57
3 38
29 49
29 44
49 44
41 32
44 32
29 32
29 41
54 18
44 18
29 18
29 54
23 14
29 14
49 14
49 23
35 26
49 26
44 26
44 35
59 62
59 46
62 46
10 20
62 20
46 20
46 10
12 4
62 4
46 4
46 12
39 34
59 34
62 34
62 39
45 2
46 2
59 2
59 45
21 33
21 13
33 13
28 30
33 30
13 30
13 28
65 27
33 27
13 27
13 65
56 40
33 40
13 40
13 56
64 42
13 42
21 42
21 64
17 8
17 5
8 5
36 11
5 11
17 11
17 36
24 55
5 55
17 55
17 24
48 47
8 47
5 47
5 48
63 1
17 1
8 1
8 63
63 117
53 9
53 57
9 57
60 19
9 19
57 19
57 60
7 23
53 23
9 23
9 7
35 27
9 27
57 27
57 35
62 48
57 48
53 48
53 62
63 49
53 49
9 49
9 63
5 29
53 29
9 29
9 5
15 3
53 3
9 3
9 15
46 55
53 55
9 55
9 46
40 38
57 38
53 38
53 40
52 45
52 28
45 28
25 51
28 51
52 51
52 25
43 44
28 44
52 44
52 43
22 1
28 1
52 1
52 22
12 59
28 59
52 59
52 12
39 26
52 26
45 26
45 39
34 16
45 16
28 16
28 34
41 13
45 13
28 13
28 41
30 17
45 17
28 17
28 30
36 4
28 4
52 4
52 36
42 8
42 54
8 54
20 2
54 2
42 2
42 20
33 50
8 50
54 50
54 33
14 6
8 6
54 6
54 14
11 58
8 58
54 58
54 11
56 31
54 31
42 31
42 56
32 47
42 47
8 47
8 32
10 24
8 24
54 24
54 10
37 21
8 21
54 21
54 37
18 61
42 61
8 61
8 18
81 135
54 16
54 41
16 41
9 36
54 36
16 36
16 9
39 24
54 24
16 24
16 39
49 62
16 62
41 62
41 49
45 2
45 73
2 73
18 77
73 77
45 77
45 18
66 74
45 74
2 74
2 66
20 21
73 21
45 21
45 20
64 48
64 3
48 3
50 69
48 69
3 69
3 50
25 80
3 80
64 80
64 25
31 47
48 47
3 47
3 31
81 67
81 68
67 68
79 63
81 63
67 63
67 79
75 29
67 29
68 29
68 75
56 12
81 12
67 12
67 56
40 10
40 42
10 42
52 53
42 53
40 53
40 52
28 1
40 1
10 1
10 28
14 44
10 44
42 44
42 14
58 59
58 43
59 43
30 32
59 32
43 32
43 30
13 8
59 8
43 8
43 13
4 5
59 5
43 5
43 4
11 65
11 19
65 19
70 57
65 57
19 57
19 70
22 61
19 61
11 61
11 22
15 55
19 55
11 55
11 15
72 38
72 37
38 37
35 26
38 26
37 26
37 35
51 6
72 6
38 6
38 51
27 33
38 33
37 33
37 27
23 78
23 7
78 7
60 71
78 71
7 71
7 60
76 17
78 17
7 17
7 76
46 34
7 34
23 34
23 46
63 105
24 4
24 30
4 30
26 2
4 2
30 2
30 26
9 39
24 39
4 39
4 9
41 12
4 12
30 12
30 41
38 20
38 42
20 42
61 49
20 49
42 49
42 61
22 44
42 44
38 44
38 22
18 36
42 36
38 36
38 18
21 40
21 16
40 16
51 6
21 6
40 6
40 51
58 43
40 43
16 43
16 58
37 23
40 23
16 23
16 37
50 27
50 59
27 59
62 17
50 17
27 17
27 62
8 34
27 34
59 34
59 8
56 14
50 14
27 14
27 56
33 25
33 46
25 46
52 47
46 47
33 47
33 52
48 57
25 57
46 57
46 48
31 10
25 10
46 10
46 31
28 1
28 54
1 54
32 63
28 63
1 63
1 32
13 53
1 53
54 53
54 13
5 35
54 35
28 35
28 5
11 45
11 3
45 3
55 60
45 60
3 60
3 55
19 15
45 15
3 15
3 19
7 29
45 29
3 29
3 7
65 115
44 54
44 24
54 24
43 57
54 57
24 57
24 43
17 39
24 39
44 39
44 17
16 3
44 3
54 3
54 16
27 14
44 14
54 14
54 27
50 61
54 61
24 61
24 50
53 6
53 23
6 23
56 1
6 1
23 1
23 56
22 65
53 65
6 65
6 22
7 60
23 60
53 60
53 7
52 10
6 10
23 10
23 52
58 15
53 15
6 15
6 58
21 34
21 13
34 13
5 2
21 2
34 2
34 5
31 49
34 49
13 49
13 31
62 28
21 28
34 28
34 62
26 35
21 35
34 35
34 26
37 45
34 45
13 45
13 37
46 40
46 18
40 18
48 41
46 41
40 41
40 48
64 32
18 32
46 32
46 64
29 36
18 36
46 36
46 29
4 51
40 51
18 51
18 4
30 38
46 38
40 38
40 30
20 8
20 59
8 59
19 9
20 9
8 9
8 19
25 42
20 42
8 42
8 25
63 33
59 33
20 33
20 63
47 11
59 11
20 11
20 47
12 55
59 55
20 55
20 12
63 105
47 5
47 49
5 49
59 44
49 44
47 44
47 59
57 62
49 62
47 62
47 57
30 48
47 48
5 48
5 30
10 32
10 7
32 7
19 20
32 20
7 20
7 19
11 26
32 26
7 26
7 11
24 38
32 38
7 38
7 24
6 42
6 16
42 16
41 40
6 40
42 40
42 41
9 31
6 31
42 31
42 9
29 1
6 1
42 1
42 29
3 63
3 50
63 50
28 35
63 35
50 35
50 28
43 54
3 54
63 54
63 43
13 34
63 34
50 34
50 13
45 14
45 53
14 53
15 61
14 61
53 61
53 15
60 56
14 56
53 56
53 60
22 36
14 36
53 36
53 22
23 17
23 12
17 12
4 18
12 18
23 18
23 4
33 8
17 8
12 8
12 33
25 51
17 51
12 51
12 25
2 46
2 37
46 37
52 27
2 27
46 27
46 52
39 58
46 58
37 58
37 39
21 55
2 55
46 55
46 21
81 135
54 51
54 20
51 20
75 36
54 36
51 36
51 75
44 66
51 66
20 66
20 44
33 49
20 49
54 49
54 33
30 47
30 78
47 78
80 18
30 18
47 18
47 80
45 60
78 60
30 60
30 45
37 74
78 74
30 74
30 37
56 76
56 14
76 14
77 23
76 23
14 23
14 77
22 1
76 1
14 1
14 22
71 19
76 19
14 19
14 71
29 46
29 7
46 7
9 61
29 61
46 61
46 9
16 59
46 59
7 59
7 16
79 6
29 6
46 6
46 79
31 70
31 12
70 12
50 48
31 48
70 48
70 50
67 34
31 34
70 34
70 67
39 3
31 3
70 3
70 39
58 64
58 40
64 40
68 42
58 42
64 42
64 68
43 69
64 69
40 69
40 43
63 81
58 81
64 81
64 63
5 62
5 52
62 52
4 2
52 2
5 2
5 4
26 17
52 17
5 17
5 26
73 55
52 55
5 55
5 73
11 21
11 65
21 65
13 41
21 41
65 41
65 13
8 28
11 28
21 28
21 8
38 24
11 24
21 24
21 38
10 32
10 25
32 25
53 27
32 27
25 27
25 53
72 15
32 15
25 15
25 72
35 57
32 57
25 57
25 35
72 120
56 50
56 43
50 43
30 71
56 71
50 71
50 30
36 45
43 45
56 45
56 36
60 57
50 57
43 57
43 60
69 8
69 15
8 15
31 39
69 39
8 39
8 31
4 1
15 1
69 1
69 4
40 67
15 67
69 67
69 40
2 29
2 47
29 47
38 37
29 37
47 37
47 38
11 14
2 14
29 14
29 11
20 42
47 42
2 42
2 20
13 44
13 64
44 64
12 53
64 53
13 53
13 12
58 55
13 55
44 55
44 58
27 18
64 18
13 18
13 27
22 21
22 16
21 16
17 46
22 46
21 46
21 17
63 7
16 7
22 7
22 63
34 48
16 48
22 48
22 34
19 23
19 52
23 52
25 61
52 61
19 61
19 25
59 41
23 41
52 41
52 59
66 3
23 3
52 3
52 66
70 6
70 10
6 10
28 72
70 72
6 72
6 28
62 32
10 32
70 32
70 62
9 68
70 68
6 68
6 9
33 5
33 26
5 26
49 35
26 35
33 35
33 49
51 24
5 24
26 24
26 51
65 54
5 54
26 54
26 65
81 135
76 33
76 58
33 58
64 69
33 69
58 69
58 64
53 48
76 48
33 48
33 53
24 74
33 74
58 74
58 24
6 19
6 4
19 4
79 47
4 47
6 47
6 79
26 80
4 80
6 80
6 26
65 63
4 63
6 63
6 65
75 45
75 78
45 78
41 70
45 70
78 70
78 41
37 73
45 73
78 73
78 37
14 23
75 23
45 23
45 14
49 2
49 21
2 21
29 71
21 71
49 71
49 29
22 17
2 17
21 17
21 22
31 8
49 8
2 8
2 31
30 67
30 54
67 54
61 18
67 18
54 18
54 61
50 39
54 39
30 39
30 50
15 43
67 43
54 43
54 15
60 81
60 13
81 13
5 28
81 28
13 28
13 5
51 35
13 35
60 35
60 51
7 11
60 11
81 11
81 7
52 77
52 66
77 66
27 36
52 36
77 36
77 27
62 38
52 38
77 38
77 62
40 68
77 68
66 68
66 40
9 42
9 72
42 72
57 20
9 20
42 20
42 57
59 46
42 46
72 46
72 59
56 3
9 3
42 3
42 56
34 12
34 55
12 55
25 44
34 44
12 44
12 25
32 16
34 16
12 16
12 32
10 1
34 1
12 1
12 10
63 117
34 30
34 6
30 6
29 17
30 17
6 17
6 29
33 18
6 18
34 18
34 33
48 25
30 25
6 25
6 48
3 47
34 47
30 47
30 3
61 4
6 4
34 4
34 61
62 8
30 8
6 8
6 62
59 10
6 10
34 10
34 59
12 22
6 22
34 22
34 12
39 50
6 50
34 50
34 39
32 46
32 24
46 24
56 35
24 35
32 35
32 56
45 42
24 42
32 42
32 45
15 57
32 57
46 57
46 15
23 19
32 19
46 19
46 23
41 60
24 60
32 60
32 41
38 20
46 20
24 20
24 38
9 16
32 16
46 16
46 9
53 55
46 55
24 55
24 53
5 49
24 49
32 49
32 5
26 13
26 7
13 7
21 43
13 43
7 43
7 21
52 54
7 54
26 54
26 52
51 1
7 1
26 1
26 51
27 11
13 11
7 11
7 27
40 31
7 31
26 31
26 40
14 36
13 36
7 36
7 14
28 58
7 58
26 58
26 28
63 44
13 44
7 44
7 63
2 37
26 37
13 37
13 2
63 105
1 48
1 29
48 29
33 6
1 6
48 6
48 33
9 22
29 22
1 22
1 9
57 46
48 46
29 46
29 57
20 43
20 5
43 5
61 52
20 52
43 52
43 61
34 18
43 18
5 18
5 34
51 28
20 28
43 28
43 51
15 12
15 45
12 45
41 39
45 39
15 39
15 41
54 23
45 23
15 23
15 54
31 36
45 36
15 36
15 31
60 47
60 53
47 53
59 42
53 42
60 42
60 59
10 30
60 30
47 30
47 10
55 50
60 50
47 50
47 55
7 14
7 24
14 24
56 27
14 27
24 27
24 56
25 37
7 37
14 37
14 25
63 4
7 4
14 4
14 63
58 49
58 40
49 40
44 13
40 13
58 13
58 44
38 8
58 8
49 8
49 38
3 17
49 17
40 17
40 3
2 62
2 11
62 11
21 16
11 16
2 16
2 21
35 26
62 26
11 26
11 35
19 32
2 32
62 32
62 19
60 108
29 36
29 52
36 52
40 47
52 47
29 47
29 40
2 8
52 8
29 8
29 2
56 9
29 9
36 9
36 56
30 10
52 10
29 10
29 30
24 60
36 60
52 60
52 24
48 54
36 54
52 54
52 48
3 45
3 15
45 15
33 43
15 43
3 43
3 33
57 14
45 14
15 14
15 57
41 51
3 51
45 51
45 41
46 20
15 20
3 20
3 46
22 39
15 39
3 39
3 22
38 17
45 17
15 17
15 38
7 16
7 26
16 26
23 50
16 50
26 50
26 23
1 6
26 6
7 6
7 1
11 44
26 44
7 44
7 11
59 13
26 13
7 13
7 59
28 32
7 32
16 32
16 28
58 35
16 35
26 35
26 58
55 31
55 21
31 21
12 42
55 42
31 42
31 12
37 5
31 5
21 5
21 37
53 19
55 19
31 19
31 53
27 4
55 4
31 4
31 27
49 34
31 34
21 34
21 49
18 25
31 25
21 25
21 18
66 114
12 38
12 64
38 64
36 57
64 57
12 57
12 36
61 62
12 62
38 62
38 61
2 32
12 32
38 32
38 2
14 56
64 56
12 56
12 14
35 9
35 10
9 10
17 15
9 15
10 15
10 17
7 50
35 50
9 50
9 7
20 5
9 5
10 5
10 20
16 40
35 40
9 40
9 16
26 44
26 28
44 28
18 47
44 47
28 47
28 18
66 46
28 46
26 46
26 66
65 45
44 45
28 45
28 65
11 4
44 4
28 4
28 11
13 43
13 39
43 39
19 29
13 29
43 29
43 19
1 21
43 21
39 21
39 1
23 52
39 52
13 52
13 23
48 51
39 51
13 51
13 48
25 37
25 8
37 8
27 55
25 55
37 55
37 27
30 24
37 24
8 24
8 30
60 22
8 22
25 22
25 60
6 31
25 31
37 31
37 6
53 3
53 58
3 58
59 34
3 34
58 34
58 59
63 33
58 33
53 33
53 63
49 42
58 42
53 42
53 49
54 41
3 41
58 41
58 54
65 115
57 9
57 42
9 42
43 46
42 46
57 46
57 43
37 2
57 2
9 2
9 37
55 16
42 16
57 16
57 55
45 8
42 8
57 8
57 45
18 34
9 34
42 34
42 18
6 38
6 7
38 7
4 30
38 30
7 30
7 4
28 54
6 54
38 54
38 28
17 19
6 19
38 19
38 17
59 1
38 1
7 1
7 59
65 53
6 53
38 53
38 65
51 35
51 47
35 47
33 25
47 25
51 25
51 33
21 56
35 56
47 56
47 21
11 15
51 15
35 15
35 11
40 27
47 27
51 27
51 40
36 50
47 50
51 50
51 36
63 3
63 58
3 58
60 26
58 26
63 26
63 60
32 29
63 29
3 29
3 32
24 49
63 49
3 49
3 24
52 10
63 10
3 10
3 52
64 13
58 13
63 13
63 64
39 5
39 22
5 22
31 62
39 62
5 62
5 31
12 14
5 14
22 14
22 12
44 23
5 23
22 23
22 44
48 61
39 61
5 61
5 48
41 20
39 20
5 20
5 41
63 117
57 42
57 44
42 44
34 53
44 53
57 53
57 34
35 45
42 45
44 45
44 35
61 4
57 4
42 4
42 61
46 56
44 56
57 56
57 46
52 16
42 16
44 16
44 52
26 21
57 21
42 21
42 26
40 15
42 15
44 15
44 40
50 22
57 22
42 22
42 50
10 37
44 37
57 37
57 10
59 24
59 3
24 3
47 8
3 8
59 8
59 47
27 48
59 48
24 48
24 27
17 14
3 14
59 14
59 17
63 12
3 12
59 12
59 63
30 51
59 51
24 51
24 30
7 28
59 28
24 28
24 7
49 18
59 18
24 18
24 49
55 41
24 41
3 41
3 55
31 23
59 23
24 23
24 31
5 54
5 43
54 43
20 1
54 1
43 1
43 20
62 38
5 38
54 38
54 62
58 11
5 11
54 11
54 58
60 36
54 36
43 36
43 60
6 9
5 9
54 9
54 6
33 25
43 25
5 25
5 33
29 32
54 32
43 32
43 29
2 39
54 39
43 39
43 2
19 13
43 13
5 13
5 19
63 117
7 8
7 2
8 2
21 23
7 23
8 23
8 21
39 18
8 18
2 18
2 39
53 17
8 17
2 17
2 53
30 62
2 62
7 62
7 30
4 24
7 24
8 24
8 4
14 61
8 61
2 61
2 14
1 46
8 46
2 46
2 1
57 5
2 5
7 5
7 57
22 34
8 34
2 34
2 22
19 35
19 63
35 63
42 20
19 20
35 20
35 42
37 12
63 12
19 12
19 37
31 32
35 32
63 32
63 31
3 33
35 33
63 33
63 3
16 41
35 41
63 41
63 16
50 40
35 40
63 40
63 50
6 36
19 36
35 36
35 6
9 49
19 49
35 49
35 9
43 15
35 15
63 15
63 43
59 56
59 25
56 25
26 47
56 47
25 47
25 26
55 52
25 52
59 52
59 55
45 11
59 11
56 11
56 45
38 54
25 54
59 54
59 38
29 51
59 51
56 51
56 29
44 58
25 58
59 58
59 44
60 28
59 28
56 28
56 60
48 27
25 27
59 27
59 48
10 13
56 13
25 13
25 10
63 105
40 12
40 17
12 17
35 48
17 48
40 48
40 35
36 25
12 25
17 25
17 36
16 39
17 39
40 39
40 16
5 27
5 60
27 60
11 45
60 45
5 45
5 11
54 23
60 23
5 23
5 54
53 59
5 59
27 59
27 53
43 55
43 37
55 37
28 4
55 4
37 4
37 28
41 18
37 18
43 18
43 41
8 3
43 3
55 3
55 8
34 9
34 21
9 21
24 32
21 32
34 32
34 24
46 49
34 49
9 49
9 46
6 38
9 38
21 38
21 6
31 61
31 57
61 57
26 19
57 19
31 19
31 26
33 56
61 56
57 56
57 33
2 13
31 13
61 13
61 2
20 62
20 44
62 44
14 63
62 63
44 63
44 14
42 50
20 50
62 50
62 42
30 10
44 10
20 10
20 30
7 47
7 51
47 51
52 1
51 1
7 1
7 52
22 29
47 29
51 29
51 22
15 58
47 58
51 58
51 15
60 108
56 44
56 15
44 15
52 41
15 41
56 41
56 52
37 16
15 16
56 16
56 37
51 17
44 17
15 17
15 51
40 49
15 49
56 49
56 40
33 9
15 9
56 9
56 33
34 53
15 53
56 53
56 34
14 45
14 58
45 58
8 25
58 25
14 25
14 8
5 12
14 12
45 12
45 5
20 36
58 36
14 36
14 20
38 57
58 57
14 57
14 38
1 42
58 42
14 42
14 1
29 21
45 21
58 21
58 29
13 24
13 54
24 54
50 4
13 4
24 4
24 50
23 55
24 55
54 55
54 23
3 43
24 43
54 43
54 3
26 31
54 31
13 31
13 26
39 18
54 18
13 18
13 39
28 32
54 32
13 32
13 28
22 10
22 48
10 48
6 19
10 19
48 19
48 6
7 47
22 47
10 47
10 7
60 35
22 35
10 35
10 60
11 27
22 27
10 27
10 11
46 59
48 59
22 59
22 46
30 2
22 2
10 2
10 30
60 108
23 13
23 17
13 17
47 9
13 9
17 9
17 47
59 1
23 1
13 1
13 59
6 18
17 18
23 18
23 6
46 32
17 32
23 32
23 46
55 37
17 37
23 37
23 55
38 7
17 7
23 7
23 38
5 48
5 21
48 21
34 15
5 15
48 15
48 34
53 8
5 8
48 8
48 53
45 51
5 51
48 51
48 45
31 12
48 12
21 12
21 31
4 33
5 33
48 33
48 4
36 60
21 60
5 60
5 36
3 50
3 19
50 19
42 22
3 22
50 22
50 42
24 52
19 52
3 52
3 24
30 2
50 2
19 2
19 30
40 27
3 27
50 27
50 40
11 16
3 16
50 16
50 11
28 49
50 49
19 49
19 28
57 56
57 25
56 25
10 41
57 41
56 41
56 10
35 54
56 54
25 54
25 35
44 58
57 58
56 58
56 44
39 29
25 29
57 29
57 39
43 20
25 20
57 20
57 43
26 14
57 14
56 14
56 26
63 117
21 6
21 41
6 41
14 17
41 17
21 17
21 14
10 56
6 56
41 56
41 10
43 37
6 37
41 37
41 43
52 38
41 38
21 38
21 52
29 13
21 13
6 13
6 29
33 31
21 31
6 31
6 33
27 3
41 3
21 3
21 27
19 12
41 12
21 12
21 19
11 47
6 47
41 47
41 11
34 51
34 22
51 22
45 48
51 48
22 48
22 45
20 50
34 50
51 50
51 20
23 46
22 46
34 46
34 23
60 63
34 63
51 63
51 60
18 30
22 30
34 30
34 18
25 39
22 39
34 39
34 25
53 59
51 59
22 59
22 53
7 28
51 28
22 28
22 7
42 44
22 44
34 44
34 42
49 26
49 40
26 40
8 4
40 4
49 4
49 8
15 24
49 24
26 24
26 15
32 5
40 5
49 5
49 32
54 57
40 57
49 57
49 54
55 2
40 2
49 2
49 55
1 36
40 36
49 36
49 1
62 9
26 9
40 9
40 62
61 16
40 16
49 16
49 61
35 58
40 58
49 58
49 35
72 120
1 27
1 34
27 34
43 53
27 53
34 53
34 43
22 61
34 61
1 61
1 22
25 42
1 42
27 42
27 25
23 50
23 70
50 70
16 2
70 2
23 2
23 16
51 21
50 21
70 21
70 51
6 39
23 39
50 39
50 6
26 67
26 31
67 31
8 10
31 10
26 10
26 8
52 37
26 37
67 37
67 52
30 64
67 64
31 64
31 30
47 20
47 49
20 49
7 59
49 59
47 59
47 7
62 12
20 12
49 12
49 62
46 58
49 58
47 58
47 46
72 48
72 15
48 15
14 4
72 4
48 4
48 14
69 3
48 3
15 3
15 69
63 44
72 44
48 44
48 63
13 18
13 55
18 55
17 28
18 28
55 28
55 17
19 60
13 60
18 60
18 19
40 5
55 5
13 5
13 40
66 68
66 11
68 11
41 35
68 35
11 35
11 41
38 9
66 9
68 9
68 38
32 71
66 71
68 71
68 32
56 65
56 54
65 54
45 57
56 57
65 57
65 45
24 33
54 33
56 33
56 24
29 36
65 36
54 36
54 29
60 108
3 26
3 19
26 19
42 47
19 47
3 47
3 42
46 35
19 35
3 35
3 46
58 48
19 48
3 48
3 58
30 51
3 51
26 51
26 30
17 13
26 13
19 13
19 17
6 32
19 32
3 32
3 6
59 5
59 34
5 34
55 24
34 24
59 24
59 55
14 39
34 39
59 39
59 14
9 36
59 36
5 36
5 9
38 33
59 33
5 33
5 38
41 57
34 57
59 57
59 41
50 7
5 7
34 7
34 50
18 8
18 21
8 21
53 2
21 2
18 2
18 53
60 49
8 49
21 49
21 60
11 29
21 29
18 29
18 11
25 52
21 52
18 52
18 25
1 23
18 23
8 23
8 1
27 20
21 20
18 20
18 27
31 16
31 54
16 54
10 43
16 43
54 43
54 10
12 56
54 56
31 56
31 12
15 44
54 44
31 44
31 15
22 4
16 4
54 4
54 22
40 37
54 37
31 37
31 40
28 45
16 45
54 45
54 28
63 105
36 31
36 22
31 22
34 12
22 12
36 12
36 34
24 51
22 51
36 51
36 24
6 61
36 61
31 61
31 6
30 26
30 60
26 60
47 48
60 48
30 48
30 47
21 37
30 37
26 37
26 21
2 18
26 18
60 18
60 2
28 33
28 52
33 52
19 40
28 40
33 40
33 19
57 5
52 5
28 5
28 57
50 17
33 17
52 17
52 50
38 59
38 20
59 20
11 55
20 55
38 55
38 11
45 14
38 14
59 14
59 45
58 54
38 54
59 54
59 58
4 35
4 23
35 23
16 63
4 63
35 63
35 16
44 27
35 27
23 27
23 44
10 32
23 32
4 32
4 10
62 53
62 49
53 49
29 39
49 39
62 39
62 29
8 3
49 3
62 3
62 8
15 43
49 43
62 43
62 15
56 9
56 41
9 41
7 25
9 25
41 25
41 7
1 42
56 42
9 42
9 1
13 46
56 46
9 46
9 13
63 117
2 62
2 21
62 21
12 36
21 36
2 36
2 12
15 32
21 32
2 32
2 15
48 8
2 8
62 8
62 48
19 60
62 60
21 60
21 19
5 38
62 38
21 38
21 5
11 55
2 55
62 55
62 11
61 3
21 3
2 3
2 61
7 57
2 57
62 57
62 7
24 41
2 41
62 41
62 24
9 6
9 30
6 30
14 27
9 27
6 27
6 14
44 20
30 20
9 20
9 44
28 4
6 4
30 4
30 28
26 10
30 10
9 10
9 26
31 58
9 58
6 58
6 31
22 42
6 42
30 42
30 22
56 16
9 16
6 16
6 56
53 13
30 13
9 13
9 53
34 46
9 46
6 46
6 34
17 33
17 49
33 49
39 1
17 1
33 1
33 39
25 43
17 43
33 43
33 25
51 54
33 54
49 54
49 51
40 47
33 47
49 47
49 40
29 37
33 37
49 37
49 29
45 50
33 50
49 50
49 45
63 52
33 52
49 52
49 63
18 35
33 35
49 35
49 18
23 59
49 59
17 59
17 23
72 120
52 8
52 72
8 72
71 6
52 6
8 6
8 71
45 44
8 44
72 44
72 45
29 63
72 63
52 63
52 29
43 51
43 46
51 46
18 54
51 54
46 54
46 18
56 11
46 11
43 11
43 56
33 47
46 47
43 47
43 33
38 25
38 40
25 40
3 23
40 23
38 23
38 3
16 66
40 66
38 66
38 16
42 49
38 49
25 49
25 42
17 7
17 58
7 58
57 4
58 4
17 4
17 57
13 12
7 12
58 12
58 13
26 15
58 15
17 15
17 26
32 35
32 10
35 10
5 28
10 28
32 28
32 5
36 27
35 27
10 27
10 36
48 2
35 2
10 2
10 48
9 19
9 69
19 69
68 30
69 30
9 30
9 68
70 22
19 22
69 22
69 70
31 67
9 67
19 67
19 31
20 64
20 14
64 14
41 59
14 59
20 59
20 41
37 24
20 24
64 24
64 37
34 39
14 39
20 39
20 34
55 53
55 60
53 60
65 1
53 1
60 1
60 65
50 62
55 62
53 62
53 50
61 21
60 21
55 21
55 61
72 120
2 22
2 16
22 16
43 33
16 33
2 33
2 43
65 41
2 41
22 41
22 65
31 10
16 10
2 10
2 31
8 66
8 34
66 34
18 58
8 58
66 58
66 18
54 12
8 12
66 12
66 54
39 68
8 68
66 68
66 39
53 32
53 50
32 50
71 59
50 59
53 59
53 71
15 5
32 5
50 5
50 15
4 23
53 23
32 23
32 4
57 63
57 21
63 21
60 62
63 62
21 62
21 60
24 35
57 35
63 35
63 24
38 6
21 6
57 6
57 38
61 42
61 44
42 44
64 55
44 55
61 55
61 64
1 29
61 29
42 29
42 1
51 14
61 14
42 14
42 51
36 19
36 11
19 11
27 72
19 72
11 72
11 27
46 13
36 13
19 13
19 46
69 9
11 9
36 9
36 69
3 26
3 48
26 48
28 56
48 56
3 56
3 28
40 25
26 25
48 25
48 40
67 45
48 45
3 45
3 67
47 17
47 49
17 49
7 20
17 20
49 20
49 7
37 52
49 52
47 52
47 37
70 30
17 30
49 30
49 70
63 105
20 50
20 62
50 62
59 48
62 48
20 48
20 59
11 54
62 54
20 54
20 11
1 34
62 34
20 34
20 1
46 6
46 57
6 57
32 18
6 18
57 18
57 32
49 53
6 53
57 53
57 49
4 30
57 30
46 30
46 4
63 21
63 44
21 44
15 33
63 33
21 33
21 15
42 45
63 45
21 45
21 42
25 14
63 14
21 14
21 25
8 61
8 43
61 43
19 60
8 60
61 60
61 19
38 12
8 12
61 12
61 38
55 24
61 24
43 24
43 55
52 5
52 7
5 7
36 13
7 13
52 13
52 36
40 29
5 29
7 29
7 40
58 3
5 3
7 3
7 58
27 16
27 17
16 17
22 39
27 39
16 39
16 22
37 23
27 23
16 23
16 37
51 2
27 2
16 2
16 51
41 35
41 31
35 31
9 10
31 10
41 10
41 9
26 28
31 28
41 28
41 26
56 47
35 47
31 47
31 56
63 105
31 50
31 17
50 17
5 8
17 8
31 8
31 5
43 62
50 62
17 62
17 43
26 2
17 2
31 2
31 26
54 61
54 60
61 60
3 51
60 51
54 51
54 3
42 9
61 9
60 9
60 42
14 48
60 48
54 48
54 14
44 47
44 52
47 52
7 11
44 11
47 11
47 7
15 45
52 45
44 45
44 15
29 58
44 58
47 58
47 29
33 28
33 41
28 41
25 63
33 63
28 63
28 25
12 24
28 24
41 24
41 12
37 53
33 53
28 53
28 37
39 1
39 19
1 19
22 13
39 13
1 13
1 22
6 38
1 38
19 38
19 6
57 40
39 40
1 40
1 57
55 20
55 30
20 30
21 49
30 49
55 49
55 21
10 56
55 56
20 56
20 10
34 23
30 23
55 23
55 34
4 18
4 35
18 35
27 16
4 16
18 16
18 27
32 46
4 46
18 46
18 32
59 36
18 36
35 36
35 59
63 105
5 6
5 7
6 7
45 59
6 59
7 59
7 45
41 38
5 38
6 38
6 41
36 1
7 1
5 1
5 36
44 49
44 24
49 24
27 28
24 28
44 28
44 27
55 48
49 48
24 48
24 55
16 61
24 61
44 61
44 16
32 18
32 22
18 22
53 60
22 60
32 60
32 53
33 58
22 58
32 58
32 33
54 31
18 31
22 31
22 54
13 26
13 21
26 21
19 63
26 63
21 63
21 19
9 15
26 15
21 15
21 9
35 14
26 14
21 14
21 35
12 34
12 62
34 62
11 57
62 57
12 57
12 11
8 25
34 25
62 25
62 8
39 46
62 46
12 46
12 39
23 2
23 43
2 43
40 52
43 52
23 52
23 40
20 10
43 10
23 10
23 20
30 42
43 42
23 42
23 30
37 4
37 3
4 3
47 50
4 50
3 50
3 47
51 56
37 56
4 56
4 51
29 17
3 17
37 17
37 29
63 105
30 54
30 36
54 36
62 56
54 56
36 56
36 62
11 4
36 4
30 4
30 11
40 20
36 20
30 20
30 40
55 33
55 52
33 52
27 31
33 31
52 31
52 27
41 24
52 24
55 24
55 41
59 37
33 37
52 37
52 59
8 3
8 14
3 14
2 45
8 45
3 45
3 2
46 61
8 61
3 61
3 46
19 42
8 42
3 42
3 19
32 47
32 43
47 43
50 28
32 28
47 28
47 50
53 1
43 1
32 1
32 53
49 38
32 38
47 38
47 49
7 23
7 5
23 5
9 57
5 57
7 57
7 9
10 15
5 15
7 15
7 10
35 25
23 25
5 25
5 35
63 13
63 12
13 12
48 21
13 21
12 21
12 48
60 22
63 22
13 22
13 60
26 58
12 58
63 58
63 26
39 18
39 34
18 34
17 6
18 6
34 6
34 17
29 16
18 16
34 16
34 29
51 44
18 44
34 44
34 51
60 108
31 4
31 28
4 28
30 38
4 38
28 38
28 30
40 9
31 9
4 9
4 40
34 33
4 33
28 33
28 34
47 21
31 21
4 21
4 47
27 52
4 52
28 52
28 27
1 32
31 32
4 32
4 1
23 17
23 39
17 39
24 25
23 25
17 25
17 24
51 7
39 7
23 7
23 51
29 60
39 60
23 60
23 29
8 54
39 54
23 54
23 8
2 49
23 49
17 49
17 2
15 20
17 20
39 20
39 15
22 11
22 19
11 19
5 42
22 42
11 42
11 5
43 3
22 3
11 3
11 43
46 18
11 18
19 18
19 46
55 41
22 41
11 41
11 55
10 58
19 58
22 58
22 10
44 12
11 12
19 12
19 44
57 50
57 36
50 36
56 59
57 59
50 59
50 56
14 16
57 16
50 16
50 14
37 53
36 53
57 53
57 37
6 35
36 35
57 35
57 6
26 45
50 45
36 45
36 26
48 13
36 13
57 13
57 48
63 105
31 10
31 29
10 29
48 38
29 38
31 38
31 48
18 23
29 23
31 23
31 18
47 59
10 59
29 59
29 47
35 8
35 42
8 42
6 50
42 50
35 50
35 6
2 27
35 27
8 27
8 2
26 62
35 62
8 62
8 26
55 51
55 56
51 56
49 44
51 44
56 44
56 49
39 12
55 12
51 12
51 39
33 30
55 30
51 30
51 33
34 3
34 5
3 5
14 9
5 9
34 9
34 14
61 19
3 19
5 19
5 61
58 53
5 53
34 53
34 58
41 20
41 32
20 32
57 7
32 7
41 7
41 57
11 36
41 36
20 36
20 11
13 4
32 4
41 4
41 13
40 15
40 25
15 25
16 52
25 52
40 52
40 16
24 28
15 28
25 28
25 24
17 63
25 63
40 63
40 17
37 46
37 45
46 45
60 1
37 1
46 1
46 60
54 22
37 22
46 22
46 54
21 43
45 43
37 43
37 21
66 114
48 61
48 2
61 2
4 63
48 63
61 63
61 4
7 54
61 54
2 54
2 7
3 27
48 27
61 27
61 3
44 35
61 35
2 35
2 44
46 13
46 29
13 29
34 26
46 26
13 26
13 34
59 41
46 41
13 41
13 59
37 31
29 31
46 31
46 37
38 17
13 17
29 17
29 38
55 32
55 14
32 14
16 64
32 64
14 64
14 16
53 10
32 10
14 10
14 53
66 25
55 25
32 25
32 66
20 15
32 15
14 15
14 20
47 36
47 50
36 50
43 60
50 60
47 60
47 43
28 5
36 5
50 5
50 28
42 33
47 33
36 33
36 42
51 57
50 57
47 57
47 51
30 58
30 12
58 12
21 52
30 52
58 52
58 21
9 56
12 56
30 56
30 9
24 23
12 23
30 23
30 24
65 22
12 22
30 22
30 65
49 8
49 45
8 45
40 18
45 18
49 18
49 40
6 39
45 39
49 39
49 6
62 1
8 1
45 1
45 62
19 11
49 11
8 11
8 19
60 108
25 42
25 27
42 27
58 2
42 2
27 2
27 58
26 31
42 31
27 31
27 26
15 5
27 5
25 5
25 15
17 36
25 36
42 36
42 17
40 19
25 19
42 19
42 40
16 50
25 50
42 50
42 16
20 11
20 34
11 34
39 13
11 13
34 13
34 39
29 21
11 21
34 21
34 29
24 43
11 43
34 43
34 24
3 51
34 51
20 51
20 3
28 37
11 37
34 37
34 28
55 41
34 41
20 41
20 55
35 12
35 7
12 7
46 32
7 32
35 32
35 46
45 53
12 53
7 53
7 45
8 60
7 60
35 60
35 8
49 44
7 44
35 44
35 49
59 57
35 57
12 57
12 59
10 23
35 23
12 23
12 10
47 33
47 4
33 4
30 56
33 56
4 56
4 30
52 6
33 6
4 6
4 52
48 9
4 9
47 9
47 48
54 14
47 14
33 14
33 54
1 22
33 22
4 22
4 1
38 18
47 18
33 18
33 38
60 108
52 39
52 2
39 2
12 8
52 8
39 8
39 12
5 13
52 13
39 13
39 5
4 50
39 50
2 50
2 4
22 6
2 6
52 6
52 22
31 37
2 37
52 37
52 31
30 51
52 51
39 51
39 30
33 15
33 11
15 11
17 1
33 1
15 1
15 17
25 21
11 21
33 21
33 25
29 19
15 19
11 19
11 29
54 3
15 3
11 3
11 54
58 32
11 32
33 32
33 58
56 45
11 45
33 45
33 56
10 55
10 24
55 24
43 46
10 46
55 46
55 43
60 20
55 20
24 20
24 60
41 57
10 57
55 57
55 41
14 38
24 38
10 38
10 14
34 35
24 35
10 35
10 34
16 23
10 23
55 23
55 16
49 7
49 47
7 47
53 26
7 26
47 26
47 53
42 40
49 40
7 40
7 42
59 48
7 48
47 48
47 59
9 27
7 27
47 27
47 9
36 18
49 18
7 18
7 36
44 28
49 28
7 28
7 44
66 114
45 1
45 17
1 17
15 13
17 13
45 13
45 15
39 12
1 12
17 12
17 39
2 51
1 51
17 51
17 2
10 65
45 65
1 65
1 10
35 19
35 7
19 7
31 41
35 41
19 41
19 31
38 20
35 20
19 20
19 38
42 28
19 28
7 28
7 42
5 24
19 24
7 24
7 5
60 8
60 48
8 48
33 49
60 49
8 49
8 33
56 9
8 9
48 9
48 56
61 53
8 53
48 53
48 61
36 50
48 50
60 50
60 36
6 62
6 47
62 47
16 55
62 55
47 55
47 16
63 59
47 59
6 59
6 63
3 32
47 32
6 32
6 3
30 57
6 57
62 57
62 30
40 54
40 37
54 37
23 22
37 22
40 22
40 23
11 43
40 43
54 43
54 11
14 34
40 34
54 34
54 14
4 44
54 44
37 44
37 4
18 27
18 26
27 26
21 25
26 25
18 25
18 21
64 66
27 66
26 66
26 64
29 46
26 46
18 46
18 29
52 58
27 58
26 58
26 52
81 135
43 30
43 38
30 38
50 74
38 74
43 74
43 50
73 72
38 72
43 72
43 73
80 12
30 12
38 12
38 80
19 53
19 76
53 76
39 11
76 11
19 11
19 39
48 10
76 10
19 10
19 48
24 75
53 75
76 75
76 24
59 2
59 79
2 79
15 65
2 65
79 65
79 15
7 25
79 25
59 25
59 7
71 47
2 47
79 47
79 71
8 46
8 20
46 20
64 32
46 32
20 32
20 64
33 34
8 34
46 34
46 33
9 63
20 63
8 63
8 9
57 68
57 66
68 66
44 31
68 31
66 31
66 44
67 16
66 16
57 16
57 67
13 45
66 45
57 45
57 13
60 62
60 40
62 40
28 27
40 27
60 27
60 28
70 42
40 42
60 42
60 70
3 1
60 1
62 1
62 3
14 77
14 61
77 61
58 22
14 22
77 22
77 58
81 21
77 21
61 21
61 81
17 23
61 23
14 23
14 17
49 54
49 29
54 29
55 36
54 36
29 36
29 55
5 69
54 69
29 69
29 5
6 41
29 41
49 41
49 6
78 51
78 18
51 18
26 52
78 52
51 52
51 26
37 35
78 35
51 35
51 37
56 4
18 4
78 4
78 56
81 135
41 50
41 12
50 12
4 32
50 32
12 32
12 4
65 2
41 2
50 2
50 65
5 76
50 76
12 76
12 5
6 68
6 18
68 18
17 13
6 13
68 13
68 17
71 62
6 62
68 62
68 71
53 75
6 75
68 75
68 53
29 16
29 24
16 24
10 56
16 56
24 56
24 10
77 54
16 54
24 54
24 77
39 36
29 36
16 36
16 39
51 55
51 78
55 78
49 60
55 60
78 60
78 49
57 33
78 33
51 33
51 57
37 20
55 20
78 20
78 37
72 59
72 28
59 28
30 70
72 70
59 70
59 30
69 64
72 64
59 64
59 69
58 40
59 40
28 40
28 58
25 31
25 63
31 63
74 42
31 42
63 42
63 74
48 11
31 11
63 11
63 48
44 52
63 52
25 52
25 44
61 8
61 9
8 9
14 7
8 7
9 7
9 14
23 45
9 45
61 45
61 23
81 34
61 34
8 34
8 81
1 15
1 67
15 67
46 21
1 21
15 21
15 46
27 47
15 47
67 47
67 27
38 80
67 80
1 80
1 38
79 26
79 35
26 35
73 66
79 66
26 66
26 73
19 22
26 22
35 22
35 19
43 3
35 3
79 3
79 43
63 105
61 60
61 3
60 3
27 58
60 58
3 58
3 27
28 7
61 7
60 7
60 28
33 14
3 14
61 14
61 33
35 48
35 8
48 8
22 37
48 37
8 37
8 22
19 39
35 39
48 39
48 19
59 63
8 63
35 63
35 59
51 41
51 45
41 45
11 54
45 54
51 54
51 11
18 21
45 21
51 21
51 18
24 38
41 38
45 38
45 24
1 62
1 56
62 56
26 46
1 46
62 46
62 26
13 6
1 6
62 6
62 13
57 17
62 17
56 17
56 57
53 5
53 25
5 25
34 15
25 15
53 15
53 34
55 36
53 36
5 36
5 55
50 42
5 42
25 42
25 50
23 40
23 2
40 2
32 47
40 47
2 47
2 32
52 10
23 10
40 10
40 52
12 16
23 16
40 16
40 12
30 29
30 31
29 31
49 9
30 9
29 9
29 49
4 44
29 44
31 44
31 4
20 43
29 43
31 43
31 20
72 120
57 61
57 71
61 71
63 40
71 40
57 40
57 63
50 45
57 45
61 45
61 50
16 70
57 70
61 70
61 16
3 48
3 31
48 31
36 25
3 25
48 25
48 36
37 49
48 49
31 49
31 37
66 44
48 44
31 44
31 66
39 60
39 30
60 30
18 58
30 58
39 58
39 18
29 51
39 51
60 51
60 29
32 46
39 46
60 46
60 32
13 17
13 35
17 35
12 20
17 20
35 20
35 12
9 5
17 5
35 5
35 9
10 69
35 69
13 69
13 10
7 54
7 33
54 33
1 24
54 24
33 24
33 1
14 68
54 68
33 68
33 14
42 23
7 23
54 23
54 42
2 21
2 11
21 11
62 59
21 59
11 59
11 62
64 47
11 47
2 47
2 64
4 27
2 27
21 27
21 4
65 52
65 28
52 28
38 22
65 22
52 22
52 38
56 43
52 43
28 43
28 56
8 72
28 72
65 72
65 8
6 53
6 34
53 34
55 41
6 41
53 41
53 55
19 15
53 15
34 15
34 19
26 67
6 67
53 67
53 26
60 108
1 47
1 49
47 49
24 11
1 11
47 11
47 24
14 51
49 51
1 51
1 14
59 48
49 48
1 48
1 59
22 44
49 44
1 44
1 22
46 15
1 15
47 15
47 46
29 7
49 7
1 7
1 29
26 21
26 28
21 28
37 33
28 33
26 33
26 37
27 58
21 58
28 58
28 27
6 12
21 12
28 12
28 6
3 8
26 8
21 8
21 3
19 40
21 40
28 40
28 19
25 36
28 36
26 36
26 25
60 41
60 34
41 34
45 39
41 39
34 39
34 45
35 13
60 13
41 13
41 35
10 57
34 57
60 57
60 10
5 55
41 55
34 55
34 5
52 54
60 54
41 54
41 52
2 43
41 43
34 43
34 2
31 56
31 30
56 30
23 20
31 20
56 20
56 23
38 17
56 17
30 17
30 38
9 50
31 50
56 50
56 9
4 18
31 18
56 18
56 4
16 42
31 42
56 42
56 16
53 32
31 32
56 32
56 53
72 120
8 56
8 14
56 14
61 2
14 2
8 2
8 61
33 35
14 35
8 35
8 33
10 21
14 21
8 21
8 10
37 26
37 25
26 25
42 18
26 18
25 18
25 42
62 7
26 7
25 7
25 62
9 16
26 16
25 16
25 9
72 29
72 67
29 67
28 55
67 55
72 55
72 28
63 36
72 36
29 36
29 63
46 58
29 58
67 58
67 46
49 19
49 23
19 23
66 59
19 59
23 59
23 66
31 40
23 40
49 40
49 31
44 20
23 20
49 20
49 44
64 48
64 34
48 34
4 57
34 57
64 57
64 4
60 51
64 51
48 51
48 60
24 27
34 27
64 27
64 24
11 50
11 1
50 1
39 41
11 41
50 41
50 39
43 12
50 12
1 12
1 43
6 3
11 3
50 3
50 6
13 5
13 69
5 69
30 71
5 71
69 71
69 30
65 53
13 53
5 53
5 65
32 45
13 45
5 45
5 32
15 47
15 54
47 54
52 68
54 68
15 68
15 52
70 38
54 38
15 38
15 70
22 17
47 17
54 17
54 22
60 108
34 9
34 52
9 52
3 4
52 4
34 4
34 3
23 5
34 5
9 5
9 23
24 12
9 12
52 12
52 24
50 15
34 15
9 15
9 50
22 51
9 51
52 51
52 22
47 33
52 33
34 33
34 47
44 55
44 60
55 60
19 37
60 37
44 37
44 19
7 49
55 49
60 49
60 7
54 17
55 17
60 17
60 54
41 40
60 40
44 40
44 41
29 25
55 25
60 25
60 29
1 13
44 13
55 13
55 1
16 28
16 46
28 46
20 45
28 45
46 45
46 20
35 57
28 57
46 57
46 35
53 6
28 6
46 6
46 53
59 11
28 11
46 11
46 59
30 21
16 21
28 21
28 30
31 14
46 14
16 14
16 31
38 8
38 18
8 18
32 26
38 26
8 26
8 32
42 36
38 36
8 36
8 42
2 56
8 56
18 56
18 2
10 58
38 58
8 58
8 10
39 27
8 27
18 27
18 39
43 48
18 48
38 48
38 43
81 135
5 79
5 30
79 30
20 77
30 77
5 77
5 20
76 57
5 57
79 57
79 76
54 65
5 65
79 65
79 54
74 71
74 26
71 26
6 18
74 18
71 18
71 6
21 31
26 31
74 31
74 21
4 53
71 53
26 53
26 4
55 15
55 37
15 37
9 3
55 3
15 3
15 9
69 40
37 40
55 40
55 69
49 27
55 27
15 27
15 49
32 38
32 75
38 75
68 44
38 44
75 44
75 68
63 39
75 39
32 39
32 63
29 58
32 58
38 58
38 29
51 43
51 52
43 52
14 67
51 67
43 67
43 14
41 23
51 23
43 23
43 41
36 22
43 22
52 22
52 36
59 50
59 8
50 8
62 64
50 64
8 64
8 62
17 60
8 60
59 60
59 17
81 70
8 70
59 70
59 81
12 35
12 34
35 34
66 80
35 80
34 80
34 66
42 33
12 33
35 33
35 42
72 28
35 28
34 28
34 72
25 48
25 11
48 11
47 16
11 16
25 16
25 47
73 2
48 2
11 2
11 73
78 19
11 19
25 19
25 78
24 45
24 7
45 7
46 1
45 1
7 1
7 46
61 10
24 10
45 10
45 61
56 13
45 13
7 13
7 56
60 108
22 45
22 34
45 34
51 47
45 47
34 47
34 51
17 8
45 8
34 8
34 17
31 37
45 37
34 37
34 31
2 42
22 42
45 42
45 2
54 55
22 55
45 55
45 54
24 20
34 20
22 20
22 24
29 60
29 5
60 5
7 14
60 14
5 14
5 7
39 56
5 56
29 56
29 39
35 3
60 3
5 3
5 35
1 6
5 6
29 6
29 1
49 13
60 13
5 13
5 49
46 18
29 18
60 18
60 46
53 28
53 50
28 50
59 57
50 57
53 57
53 59
11 15
28 15
50 15
50 11
32 52
53 52
28 52
28 32
9 30
28 30
50 30
50 9
38 40
53 40
28 40
28 38
25 43
50 43
53 43
53 25
48 21
48 10
21 10
58 23
10 23
48 23
48 58
27 4
48 4
21 4
21 27
44 36
21 36
10 36
10 44
26 33
48 33
21 33
21 26
12 19
48 19
21 19
21 12
41 16
48 16
21 16
21 41
63 117
30 14
30 57
14 57
15 43
57 43
30 43
30 15
35 17
14 17
57 17
57 35
48 49
14 49
57 49
57 48
38 3
30 3
14 3
14 38
29 52
57 52
30 52
30 29
58 59
14 59
57 59
57 58
26 23
30 23
14 23
14 26
10 51
30 51
14 51
14 10
6 27
30 27
14 27
14 6
33 21
33 20
21 20
34 60
20 60
33 60
33 34
1 47
20 47
33 47
33 1
12 61
21 61
20 61
20 12
19 39
20 39
33 39
33 19
25 42
33 42
21 42
21 25
11 16
21 16
20 16
20 11
5 18
33 18
21 18
21 5
28 7
20 7
33 7
33 28
37 63
20 63
33 63
33 37
62 50
62 41
50 41
24 13
50 13
41 13
41 24
44 40
50 40
41 40
41 44
46 9
41 9
62 9
62 46
8 22
41 22
62 22
62 8
56 54
41 54
62 54
62 56
4 31
50 31
41 31
41 4
2 53
62 53
50 53
50 2
45 36
50 36
41 36
41 45
32 55
62 55
50 55
50 32
81 135
8 33
8 43
33 43
11 40
33 40
43 40
43 11
32 29
43 29
8 29
8 32
45 76
33 76
43 76
43 45
41 80
41 37
80 37
26 66
37 66
41 66
41 26
7 59
37 59
41 59
41 7
31 6
41 6
80 6
80 31
12 55
12 30
55 30
22 2
30 2
12 2
12 22
77 19
12 19
55 19
55 77
17 42
30 42
12 42
12 17
68 10
68 4
10 4
23 48
10 48
4 48
4 23
38 71
68 71
10 71
10 38
18 39
4 39
68 39
68 18
73 44
73 14
44 14
24 72
73 72
44 72
44 24
74 36
44 36
14 36
14 74
35 15
44 15
14 15
14 35
28 20
28 70
20 70
57 5
70 5
28 5
28 57
79 62
70 62
28 62
28 79
34 1
28 1
20 1
20 34
60 69
60 13
69 13
51 9
60 9
69 9
69 51
49 75
60 75
69 75
69 49
52 63
60 63
69 63
69 52
65 25
65 56
25 56
67 58
25 58
56 58
56 67
46 64
65 64
25 64
25 46
47 53
25 53
56 53
56 47
21 16
21 81
16 81
54 61
81 61
21 61
21 54
3 78
21 78
16 78
16 3
50 27
21 27
16 27
16 50
66 114
59 10
59 9
10 9
33 37
10 37
9 37
9 33
44 3
59 3
10 3
10 44
53 40
9 40
59 40
59 53
2 13
9 13
59 13
59 2
22 31
22 18
31 18
64 28
18 28
22 28
22 64
8 55
18 55
22 55
22 8
12 4
31 4
18 4
18 12
51 39
31 39
18 39
18 51
21 63
21 45
63 45
66 1
63 1
45 1
45 66
49 65
45 65
21 65
21 49
19 7
21 7
63 7
63 19
26 57
21 57
63 57
63 26
20 36
20 54
36 54
58 48
36 48
54 48
54 58
56 14
36 14
54 14
54 56
15 24
54 24
20 24
20 15
16 30
20 30
36 30
36 16
42 25
42 62
25 62
43 17
42 17
25 17
25 43
50 52
42 52
25 52
25 50
47 23
42 23
25 23
25 47
34 41
42 41
25 41
25 34
29 5
29 61
5 61
60 38
29 38
5 38
5 60
46 35
61 35
29 35
29 46
6 11
5 11
61 11
61 6
32 27
61 27
29 27
29 32
60 108
55 40
55 42
40 42
27 49
55 49
40 49
40 27
45 53
55 53
40 53
40 45
39 8
42 8
55 8
55 39
17 5
40 5
42 5
42 17
11 52
55 52
40 52
40 11
28 13
55 13
40 13
40 28
21 10
21 44
10 44
50 4
10 4
44 4
44 50
9 57
21 57
10 57
10 9
29 19
44 19
21 19
21 29
6 41
21 41
10 41
10 6
34 33
21 33
10 33
10 34
37 31
44 31
21 31
21 37
32 14
32 51
14 51
48 35
51 35
32 35
32 48
25 30
51 30
32 30
32 25
22 15
32 15
14 15
14 22
1 18
51 18
32 18
32 1
46 2
14 2
51 2
51 46
56 20
14 20
51 20
51 56
36 3
36 54
3 54
23 43
3 43
54 43
54 23
12 26
54 26
36 26
36 12
60 24
36 24
3 24
3 60
58 7
36 7
3 7
3 58
59 38
36 38
3 38
3 59
16 47
54 47
36 47
36 16
72 120
5 38
5 3
38 3
71 47
5 47
38 47
38 71
10 17
38 17
3 17
3 10
1 65
5 65
38 65
38 1
62 23
62 4
23 4
41 72
62 72
23 72
23 41
19 58
4 58
62 58
62 19
69 48
4 48
62 48
62 69
31 12
31 24
12 24
14 36
24 36
31 36
31 14
52 42
12 42
24 42
24 52
35 26
24 26
31 26
31 35
7 66
7 49
66 49
64 8
66 8
49 8
49 64
29 28
66 28
49 28
49 29
61 18
66 18
49 18
49 61
2 67
2 50
67 50
53 46
2 46
67 46
67 53
22 56
67 56
50 56
50 22
11 21
2 21
67 21
67 11
55 33
55 44
33 44
68 54
44 54
55 54
55 68
15 27
55 27
33 27
33 15
9 60
44 60
55 60
55 9
30 51
30 6
51 6
57 39
6 39
30 39
30 57
20 32
6 32
30 32
30 20
70 59
6 59
30 59
30 70
63 45
63 34
45 34
25 43
45 43
34 43
34 25
13 37
34 37
63 37
63 13
16 40
63 40
45 40
45 16
66 114
39 28
39 52
28 52
38 10
39 10
28 10
28 38
26 48
39 48
28 48
28 26
8 46
39 46
28 46
28 8
15 22
28 22
52 22
52 15
62 57
62 17
57 17
63 4
57 4
17 4
17 63
37 64
17 64
62 64
62 37
12 1
17 1
62 1
62 12
53 60
57 60
17 60
17 53
13 41
13 23
41 23
36 2
23 2
13 2
13 36
49 40
13 40
41 40
41 49
55 44
13 44
41 44
41 55
3 33
13 33
41 33
41 3
42 21
42 20
21 20
45 5
42 5
21 5
21 45
50 27
42 27
21 27
21 50
34 59
20 59
42 59
42 34
65 18
21 18
20 18
20 65
51 58
51 47
58 47
29 19
47 19
51 19
51 29
11 6
58 6
47 6
47 11
16 9
51 9
58 9
58 16
32 54
51 54
58 54
58 32
14 7
14 66
7 66
35 56
66 56
14 56
14 35
25 24
66 24
14 24
14 25
43 61
66 61
14 61
14 43
30 31
14 31
7 31
7 30
