70 140
61 41
46 66
24 14
15 13
37 8
12 59
5 7
11 42
6 7
20 4
53 21
40 23
28 69
1 3
54 47
32 55
10 38
64 65
44 16
19 6
52 24
1 38
51 53
30 20
1 53
42 43
4 11
14 4
55 47
40 50
42 46
40 51
25 17
13 5
59 70
48 26
14 67
64 63
36 41
36 1
70 54
63 2
60 46
50 12
8 49
66 1
32 12
11 40
51 46
20 45
25 48
62 70
31 14
29 43
32 61
1 17
38 22
51 25
27 62
63 4
1 54
59 60
16 26
18 8
48 49
38 48
61 29
59 27
49 3
15 37
57 38
56 54
20 18
68 45
23 52
47 51
53 3
17 12
28 8
42 13
25 36
7 9
55 53
56 15
38 34
21 31
7 48
4 9
52 45
59 30
12 40
19 32
51 43
5 52
62 21
70 8
19 12
18 46
34 66
59 55
4 3
62 36
41 52
3 34
64 21
7 38
12 65
47 19
62 7
36 17
41 15
50 64
16 24
41 45
65 40
36 34
14 21
64 60
3 10
25 3
1 63
62 3
22 12
17 10
48 47
23 49
69 56
67 53
43 18
15 23
31 18
20 54
63 16
50 36
51 34
49 5
26 12
68 3
32 52
37 50
70 141
6 69
29 20
56 5
16 22
33 17
35 14
18 27
49 16
42 36
47 16
63 14
15 51
40 4
52 6
1 49
11 5
44 6
33 21
13 27
52 30
23 57
61 13
41 17
31 54
69 28
31 49
10 16
18 22
51 8
62 61
13 39
36 54
18 41
20 67
7 30
32 65
67 25
61 5
44 61
18 67
40 19
7 11
55 36
59 6
51 29
70 54
60 44
31 19
32 25
54 46
41 40
7 61
33 47
15 12
31 70
37 58
30 67
2 23
61 39
29 48
32 1
20 66
52 45
1 5
59 55
16 38
57 20
63 54
11 57
36 48
11 32
68 57
56 48
54 30
56 67
53 41
53 17
61 48
41 25
31 29
29 30
65 29
54 28
34 33
5 19
58 34
61 38
2 6
41 30
3 39
7 48
31 15
59 10
55 2
24 18
6 19
60 16
36 64
49 33
59 25
17 56
22 6
7 51
36 67
39 11
15 7
31 8
12 61
51 20
28 36
11 53
33 44
21 68
28 47
52 28
32 56
5 32
66 63
64 45
45 37
27 36
9 23
59 43
31 50
51 28
52 61
51 4
55 67
38 7
38 56
56 49
8 56
16 65
11 25
46 50
4 15
51 69
66 29
9 70
59 41
20 24
70 142
63 55
48 10
39 17
69 52
67 56
15 10
38 2
1 69
18 70
66 30
7 22
49 58
49 50
63 25
4 17
39 12
12 4
68 20
24 57
19 6
61 36
44 17
69 5
65 1
31 55
51 38
11 3
25 29
35 16
61 6
50 20
35 13
37 22
41 52
47 34
33 6
56 11
63 18
32 21
27 26
23 54
32 64
9 21
8 18
50 47
43 24
65 64
26 34
52 16
22 58
20 3
15 39
22 17
37 24
39 40
63 62
23 22
30 5
3 6
66 8
51 29
42 62
49 37
24 22
64 61
61 8
11 7
69 35
32 24
55 52
57 54
64 16
30 49
49 55
25 5
39 7
65 66
7 32
55 54
68 53
4 8
1 51
28 8
25 1
58 29
53 57
67 66
2 5
34 1
34 43
40 25
25 17
28 57
2 45
53 54
54 20
42 39
52 37
63 16
14 43
28 58
50 14
6 24
6 52
45 13
48 15
1 17
19 2
12 46
64 59
38 23
37 47
5 48
25 26
47 4
46 64
26 57
25 47
1 28
33 8
64 27
52 30
68 23
29 45
41 8
45 65
33 43
59 41
57 31
30 24
22 30
40 62
7 67
3 30
49 23
27 49
29 55
1 54
37 1
30 17
21 55
44 7
70 143
65 19
36 43
39 7
59 42
4 33
56 34
68 58
32 31
62 43
20 18
18 4
5 34
23 67
27 7
22 42
47 49
16 57
42 8
40 62
52 14
8 55
54 14
27 64
17 60
6 7
15 34
67 14
68 34
45 34
37 48
28 18
26 58
12 14
5 22
70 2
63 10
43 47
19 44
10 44
2 4
23 7
56 10
34 18
58 8
64 54
9 47
54 10
25 24
13 65
11 7
49 36
69 19
61 21
24 67
29 46
49 35
11 28
48 40
5 4
16 36
57 17
24 59
49 69
3 40
46 51
1 21
60 7
49 5
51 37
24 49
23 12
39 47
59 31
22 53
66 19
24 50
64 32
67 6
18 13
48 64
13 66
12 11
68 18
49 63
52 39
10 51
6 10
35 60
34 63
49 11
70 3
53 46
54 1
63 47
20 60
20 37
63 14
40 26
35 37
31 8
45 17
67 50
35 12
11 51
46 68
29 6
67 69
14 66
49 51
2 45
6 19
1 24
49 39
62 70
50 57
29 37
55 42
64 50
6 70
19 48
20 66
65 60
66 59
23 9
14 58
12 34
21 68
60 49
22 11
28 60
45 38
42 49
49 44
47 7
21 40
10 3
15 29
18 44
45 61
67 66
29 16
49 65
3 26
70 144
4 46
6 55
64 51
53 21
58 29
10 21
67 41
19 8
36 37
62 43
68 46
44 50
4 38
1 48
16 53
49 35
7 23
35 7
33 14
46 64
61 3
51 43
23 21
57 61
59 31
18 11
46 22
67 5
55 42
56 64
25 7
21 35
6 63
14 13
21 28
25 62
61 40
44 26
32 5
11 60
64 6
57 28
31 29
51 19
35 64
7 30
67 66
12 10
45 54
5 51
46 60
30 19
40 22
25 32
36 18
63 61
31 3
23 51
6 67
44 20
48 17
52 33
39 40
23 16
41 17
60 16
69 61
16 7
19 18
21 30
14 21
69 8
60 61
50 19
1 28
19 5
66 34
52 16
51 38
1 30
67 23
41 34
22 8
4 8
16 48
21 7
35 69
63 47
41 69
36 55
67 13
27 6
64 31
69 40
13 27
64 21
42 6
46 52
34 55
67 15
41 62
34 1
10 2
37 66
68 2
36 29
69 53
14 8
31 18
15 6
49 26
66 48
6 68
5 54
28 11
25 42
6 35
26 20
21 54
3 29
19 61
41 27
32 13
7 56
7 41
60 49
9 66
31 54
51 10
45 39
9 50
1 4
49 13
32 16
14 51
65 24
10 36
11 20
12 65
1 52
48 29
62 48
40 59
36 52
70 145
36 63
1 42
31 41
21 16
61 50
58 24
14 67
54 39
16 43
64 25
29 59
31 9
38 51
44 64
33 64
16 66
3 6
48 7
13 26
58 54
26 1
26 11
16 49
30 33
35 1
37 59
36 10
65 49
8 11
69 10
44 28
29 68
17 34
43 6
36 34
70 20
69 38
8 21
46 8
25 28
12 8
65 52
68 55
22 16
21 69
33 44
60 70
56 41
69 36
45 4
70 6
67 1
24 43
15 27
5 65
23 50
22 48
34 22
12 64
19 32
2 45
45 39
21 53
22 13
25 40
50 13
45 18
70 58
50 28
68 46
32 64
64 31
52 13
51 26
39 43
49 27
15 60
27 40
15 17
26 27
37 45
20 8
45 34
32 17
66 4
23 17
43 70
1 66
6 50
33 6
12 44
38 50
54 9
47 50
54 16
27 8
7 57
53 47
43 28
50 67
40 58
60 36
62 49
44 3
56 57
33 69
40 16
14 43
47 51
10 44
43 18
8 14
61 25
22 6
62 5
70 62
8 2
1 18
56 30
9 14
63 55
68 36
54 57
29 46
57 42
62 38
15 66
21 50
40 53
4 5
31 55
14 20
48 49
23 52
42 29
53 24
38 4
60 59
43 42
70 34
6 66
69 29
36 67
13 36
38 37
70 146
21 68
12 23
24 14
22 51
14 52
17 46
17 67
19 56
64 65
57 1
54 56
55 24
15 41
11 63
29 24
1 29
59 24
17 9
48 14
10 12
53 15
14 69
4 15
23 51
57 19
65 51
25 69
34 5
5 36
30 46
15 5
42 65
62 43
49 3
69 50
9 20
20 36
58 12
65 43
43 41
33 50
16 35
26 69
6 4
35 45
61 42
31 50
67 12
64 59
43 35
59 7
39 25
2 7
42 10
40 30
55 36
3 58
2 58
12 62
46 24
25 47
43 54
65 22
53 51
48 29
24 68
31 15
38 60
65 9
52 6
44 1
21 37
25 32
10 14
23 9
63 56
7 57
5 58
20 12
64 3
10 41
20 63
30 68
34 65
34 56
29 67
45 61
24 70
60 56
61 21
34 14
34 51
3 25
57 20
14 21
13 65
42 2
11 15
36 22
62 9
46 54
8 48
7 38
39 64
22 63
59 1
48 37
1 18
49 32
19 65
46 21
4 21
40 33
7 42
58 24
33 70
21 56
11 31
6 64
35 46
61 65
37 68
31 60
57 67
31 8
15 62
33 28
24 17
67 53
60 17
63 7
27 61
40 14
41 19
34 17
25 8
22 44
29 42
54 61
70 39
34 45
19 8
45 40
38 61
69 62
44 33
70 147
18 66
7 58
17 33
40 1
52 43
39 6
48 34
24 48
55 34
20 46
66 69
58 61
50 2
27 33
8 7
44 36
50 12
19 10
31 8
1 37
9 15
64 1
10 32
17 18
10 12
47 13
67 46
9 53
64 66
63 7
7 51
58 9
24 66
21 53
21 5
5 56
62 61
23 57
65 29
2 3
62 35
68 6
9 28
9 30
19 31
28 19
61 47
1 32
6 5
22 61
34 60
47 55
28 29
35 56
39 26
52 45
51 60
67 61
28 69
1 8
30 24
70 51
54 11
66 42
66 35
27 11
62 56
41 20
21 8
8 24
64 5
33 12
53 24
56 32
25 44
36 53
2 65
65 9
18 42
28 42
51 34
11 53
46 9
44 48
13 16
65 46
14 66
66 22
2 70
4 38
55 27
58 44
21 13
23 26
21 7
45 51
46 14
31 39
67 38
29 36
20 39
49 60
37 3
34 33
60 21
44 8
1 50
35 32
64 28
51 40
11 58
36 70
34 38
51 67
14 51
9 50
35 17
11 35
29 61
58 37
40 66
53 26
12 65
45 66
27 46
21 29
51 8
16 15
6 34
1 28
19 15
42 30
49 1
4 68
1 19
43 16
42 58
38 69
36 22
10 16
11 9
34 53
56 42
43 34
19 46
20 56
39 58
70 148
61 22
15 56
3 60
20 38
68 67
41 26
33 53
52 18
54 67
45 1
37 17
35 64
14 37
70 32
7 43
9 10
61 62
64 7
27 28
54 2
28 62
62 68
18 64
41 10
18 36
10 37
47 20
64 23
15 17
20 3
39 52
36 11
15 62
56 67
8 38
28 34
47 46
48 15
45 55
9 35
5 50
8 47
28 55
43 34
59 32
14 50
38 15
33 11
55 59
48 3
59 1
1 21
3 22
70 34
68 18
65 28
63 46
50 12
8 63
43 17
3 64
57 7
14 1
3 41
8 13
43 59
20 24
25 63
29 54
35 2
8 12
15 2
20 12
15 45
1 18
22 33
54 25
29 42
9 61
28 41
23 15
62 12
26 67
48 50
38 57
64 38
42 53
55 40
32 45
10 69
24 41
44 28
22 39
30 66
33 13
30 54
32 24
59 11
51 56
36 52
28 69
9 3
45 34
10 48
27 8
19 43
8 21
18 28
60 43
19 15
48 26
18 7
17 53
39 57
6 10
27 21
6 45
68 43
8 10
29 40
31 58
66 62
65 17
29 34
14 58
42 16
33 32
65 14
61 25
2 26
49 34
27 64
31 41
52 69
36 23
14 48
19 69
6 68
43 47
36 21
16 1
57 58
32 54
22 19
17 8
37 64
62 19
33 44
70 149
43 12
39 68
53 66
66 41
38 10
21 22
56 18
28 45
20 55
14 36
21 52
20 48
44 64
12 26
30 14
43 30
64 14
64 38
21 2
2 7
5 67
23 61
63 61
25 60
55 8
10 57
23 3
51 37
17 21
8 19
21 49
20 37
30 25
26 42
14 46
67 53
2 24
10 15
70 2
48 50
16 11
19 29
47 10
30 4
60 41
1 27
70 47
19 24
64 47
45 56
41 57
53 52
25 33
35 66
51 1
1 44
27 50
55 50
13 60
61 14
22 8
3 64
20 58
67 2
34 3
53 40
40 14
18 37
66 19
54 25
67 65
64 56
59 21
36 13
26 66
27 37
62 58
32 19
15 5
34 53
29 7
48 31
36 22
11 66
30 41
55 2
10 29
17 66
43 6
48 52
58 6
7 65
29 46
36 41
10 5
39 28
59 39
30 5
24 41
31 38
26 36
32 49
48 65
44 36
31 5
60 70
59 48
70 20
34 51
50 52
49 11
42 23
16 45
63 53
8 12
44 39
36 53
69 31
57 20
38 51
68 4
8 70
70 48
69 65
16 15
42 37
44 43
26 33
63 58
23 18
4 42
23 39
35 70
7 8
54 13
67 24
19 5
14 3
61 11
8 40
56 22
16 57
51 56
62 45
34 69
51 13
25 32
8 33
55 32
70 150
3 2
21 57
50 4
27 36
44 56
33 54
70 57
64 51
19 30
20 49
14 45
60 34
27 30
25 67
57 5
69 18
65 66
56 29
27 53
38 2
68 16
63 4
35 26
51 33
31 35
32 10
3 27
39 18
9 43
26 57
70 1
50 62
7 53
41 44
57 41
39 56
63 67
48 22
11 18
47 11
17 20
55 11
33 61
40 11
41 63
57 10
69 56
53 44
59 15
67 3
41 2
4 65
57 8
14 10
69 8
40 59
15 49
24 53
41 32
25 31
64 50
30 67
38 9
53 46
36 7
55 36
47 43
1 4
59 48
51 12
21 70
58 66
56 28
48 41
59 5
46 38
22 58
60 51
48 44
9 40
8 7
13 59
55 67
42 5
39 38
61 18
59 50
16 48
8 54
31 48
46 34
23 69
36 59
41 29
55 69
48 4
43 62
14 21
62 10
3 1
32 61
44 60
46 43
28 36
38 66
36 35
12 36
46 67
4 51
17 55
61 34
27 1
21 45
64 20
29 3
7 55
36 48
20 29
30 29
45 31
40 69
7 35
60 52
3 61
2 5
55 56
16 62
9 11
64 56
56 13
21 23
56 19
24 30
20 69
54 45
61 59
1 35
8 39
50 41
8 44
27 68
4 21
49 55
64 46
6 15
55 51
9 5
31 13
63 26
37 31
70 151
25 40
41 12
66 25
69 24
9 38
49 2
51 38
3 15
18 49
59 6
53 49
22 70
17 39
36 54
24 64
10 48
44 26
31 57
22 62
24 11
4 33
47 1
50 16
28 1
62 43
18 63
9 43
15 41
21 1
11 36
1 30
48 70
57 2
14 43
67 50
70 69
61 48
70 20
38 29
14 27
35 51
25 56
64 65
62 38
29 63
15 13
44 17
52 2
53 59
54 51
70 18
32 12
33 18
47 62
13 50
15 46
24 22
55 40
12 53
1 11
39 12
31 4
51 26
40 60
4 43
57 58
30 70
22 52
51 50
29 41
9 28
12 11
15 60
25 45
59 48
57 53
29 34
38 58
42 16
47 29
46 33
44 43
70 29
67 42
15 23
60 14
6 56
1 3
61 20
8 65
45 2
25 17
69 36
11 61
1 25
32 42
53 50
67 47
23 49
50 66
44 5
48 64
13 36
57 34
26 25
48 5
43 16
22 6
13 33
38 48
58 66
69 8
22 14
31 1
24 23
49 27
19 9
37 1
37 50
60 38
31 25
1 69
22 25
48 15
49 22
36 68
23 52
65 7
40 43
35 9
44 59
38 8
1 61
43 61
7 48
46 5
15 70
57 61
56 4
62 24
45 16
10 4
45 1
18 28
58 59
27 52
17 50
65 10
37 70
29 55
60 42
70 152
2 22
60 19
58 21
52 26
24 2
7 3
27 47
4 24
2 67
43 2
53 42
3 16
46 60
8 6
19 21
62 19
62 40
32 16
57 31
23 9
43 12
36 2
28 48
55 8
19 51
48 10
19 12
50 19
14 31
70 23
33 25
21 46
41 39
43 53
68 3
9 43
27 2
17 34
13 18
24 13
52 45
67 60
6 34
58 53
33 53
21 55
37 29
7 66
41 51
70 44
21 22
20 25
13 59
70 48
52 62
70 51
37 32
32 36
1 62
7 18
70 69
48 13
35 10
1 42
20 36
28 15
66 8
61 26
38 42
7 6
68 49
42 35
23 22
43 8
54 35
2 3
9 22
2 58
42 56
39 19
49 51
3 56
30 35
14 58
33 70
3 64
10 5
42 59
38 49
70 9
64 56
43 33
31 2
17 13
14 51
11 64
29 52
5 13
24 58
28 21
18 65
38 6
51 13
68 10
21 11
57 23
62 63
32 70
67 20
54 28
63 65
62 48
1 5
29 58
21 10
62 37
33 22
61 23
9 31
29 15
14 60
4 21
68 39
60 41
44 3
42 28
13 47
44 63
13 29
57 22
16 59
50 18
37 60
65 33
44 54
11 33
41 21
48 46
34 47
11 4
25 27
29 61
63 10
57 43
30 37
9 20
45 14
68 15
27 59
69 68
42 22
41 1
70 153
21 34
8 1
13 29
2 20
50 67
47 66
65 57
54 48
16 40
56 39
59 28
31 2
36 63
31 20
57 31
11 49
1 55
41 23
5 14
1 24
39 28
59 15
61 23
68 22
21 59
15 31
61 30
43 66
6 9
25 57
26 70
49 16
27 53
48 36
46 33
45 41
51 42
21 62
22 50
5 62
60 46
15 17
27 11
33 9
11 70
8 64
7 15
12 31
26 43
1 10
26 38
34 58
36 55
50 62
24 18
34 70
51 25
52 56
44 61
36 40
45 49
40 59
51 33
51 58
31 34
61 5
11 59
38 56
26 32
64 25
5 2
4 13
9 63
59 63
57 15
38 21
45 21
56 49
44 58
1 17
67 41
46 3
70 62
16 62
35 67
51 54
60 67
15 52
40 22
62 15
65 56
53 57
34 38
15 46
45 19
4 53
54 63
52 61
37 41
40 57
25 34
2 21
17 68
59 53
3 69
31 62
13 54
56 19
20 51
58 12
51 68
29 11
62 30
10 47
56 67
5 24
10 19
26 9
51 30
53 61
17 63
60 54
7 23
43 67
42 35
49 23
7 33
43 57
27 70
28 37
49 36
69 65
31 25
69 45
33 19
40 61
10 57
33 36
60 24
5 44
35 24
39 16
6 34
63 52
47 41
70 47
8 59
3 34
13 9
35 46
7 53
53 52
35 41
70 154
44 64
61 15
17 23
17 6
15 54
51 36
69 12
24 4
10 57
20 28
60 47
15 69
62 70
63 65
32 49
32 31
57 40
30 40
47 9
22 23
49 44
10 20
51 33
15 55
23 40
28 51
21 2
1 6
8 44
56 51
58 8
62 26
21 51
40 46
64 60
61 62
52 4
38 39
57 62
12 13
1 70
23 31
15 47
47 39
61 30
21 67
2 12
47 37
61 16
41 45
8 63
4 66
4 33
15 53
35 43
64 58
58 50
16 15
13 7
68 64
34 61
37 61
68 18
9 42
51 12
14 6
54 46
14 53
3 1
6 61
54 32
49 27
3 50
38 29
59 18
29 32
36 33
29 42
18 45
7 6
1 42
16 29
4 38
53 36
64 42
36 28
14 50
44 26
67 54
5 57
36 18
45 29
68 55
19 55
29 61
17 13
1 52
48 28
46 57
2 36
35 60
29 67
61 23
28 13
67 56
30 12
1 11
31 15
9 57
4 26
65 38
58 43
57 13
15 46
41 68
50 9
11 49
40 39
59 43
59 34
7 65
45 48
63 27
38 60
18 63
1 18
41 12
58 28
9 12
2 63
6 21
43 17
3 67
38 15
56 39
3 46
46 10
62 52
24 41
29 30
22 30
29 49
29 6
30 15
29 21
58 31
33 44
42 13
48 66
36 16
70 64
19 51
57 54
19 58
70 155
65 16
54 19
10 63
69 29
4 47
65 6
59 49
63 28
5 28
48 67
57 37
31 11
12 65
32 39
56 57
50 36
7 60
60 8
54 44
39 44
11 67
22 14
30 37
10 41
70 41
45 11
52 14
29 33
42 38
54 35
17 43
70 63
42 64
42 41
51 20
42 46
48 29
40 54
36 55
18 20
27 35
69 46
26 52
34 38
11 7
17 54
59 51
2 49
70 6
6 61
64 33
57 65
35 66
35 36
10 36
10 33
47 58
18 68
59 37
41 57
35 7
67 29
20 52
10 62
26 37
63 38
20 13
18 50
42 13
39 68
3 68
66 43
36 46
13 41
45 50
54 23
63 5
16 23
54 1
61 33
26 51
24 23
21 44
51 68
57 10
57 64
12 52
70 20
27 56
44 51
48 23
50 16
66 16
45 19
11 36
64 60
12 35
38 52
67 68
31 3
59 57
45 34
56 9
33 28
27 61
32 6
21 49
46 63
69 31
4 36
3 46
60 23
30 13
32 3
63 68
21 4
70 24
54 70
66 25
47 12
49 69
30 47
19 33
10 23
57 38
31 32
7 42
54 65
61 47
39 13
10 56
69 47
62 70
32 16
50 66
11 48
32 13
8 7
24 25
50 49
68 31
33 50
54 14
35 9
38 48
14 37
67 59
19 9
50 30
41 67
6 25
13 69
58 23
17 30
12 14
70 156
8 1
14 48
45 19
66 39
68 12
9 25
43 42
26 39
65 2
56 64
12 56
59 65
16 58
21 60
4 61
13 14
62 46
5 26
43 6
60 51
14 40
11 8
4 50
29 38
61 34
56 68
45 67
13 42
27 18
13 16
18 37
13 4
29 10
53 9
65 6
34 18
62 65
28 41
37 21
52 8
49 1
28 12
55 4
11 55
70 42
16 7
66 2
5 4
61 30
36 65
55 12
59 6
10 47
2 46
13 64
70 54
49 55
29 33
57 25
16 43
10 9
61 18
56 17
15 64
51 50
21 7
54 41
57 26
33 42
10 31
19 36
31 42
17 68
6 63
31 30
55 22
33 59
5 47
25 49
4 43
39 13
33 24
38 26
16 29
10 32
9 15
64 11
1 47
17 21
8 64
28 47
45 52
16 2
4 70
70 21
29 8
6 12
19 50
58 56
4 66
1 2
61 45
26 65
60 32
63 27
50 1
5 27
44 28
58 57
11 35
65 39
42 30
7 3
49 28
66 33
58 49
33 34
21 8
36 64
54 53
3 66
51 30
35 36
29 66
12 41
7 36
63 64
56 30
34 46
66 60
60 11
6 30
41 64
23 6
38 66
35 24
61 49
36 5
26 24
20 2
60 4
47 20
63 7
39 18
26 7
63 9
41 8
65 22
25 52
24 51
36 33
56 63
19 10
16 54
19 15
70 11
70 157
14 4
20 42
25 57
6 10
14 2
53 24
64 47
46 10
36 10
3 53
46 26
19 55
5 20
58 66
60 17
9 28
54 58
21 20
15 60
35 58
55 35
63 2
13 42
54 25
20 61
50 26
67 8
15 24
38 37
34 17
43 33
36 33
20 8
14 48
24 39
35 37
53 35
5 1
63 62
21 37
13 19
52 69
54 39
45 11
2 68
35 8
41 54
27 1
42 15
27 63
30 45
3 34
18 64
47 4
8 4
29 48
8 38
3 27
34 52
5 22
70 25
64 4
11 15
1 37
56 22
33 69
12 9
50 49
38 6
28 2
69 28
4 12
55 1
5 62
15 53
14 39
20 7
57 34
11 59
61 64
48 52
21 6
19 64
61 50
65 10
5 41
3 9
10 60
8 41
61 30
40 2
48 61
60 45
10 29
44 59
25 59
33 51
35 20
29 60
8 62
59 22
58 5
12 53
29 20
45 57
50 13
38 60
6 1
41 33
11 70
36 25
15 17
64 5
2 22
53 40
51 10
45 34
7 41
11 7
32 31
9 47
37 5
5 27
9 66
26 69
6 12
55 33
17 27
5 6
23 10
25 47
14 36
57 63
52 27
50 10
44 22
50 65
2 33
13 8
64 23
25 29
54 57
62 3
21 22
13 33
67 17
54 53
47 27
26 13
36 48
56 46
25 3
68 55
14 57
64 7
42 62
16 59
70 158
24 40
19 60
27 4
19 11
5 15
32 13
34 59
29 28
27 35
46 33
69 58
51 35
47 43
24 25
11 64
8 40
50 18
60 26
36 52
14 3
60 55
14 55
48 4
58 50
4 39
5 13
20 16
65 18
69 17
33 10
53 18
27 43
21 61
56 66
31 8
31 63
41 34
55 56
28 42
70 63
31 23
24 7
17 34
10 51
20 12
31 9
34 6
62 45
20 15
44 22
57 20
52 20
64 9
47 22
3 28
13 35
64 54
62 31
49 66
23 19
14 9
4 68
10 57
17 7
16 8
33 40
32 67
22 33
32 16
2 36
30 56
16 54
11 7
7 65
22 11
3 8
32 30
37 38
16 27
62 15
35 7
44 19
46 47
3 5
31 54
22 65
31 69
18 59
20 46
54 65
70 62
63 34
66 4
69 8
18 49
52 68
26 67
48 25
30 61
7 50
7 59
1 53
58 24
69 50
39 41
49 39
15 52
62 3
28 6
63 43
42 44
67 44
61 3
10 11
19 9
68 18
13 24
40 65
39 5
27 47
63 28
62 55
15 13
30 67
4 60
68 51
38 16
2 55
62 57
29 12
68 70
40 2
6 29
9 59
63 68
41 46
16 26
26 57
5 16
53 64
50 57
11 36
57 40
46 26
40 45
55 39
30 22
60 34
8 42
1 32
40 32
20 54
65 34
5 25
38 19
56 52
67 39
5 55
70 159
15 22
51 59
17 50
17 3
5 34
3 27
41 58
49 16
34 46
31 24
29 63
14 8
56 60
61 63
22 30
33 59
33 11
6 40
34 38
64 11
33 16
44 11
6 12
25 61
22 66
3 37
31 64
70 62
22 58
41 45
33 19
53 66
7 38
41 27
11 8
56 67
51 30
65 14
55 37
10 6
40 49
5 57
43 62
24 26
18 54
68 12
36 67
26 35
3 4
36 27
2 36
61 20
66 50
49 66
33 31
28 69
59 55
56 20
47 61
46 17
39 10
8 47
68 32
2 33
42 68
49 53
28 46
68 52
65 17
57 28
3 14
27 61
6 62
36 9
6 37
65 2
23 66
48 62
40 36
31 23
15 62
60 1
5 12
28 19
4 48
68 26
19 68
37 21
21 3
59 53
5 21
31 4
11 50
29 28
32 21
15 29
13 7
51 54
24 70
58 37
9 30
59 6
1 54
4 40
65 69
35 6
22 28
51 23
33 52
70 42
56 19
15 52
10 22
13 1
7 53
33 6
22 43
42 11
37 38
44 41
62 20
41 52
31 43
56 52
18 41
56 7
2 63
61 9
7 18
11 14
63 31
46 15
66 70
5 27
53 34
4 20
28 31
8 29
27 10
34 26
7 60
10 41
13 47
50 41
55 32
54 55
24 43
1 64
66 12
54 65
11 12
33 39
48 34
45 22
36 43
7 35
55 6
31 48
50 69
70 160
8 45
48 49
2 54
1 7
35 20
3 18
36 33
42 18
38 41
69 26
62 38
28 34
45 69
21 23
10 23
59 6
51 47
2 38
12 20
8 26
63 43
38 25
9 21
29 32
55 43
26 46
30 17
38 53
25 57
43 24
23 54
16 19
36 27
42 2
48 40
49 22
19 15
63 2
14 48
25 42
3 15
38 29
11 28
38 44
70 41
14 2
14 64
48 45
8 6
59 18
15 53
13 21
55 45
59 67
4 70
45 67
47 62
55 63
19 64
14 16
4 12
23 47
56 4
36 45
68 16
22 67
35 2
7 60
7 2
69 8
54 25
36 70
50 3
8 46
33 50
13 14
39 36
60 14
38 30
45 23
67 5
27 28
43 18
36 55
1 33
28 23
28 55
49 51
39 28
12 18
17 29
31 16
14 30
9 33
57 12
2 15
44 50
58 54
5 27
7 39
44 12
14 29
36 38
5 57
36 54
30 1
49 11
8 27
14 53
53 50
62 21
32 57
55 7
29 49
38 9
47 30
43 31
40 22
45 27
49 9
53 31
41 59
29 3
22 27
6 5
14 9
26 22
34 54
49 6
36 44
27 12
4 43
16 36
46 14
69 59
53 35
43 25
52 27
48 29
69 63
28 8
43 56
70 30
33 32
50 13
21 37
64 61
22 51
2 5
36 42
38 37
36 11
46 68
70 37
57 48
48 38
57 18
53 28
63 67
66 32
70 161
15 55
56 25
57 32
32 22
31 6
30 52
57 14
36 29
9 67
65 39
42 44
34 53
38 42
28 21
58 2
41 49
61 21
66 56
46 59
31 63
26 21
40 14
28 38
16 68
63 53
15 59
41 45
6 68
54 14
20 15
40 24
45 50
38 52
66 43
2 52
67 51
52 17
39 19
14 46
62 30
4 2
57 38
58 60
48 25
33 62
27 50
1 36
32 15
47 36
51 53
70 60
52 60
37 41
17 16
65 10
43 48
49 14
36 31
54 28
23 48
1 65
21 17
68 25
7 23
40 50
37 33
1 20
69 43
37 5
18 13
41 42
36 23
6 64
46 15
37 27
48 46
55 27
37 44
67 24
19 24
59 48
59 28
14 67
46 65
65 18
24 14
40 39
25 63
53 52
29 30
9 10
18 52
21 19
35 66
45 1
17 69
5 28
70 68
30 38
66 5
10 59
33 40
67 18
23 46
15 40
58 8
48 32
27 56
18 35
64 41
68 36
8 61
8 37
23 55
42 17
6 40
34 29
63 37
55 8
35 3
10 56
23 64
45 19
66 46
11 6
1 6
51 2
21 11
70 8
32 60
63 5
68 42
12 50
17 60
43 17
9 40
16 45
8 28
41 19
7 65
56 58
19 11
46 27
48 19
53 43
35 31
57 26
22 68
70 33
35 37
54 13
70 56
67 15
62 49
36 58
2 57
47 10
22 11
52 62
52 6
63 13
70 162
4 31
20 22
60 47
6 40
25 11
25 64
55 69
45 41
10 69
42 40
60 31
11 68
61 13
64 26
6 3
26 23
37 66
39 53
21 13
37 1
46 20
44 45
6 22
39 33
45 37
24 43
50 19
68 52
55 62
30 31
51 60
50 54
61 62
48 2
3 42
59 28
70 16
48 16
39 55
48 69
59 53
65 22
38 59
43 47
19 63
23 34
4 40
24 40
39 10
58 46
1 15
12 28
16 3
20 2
23 52
53 12
22 40
38 19
5 31
47 31
27 41
54 33
57 16
30 14
40 27
38 4
10 31
18 59
17 63
56 7
23 42
6 19
36 14
56 69
59 60
36 17
62 63
66 29
53 36
8 6
67 8
5 41
48 59
5 16
66 38
49 45
31 9
21 44
25 66
15 47
55 51
5 6
29 35
15 26
20 14
44 3
32 1
64 56
23 31
39 15
22 48
1 10
66 12
36 19
22 56
35 12
60 34
12 63
5 37
70 41
18 11
7 15
55 32
13 69
60 52
36 13
48 62
37 28
56 52
13 29
67 5
62 1
6 14
35 41
67 55
8 12
56 38
50 29
19 18
61 59
43 64
69 15
27 11
48 27
11 49
6 15
26 65
11 30
66 24
12 30
7 51
28 26
31 24
26 4
62 66
54 21
52 50
52 66
15 17
33 47
27 31
2 43
41 50
48 12
55 2
48 21
40 37
38 14
42 16
39 23
65 16
48 66
70 163
4 24
63 16
29 53
69 57
51 63
66 53
27 35
42 44
68 9
58 33
57 45
17 8
45 16
5 9
60 54
29 54
61 16
13 45
25 43
3 51
64 30
69 8
20 15
33 64
12 58
50 12
44 14
48 70
66 58
44 35
20 54
34 43
4 35
21 16
37 19
50 38
30 36
11 68
43 59
22 31
14 16
41 15
59 8
48 63
37 8
61 13
70 43
14 46
2 61
21 23
30 43
61 8
66 23
42 9
8 33
20 12
66 30
57 2
1 70
1 61
39 68
36 39
64 7
43 13
7 22
22 62
69 35
46 3
33 62
31 69
17 39
55 29
47 50
69 1
64 53
37 56
41 47
11 57
8 65
29 2
26 4
29 40
48 26
26 32
52 18
50 3
7 65
61 9
25 19
32 47
13 33
5 23
70 50
36 65
49 41
56 13
45 44
44 1
67 57
48 14
70 64
21 18
68 25
51 26
48 57
59 44
46 35
50 5
14 32
14 22
21 57
12 18
47 34
5 43
1 48
49 1
18 1
10 18
67 17
45 22
19 4
27 14
30 29
5 15
7 6
60 1
54 23
21 22
59 9
13 40
65 66
17 62
60 59
29 59
4 45
23 22
45 43
39 35
29 12
49 58
17 60
45 2
70 69
1 2
18 24
50 10
21 8
62 61
43 40
5 51
44 31
26 16
13 42
28 41
61 27
17 6
65 35
16 3
15 55
69 56
33 65
43 14
66 8
70 164
24 22
19 60
52 59
2 28
53 19
23 54
15 31
53 51
19 11
16 45
17 37
54 28
2 58
3 41
24 16
42 59
13 39
26 16
64 54
34 21
41 69
67 30
25 66
21 32
58 62
5 37
17 4
29 69
11 21
14 1
55 57
5 55
57 26
12 68
35 40
58 44
32 69
29 6
3 64
70 48
16 57
55 24
27 35
18 26
66 44
44 34
17 24
4 47
2 52
69 68
15 35
48 58
25 14
66 31
61 23
46 35
40 17
68 16
20 16
66 55
62 22
28 36
54 22
63 5
54 10
17 52
48 23
43 41
51 58
18 64
7 12
4 3
12 61
22 18
35 3
70 27
9 55
51 31
47 9
6 68
70 41
18 10
52 60
11 27
45 14
15 58
61 21
11 10
54 41
6 7
44 21
51 25
48 44
9 1
4 57
37 15
43 38
49 44
34 17
25 39
63 56
63 52
17 46
64 44
1 51
22 63
49 47
10 17
49 21
15 16
14 9
48 1
23 27
48 20
5 28
60 28
61 63
35 39
29 30
4 23
58 53
25 56
4 24
68 1
66 10
50 64
30 1
40 65
32 58
42 53
20 61
14 69
44 4
11 18
60 53
19 54
11 6
19 35
42 58
13 50
38 28
12 38
55 68
58 9
52 57
33 1
18 38
32 55
50 15
38 40
58 6
54 14
33 17
69 53
53 13
4 51
22 27
42 50
12 56
17 70
70 3
15 46
5 1
1 23
70 165
68 39
62 63
22 58
13 46
38 41
52 31
54 36
25 46
13 4
26 60
65 9
56 55
53 17
21 55
47 61
55 27
10 26
13 37
52 46
53 39
43 54
60 56
11 38
66 43
69 48
57 26
21 29
21 57
18 12
69 56
60 1
18 2
18 59
67 58
50 17
5 27
20 41
48 12
31 53
42 70
51 59
13 16
5 32
51 69
46 5
25 66
33 39
62 58
41 69
58 29
9 51
54 8
21 45
10 22
20 44
39 15
35 32
1 49
7 30
65 37
22 61
17 43
38 39
66 45
61 7
31 32
21 59
32 8
45 26
37 50
34 20
33 34
29 50
18 14
9 21
61 13
21 68
57 51
65 21
67 46
33 37
26 24
45 41
7 70
18 16
65 26
36 40
28 51
14 38
23 2
3 51
37 58
51 49
62 6
2 56
67 45
65 69
50 47
48 39
68 6
1 65
15 22
13 21
32 68
48 59
63 59
40 41
41 18
44 13
36 15
45 31
29 13
6 24
45 44
60 44
29 3
45 59
27 63
16 8
40 16
15 19
37 56
51 68
40 9
58 41
25 14
69 45
42 20
56 9
37 66
2 65
16 4
33 66
35 9
39 21
16 24
1 43
7 5
35 46
11 40
2 38
46 17
20 2
29 41
51 30
7 51
33 12
67 25
42 21
46 34
69 55
42 23
50 56
68 52
43 7
51 63
37 48
3 44
3 34
51 34
70 14
19 50
15 46
31 7
65 7
70 166
16 56
18 36
5 39
68 25
58 1
53 31
53 1
40 18
60 26
28 18
16 15
53 64
30 64
16 38
11 68
57 5
49 48
62 61
1 17
8 58
59 41
12 48
52 6
10 50
18 43
11 29
65 40
18 70
39 42
50 69
43 70
9 31
50 14
67 43
50 49
20 49
35 48
60 47
48 63
3 29
33 30
54 57
44 61
26 32
10 16
6 40
11 66
39 21
37 12
43 45
63 32
48 64
24 51
8 55
11 14
5 4
53 8
29 45
24 4
32 14
53 42
33 36
6 63
29 33
62 47
56 36
29 35
41 31
24 46
44 59
63 22
43 12
28 46
20 40
63 9
22 17
59 36
29 70
12 8
63 65
35 53
60 1
70 51
44 21
23 24
43 44
15 33
15 17
67 33
66 51
69 19
33 41
33 20
64 14
58 5
2 64
45 9
49 22
51 14
43 16
24 25
4 17
32 22
54 44
69 12
39 19
69 17
19 58
29 49
43 6
42 16
43 66
50 60
25 26
4 66
69 64
8 69
64 60
55 42
45 8
57 42
54 37
49 32
19 25
13 28
46 70
25 47
29 53
59 25
35 9
39 1
7 22
64 42
12 16
27 31
50 54
35 27
54 67
43 40
13 21
47 9
29 44
42 15
50 47
68 18
24 20
21 6
55 38
7 9
60 33
42 13
15 40
53 50
25 57
45 69
23 36
6 14
3 55
25 29
14 20
14 39
16 33
62 15
41 47
70 32
12 55
70 167
27 34
15 25
41 12
3 7
30 58
2 49
27 1
69 29
23 34
49 23
20 4
36 2
36 26
29 10
55 53
45 22
42 44
30 40
62 12
64 63
55 63
6 28
14 16
54 68
27 20
20 30
23 60
63 50
65 37
20 34
25 47
39 22
47 16
41 48
58 65
57 55
30 62
50 64
21 28
17 16
57 17
42 23
25 54
51 58
34 48
29 28
51 29
40 39
45 47
63 49
10 12
60 37
42 55
12 16
53 63
18 29
26 18
10 53
70 23
19 5
45 58
69 41
6 13
18 32
38 52
7 17
21 40
5 7
69 40
32 30
17 31
26 43
21 38
70 9
67 41
32 27
67 63
24 49
36 1
59 15
21 7
26 40
11 70
52 69
20 67
15 2
54 37
64 42
5 21
57 62
16 29
69 62
49 12
37 12
43 8
6 32
2 67
44 28
26 7
54 65
30 4
9 68
17 30
36 10
46 59
3 31
28 23
69 25
61 8
2 54
17 40
63 56
61 47
11 18
31 63
2 9
18 1
11 43
36 55
31 57
47 69
6 65
67 39
14 27
22 17
70 68
20 16
21 59
48 1
59 31
27 23
57 1
54 16
9 19
18 52
56 39
35 42
50 42
9 47
19 65
6 37
13 30
4 3
8 13
70 66
70 41
31 50
13 54
67 24
11 55
47 19
67 47
3 47
24 53
55 17
6 34
55 33
60 11
32 66
66 61
11 1
56 69
60 58
59 7
44 7
5 33
13 47
70 168
29 13
4 18
59 23
63 19
31 42
15 31
19 60
46 49
48 51
61 33
14 50
26 33
26 54
28 1
53 1
61 8
10 6
10 69
29 41
19 28
63 9
41 62
28 24
32 10
34 20
21 19
61 65
26 18
26 20
56 57
40 17
13 37
40 16
30 32
38 42
58 62
43 9
2 10
55 7
56 3
4 61
55 46
50 9
25 56
37 41
64 6
34 55
10 24
3 4
2 23
38 4
12 58
41 70
24 46
28 31
6 20
5 34
13 11
23 14
41 67
6 35
25 26
25 12
32 61
13 34
70 29
31 52
50 47
11 4
12 60
34 6
50 1
27 50
25 27
42 45
52 30
9 61
18 69
43 11
34 40
48 37
2 68
52 41
31 23
26 64
36 63
48 2
31 19
15 54
10 1
70 56
34 25
65 29
62 18
45 36
41 35
12 5
66 12
18 6
12 61
3 44
66 33
68 19
43 64
60 24
62 66
70 11
53 64
22 18
27 63
69 6
39 5
5 21
48 31
69 48
21 70
50 39
60 39
6 28
27 36
28 11
15 37
14 25
47 25
51 28
13 31
51 8
48 39
41 63
16 33
36 23
53 37
19 43
3 14
1 62
18 16
45 9
9 41
40 66
33 69
37 28
23 22
14 36
62 56
55 41
50 16
14 38
34 31
15 67
25 59
10 59
11 55
46 17
34 56
32 53
28 66
45 31
52 58
60 49
8 64
6 52
21 20
15 59
48 52
20 39
40 7
36 43
41 42
70 169
15 41
29 34
52 8
59 13
41 1
65 21
5 22
10 2
29 51
1 35
37 66
69 57
38 64
50 49
23 1
18 15
29 4
24 13
19 29
31 67
60 66
48 52
9 21
20 36
64 49
46 24
29 58
4 54
18 26
12 23
66 13
1 58
22 18
3 62
39 38
29 55
2 33
8 19
28 29
50 35
52 55
19 37
24 64
1 10
32 47
5 53
20 26
10 48
61 30
28 64
28 55
56 8
29 44
10 69
36 16
26 22
50 24
37 45
54 64
67 45
50 37
68 39
8 11
68 23
4 7
15 70
2 61
62 12
34 47
29 60
36 19
46 29
22 45
57 2
55 3
17 11
10 53
12 8
36 7
9 31
61 39
26 65
48 47
43 65
54 65
45 6
64 51
15 66
26 41
11 45
36 68
10 18
33 30
17 16
9 57
37 10
40 37
30 17
51 12
11 7
57 25
32 66
56 23
31 44
48 29
67 22
59 23
30 70
59 16
33 48
42 9
8 30
33 9
35 48
51 54
9 19
6 47
10 32
29 9
54 50
49 60
62 24
67 5
20 5
3 23
3 44
8 46
1 51
67 63
20 52
29 32
63 55
12 30
29 42
34 49
53 29
51 61
57 4
67 29
19 46
50 39
61 57
24 29
18 50
25 33
1 28
66 1
41 7
6 70
29 61
36 25
41 43
50 13
68 32
67 8
64 63
10 23
18 5
22 2
12 34
3 4
34 43
61 25
59 69
42 20
36 67
30 35
35 44
45 65
70 170
22 60
46 20
70 5
66 29
70 66
33 17
40 18
70 30
69 13
10 54
55 42
56 54
68 40
34 21
4 54
36 1
68 54
59 25
70 62
36 28
25 17
31 33
20 57
45 22
21 19
41 54
18 25
19 27
40 38
9 1
31 14
66 2
50 45
16 69
34 41
61 42
51 10
49 35
66 41
44 66
14 21
26 15
30 22
9 23
2 21
44 67
56 51
42 10
26 46
40 23
17 18
42 59
68 63
62 13
9 19
25 32
23 22
59 55
53 12
51 5
21 20
13 9
29 42
27 43
51 2
68 31
24 22
3 68
6 34
11 43
36 20
48 8
21 65
56 3
56 18
18 31
9 40
44 9
38 51
5 33
67 36
68 13
16 66
21 29
49 17
34 42
59 37
60 23
57 41
39 4
23 70
62 25
44 18
58 62
60 40
39 20
67 48
48 7
24 47
49 27
21 56
37 50
50 19
43 60
15 44
69 61
28 53
13 33
20 54
54 8
68 61
6 11
56 58
63 44
52 69
22 66
65 61
28 44
49 33
22 42
42 4
59 43
66 25
64 63
9 17
23 27
10 21
12 65
65 33
48 43
34 24
13 63
30 11
23 57
15 55
13 53
63 56
21 46
47 67
53 40
7 26
67 59
61 50
64 21
49 65
37 63
22 12
51 61
12 20
56 4
15 62
7 2
69 23
33 2
2 40
45 1
37 44
19 65
14 6
61 39
18 62
13 42
11 4
19 68
48 50
2 25
13 15
53 69
69 31
60 31
70 171
54 40
58 41
18 66
61 8
14 5
23 49
27 3
51 48
52 5
32 26
15 49
27 36
50 27
7 43
59 13
48 57
19 70
3 47
48 32
51 8
70 31
8 22
2 1
60 62
53 17
56 4
30 66
56 32
57 21
65 49
37 16
60 34
20 67
13 26
44 50
69 21
9 20
42 28
41 55
42 45
2 5
50 66
35 51
5 31
67 35
68 57
28 31
32 60
13 22
19 61
70 41
51 9
30 59
67 63
22 38
60 19
66 29
39 8
2 66
3 44
67 50
61 69
18 47
69 6
23 62
42 8
7 35
57 63
13 49
67 23
32 65
1 19
31 3
25 11
27 46
66 32
26 28
48 6
14 40
39 20
31 47
55 22
21 19
50 47
67 11
52 33
16 8
2 10
55 67
45 56
68 12
24 48
15 47
69 65
31 58
22 18
66 53
33 37
8 44
16 9
4 6
23 9
9 63
57 8
17 1
51 28
1 63
23 44
63 39
33 6
15 9
25 61
56 38
2 70
64 13
18 2
28 21
8 4
12 10
61 52
49 68
43 31
64 43
43 66
8 2
35 29
52 11
1 45
16 3
58 37
30 11
32 70
64 70
46 24
3 11
63 16
22 10
70 59
15 61
36 12
11 43
23 69
16 65
30 64
66 10
15 32
62 3
36 38
54 70
15 54
27 68
69 40
62 5
20 41
34 43
44 66
15 19
59 18
61 33
18 16
17 68
12 20
33 69
54 21
36 22
47 6
16 48
58 47
27 16
31 63
15 12
70 172
39 12
22 61
15 39
26 8
59 25
60 64
10 51
36 9
67 57
61 48
23 61
54 34
61 55
12 29
32 56
53 22
2 17
14 53
22 6
12 32
7 48
27 68
63 1
59 53
54 50
51 28
29 30
21 25
41 61
66 29
64 27
29 47
41 45
58 49
56 20
55 57
26 43
8 10
5 29
36 11
43 13
9 5
33 37
69 66
12 48
66 23
18 3
18 50
56 55
4 45
67 33
45 48
62 52
11 56
2 19
57 41
4 15
45 20
43 19
36 13
27 61
35 15
51 61
70 2
31 53
60 17
49 51
57 12
46 52
7 11
54 58
24 29
7 58
67 63
61 53
41 56
10 16
16 42
24 39
14 64
22 39
63 8
32 8
39 14
43 48
34 15
65 17
52 50
31 55
8 52
29 37
66 43
58 15
69 22
70 13
69 61
17 53
44 59
16 40
48 66
51 40
39 26
20 1
22 35
66 44
15 16
35 13
70 6
52 57
56 39
22 70
57 48
25 70
18 38
67 49
62 19
43 30
5 44
38 44
11 66
27 19
2 3
42 37
33 41
40 41
51 50
65 3
5 27
40 13
29 26
43 55
8 54
47 32
36 70
70 41
25 68
43 3
35 36
22 20
38 23
15 32
7 16
21 34
8 51
24 30
51 56
19 36
12 41
68 67
10 15
46 40
60 40
29 45
4 54
54 44
58 3
10 48
46 21
1 6
50 68
64 68
13 38
55 64
53 66
57 33
39 54
33 9
8 31
63 11
24 44
57 24
34 26
70 173
15 38
14 63
25 26
21 10
7 45
15 11
45 47
18 2
30 8
58 68
8 66
3 22
34 15
26 55
54 32
63 61
67 8
50 16
58 29
55 24
60 47
39 23
22 14
36 11
56 1
28 41
45 32
43 54
36 4
70 21
31 35
27 16
32 28
28 54
50 10
2 36
31 27
56 66
47 3
66 40
62 64
50 30
15 32
59 33
23 31
69 58
55 20
5 60
51 19
21 40
60 67
41 16
44 21
23 40
38 1
7 8
66 61
60 13
63 55
49 53
59 70
60 49
11 16
3 23
44 16
18 38
35 9
69 43
28 20
11 22
30 53
57 25
67 44
24 8
23 70
3 8
53 10
57 38
42 16
25 3
64 3
61 32
1 48
6 61
26 24
65 63
12 35
32 10
35 40
8 45
63 20
24 14
68 40
51 13
66 20
55 11
10 3
25 39
48 70
20 46
61 9
2 25
59 13
6 13
53 6
21 50
42 23
27 65
67 21
50 61
8 69
70 57
25 47
18 37
1 53
8 36
60 32
14 21
17 7
14 67
32 37
36 59
24 17
41 55
17 66
47 58
52 26
8 54
44 42
34 11
34 9
55 12
55 66
51 22
44 61
44 3
39 70
5 12
11 3
15 62
38 58
18 5
57 44
26 4
6 22
46 56
32 39
4 29
6 64
67 68
42 64
5 39
3 4
20 40
68 12
38 48
36 23
8 4
16 8
57 14
21 46
22 17
56 22
8 10
14 43
41 25
53 52
21 59
42 50
12 20
26 27
32 30
67 41
70 174
68 24
66 54
36 7
60 64
15 62
40 57
47 65
59 46
51 9
66 29
51 37
18 29
58 17
31 3
46 29
26 20
4 63
20 51
40 56
14 48
44 11
47 21
10 31
34 10
38 34
52 60
46 68
16 3
2 38
7 70
50 46
20 21
4 8
56 49
37 25
35 42
28 49
14 23
41 69
1 52
49 3
67 41
13 64
45 36
26 69
54 55
66 63
19 16
63 54
19 13
9 23
26 9
63 41
45 51
62 35
30 22
33 52
52 35
60 49
27 41
10 9
22 16
49 48
11 35
39 33
11 18
34 18
37 48
33 64
44 48
41 29
1 8
27 13
5 27
59 41
68 54
25 67
70 51
48 12
4 20
35 26
34 3
8 26
25 41
20 34
7 58
48 22
38 21
60 24
13 16
3 57
1 17
58 31
58 47
34 11
16 4
7 51
37 55
56 20
10 17
19 18
39 3
15 32
22 33
7 10
46 45
19 48
60 26
22 63
6 65
47 63
14 41
24 13
24 48
1 19
63 34
46 42
6 40
31 70
21 33
36 23
55 27
51 50
43 34
15 47
47 41
27 38
54 70
54 21
30 56
30 52
19 25
11 64
32 38
39 35
43 4
51 12
67 55
40 61
16 60
48 9
28 11
54 16
31 48
4 25
39 70
9 60
8 9
42 65
51 18
54 60
26 53
66 43
57 18
19 43
56 70
2 63
33 44
21 62
23 21
34 31
4 60
43 21
41 20
20 32
48 6
28 16
59 68
26 2
50 6
1 33
38 44
41 48
69 5
70 175
31 13
42 57
47 36
18 19
28 6
42 23
56 2
63 34
39 26
62 38
60 28
10 32
38 34
53 47
29 68
58 8
59 36
12 25
9 1
48 24
15 33
43 11
34 10
11 36
23 54
69 43
13 12
24 64
11 28
29 18
29 53
70 30
16 26
16 7
43 68
5 4
35 18
44 47
50 41
1 19
9 59
38 36
1 13
39 50
36 39
64 42
54 36
10 20
15 34
25 10
26 4
58 7
17 64
32 8
53 5
64 70
34 14
50 32
7 51
4 31
1 21
11 47
53 63
43 61
17 11
57 63
27 45
42 22
3 69
25 19
26 58
42 13
24 22
64 28
11 19
28 13
29 9
26 20
45 4
5 13
2 59
69 15
50 68
53 45
59 57
5 1
3 62
70 6
36 3
50 38
13 49
54 41
20 49
58 68
32 54
6 7
43 10
4 24
59 18
15 16
16 45
28 62
40 20
11 22
39 61
25 33
4 1
7 18
29 63
15 54
57 67
6 3
29 27
11 68
43 9
33 23
47 55
47 30
40 15
17 37
32 68
22 25
70 55
59 30
65 63
14 30
65 49
54 55
59 32
44 42
28 27
36 16
19 34
29 55
59 27
34 8
63 60
2 66
22 14
20 31
38 67
57 44
30 7
14 67
14 65
67 31
4 61
44 61
47 15
1 33
32 52
54 64
57 48
40 67
64 46
8 24
41 15
7 57
69 8
6 5
32 24
57 46
1 45
58 35
11 59
17 36
29 6
27 10
38 32
8 9
32 1
23 59
49 18
50 31
12 58
70 176
49 35
41 24
1 47
25 57
24 38
21 53
1 63
55 18
55 51
1 18
58 59
70 30
7 6
6 50
8 40
16 6
4 68
41 18
62 45
51 1
65 70
36 32
52 57
42 19
13 53
1 11
35 64
19 65
9 2
10 6
41 45
11 60
39 5
43 62
22 65
53 30
44 46
31 21
58 30
66 70
4 39
19 38
48 25
44 37
11 9
60 41
40 3
15 50
10 41
41 30
51 43
15 1
23 19
8 25
15 64
37 60
50 42
2 15
9 13
36 59
23 48
26 55
13 38
57 41
46 29
34 50
26 1
33 65
33 29
64 62
21 35
43 44
15 67
66 62
32 42
48 11
64 53
59 1
34 2
10 14
41 16
46 42
67 62
39 16
7 50
7 32
65 63
26 13
38 34
7 30
69 67
25 54
70 18
21 65
23 54
8 52
35 66
65 57
51 14
19 5
24 16
28 27
45 55
23 31
69 65
17 67
61 65
3 23
68 33
32 15
22 54
20 33
28 33
20 69
3 1
57 23
69 7
24 8
12 70
48 56
47 39
19 30
35 10
41 66
66 53
22 57
5 3
38 37
22 51
45 38
36 52
34 21
11 7
1 36
27 47
61 12
2 21
55 12
36 25
18 65
58 12
12 59
19 29
52 24
69 11
2 6
47 7
41 46
2 52
49 51
41 49
14 49
25 30
37 6
11 39
48 40
54 20
51 59
21 38
4 17
40 45
10 33
35 33
70 15
14 66
28 62
18 68
9 56
18 23
58 62
65 4
51 65
33 34
40 12
27 58
28 69
70 177
50 12
64 15
1 63
44 53
54 30
59 33
37 11
45 52
70 1
46 43
62 3
22 66
19 13
12 3
46 27
16 29
38 41
29 60
22 26
26 28
4 68
37 35
14 33
13 4
34 10
23 11
49 13
53 27
14 36
48 2
46 47
59 13
14 13
66 28
19 6
44 58
28 24
8 62
39 5
4 25
65 9
55 6
59 30
37 61
55 29
2 38
66 64
68 21
5 51
40 59
1 69
62 6
63 34
10 36
1 29
47 66
37 58
41 69
53 2
39 31
69 21
19 55
65 66
63 56
66 2
60 69
11 30
26 57
21 8
59 3
41 4
41 25
40 62
29 23
11 3
19 18
41 50
19 1
56 33
69 66
20 36
20 2
37 48
32 6
58 57
2 3
12 51
58 62
30 24
60 42
61 45
41 70
45 24
65 17
8 7
50 36
15 27
3 66
17 70
50 14
68 24
3 49
66 37
3 47
39 3
50 61
66 27
27 6
57 16
21 25
34 13
68 27
31 24
27 48
32 63
7 35
40 12
14 35
63 39
44 55
40 61
36 35
33 11
41 5
48 32
34 38
66 42
48 39
56 43
7 13
64 21
47 1
39 68
57 25
54 1
60 11
10 62
43 14
21 58
9 33
52 1
28 32
45 9
53 62
60 57
46 70
26 19
5 32
39 53
57 50
62 16
16 19
27 1
60 44
36 28
22 36
28 42
66 63
8 32
16 63
20 9
6 45
48 31
41 63
2 16
8 11
42 31
23 12
37 65
10 51
4 23
18 11
17 15
18 29
12 20
12 13
59 68
70 178
15 27
50 41
32 68
70 23
8 45
43 11
29 68
6 33
63 15
11 47
48 45
31 9
15 66
21 62
51 14
1 49
21 39
42 67
21 18
35 58
12 50
23 59
18 56
22 30
17 64
26 23
13 45
51 68
46 15
36 68
22 42
45 15
59 48
55 35
38 46
58 45
22 37
11 19
65 52
7 32
15 19
35 27
68 44
4 52
2 28
18 59
50 59
57 27
20 54
28 29
18 49
66 69
35 53
57 21
20 7
16 22
31 48
40 60
20 5
64 7
27 45
41 70
69 56
5 43
29 48
54 1
16 47
65 21
2 42
27 68
30 12
53 63
66 50
15 65
51 29
47 18
67 57
54 41
24 2
68 43
8 51
68 2
24 69
21 9
60 49
50 68
30 26
52 13
12 9
65 42
61 65
4 17
25 1
67 38
58 59
53 3
64 65
46 33
63 6
22 2
67 8
22 65
7 57
70 60
50 55
8 20
64 21
32 1
31 1
21 41
24 9
46 7
26 2
16 66
43 20
6 35
23 38
37 43
28 13
7 43
16 68
35 65
61 44
20 38
66 36
4 19
57 11
24 20
17 30
6 49
7 55
63 48
54 23
57 9
41 26
57 6
44 49
47 67
17 6
16 14
45 39
5 15
58 12
67 40
50 69
29 21
34 52
31 22
14 62
5 37
45 62
15 55
48 38
51 21
62 5
8 10
37 66
69 35
33 15
31 46
15 62
12 20
54 39
60 22
34 31
57 48
23 50
29 60
52 41
41 57
37 24
20 47
43 12
41 38
34 54
50 51
64 70
10 25
70 179
43 35
67 65
33 29
20 3
36 70
44 45
55 21
66 28
11 60
36 43
28 38
53 24
40 41
12 38
36 64
34 6
37 3
35 37
67 62
69 19
55 65
46 36
37 42
37 21
58 54
57 29
31 20
61 65
41 33
18 2
4 6
5 61
51 70
47 54
46 24
70 42
26 27
54 22
6 64
15 46
60 53
34 32
46 35
16 39
50 66
51 41
37 47
15 22
42 43
16 17
17 12
34 24
27 64
23 25
15 55
25 33
30 49
36 37
6 19
33 55
22 9
44 12
41 39
60 50
69 7
14 37
3 31
12 68
3 7
62 12
59 21
63 16
23 54
40 57
69 65
58 32
20 25
48 55
26 64
5 49
7 50
48 1
20 52
62 60
2 27
43 9
3 13
53 19
10 5
49 9
54 43
60 37
10 8
33 47
37 6
8 27
42 44
63 25
51 4
21 26
46 56
68 30
29 7
36 56
51 5
70 54
23 24
28 51
9 38
14 39
49 45
33 65
41 43
3 25
4 18
53 34
51 25
11 12
47 48
31 45
45 64
24 4
60 56
4 11
23 37
4 68
13 17
65 31
7 39
64 39
56 6
1 9
6 70
39 20
21 1
63 26
2 13
36 38
20 64
16 20
68 54
29 64
39 52
40 5
46 9
45 43
66 26
39 37
27 35
45 46
28 12
27 20
55 62
64 38
51 34
70 24
19 56
63 43
45 23
3 14
39 56
68 49
53 51
63 7
16 60
27 17
34 14
66 16
8 33
40 24
29 46
28 48
53 22
31 23
49 62
8 54
47 18
15 41
44 16
70 180
60 62
62 20
67 60
48 31
3 1
70 26
54 1
13 9
40 51
38 17
41 20
39 31
9 11
37 10
50 69
1 25
18 36
42 40
22 18
23 2
34 5
29 3
63 16
63 61
50 47
69 5
61 25
47 53
5 47
67 5
58 47
40 49
18 26
31 4
70 66
47 70
51 32
15 36
21 17
4 46
33 66
54 13
57 68
42 26
3 67
33 34
3 21
15 59
19 61
6 14
46 8
53 26
16 13
41 37
68 31
29 55
57 3
52 68
41 19
20 46
31 32
55 37
45 46
47 43
2 5
32 35
59 66
24 58
29 10
33 7
24 63
61 50
63 64
53 62
23 22
14 56
29 21
14 11
6 64
70 16
6 62
67 68
26 25
29 16
46 28
30 66
6 30
9 70
58 64
23 31
40 26
38 36
21 47
24 13
46 47
2 40
46 50
25 11
54 43
29 25
33 12
36 47
69 18
18 62
4 10
11 42
8 31
4 45
44 68
11 22
55 56
63 49
7 36
68 12
35 69
21 58
32 38
24 15
9 1
18 27
10 41
2 3
22 10
39 28
16 57
65 27
37 11
64 33
28 21
45 69
24 23
52 26
33 62
33 39
36 53
49 31
70 24
25 51
2 70
65 47
21 37
13 34
69 43
61 57
10 14
46 22
25 56
34 30
67 65
5 49
26 69
2 16
14 70
49 50
44 36
56 7
6 19
13 41
28 41
59 46
26 30
49 25
63 47
38 42
33 49
31 5
14 31
49 30
22 1
23 7
59 8
60 56
14 48
60 69
51 63
68 69
20 12
33 36
17 36
61 4
70 181
66 29
3 15
57 33
20 57
64 35
24 39
25 50
18 8
18 57
61 15
8 52
29 60
45 25
30 21
39 68
35 18
51 12
19 64
10 18
28 9
45 6
54 48
56 36
31 51
18 66
43 40
10 64
41 1
12 55
32 17
33 43
22 49
25 8
52 25
57 26
57 67
24 48
58 68
21 43
30 12
50 16
15 11
22 28
63 55
55 24
32 28
34 57
38 13
17 37
37 35
19 25
57 37
4 29
33 53
1 33
43 66
15 2
30 8
43 14
70 6
13 56
10 60
65 21
45 50
31 8
19 51
15 67
44 36
14 18
39 19
12 65
41 22
65 15
41 31
45 41
61 29
23 68
12 13
13 43
26 30
9 24
34 43
22 54
60 22
51 24
16 52
54 58
59 23
64 58
42 43
7 1
61 37
33 9
57 25
36 41
5 27
55 3
37 22
49 34
1 69
40 9
12 43
37 21
43 52
13 61
41 10
57 44
60 19
1 32
13 45
63 18
35 9
50 52
54 39
22 31
67 28
59 16
29 54
30 36
68 67
8 26
47 29
50 67
1 17
39 10
5 15
48 49
6 5
35 51
29 69
4 12
39 26
45 69
25 17
25 12
31 57
14 27
25 29
17 39
61 67
8 19
26 64
44 49
12 36
69 35
33 20
42 34
22 44
43 31
38 69
6 12
58 49
6 42
26 6
18 17
49 29
68 53
61 60
67 36
8 7
49 16
18 5
43 4
38 53
43 48
34 59
8 42
4 63
17 43
69 22
54 69
26 60
1 40
61 16
11 28
2 17
37 56
24 50
5 4
13 8
49 1
70 182
67 48
8 22
30 25
26 60
14 43
5 18
39 37
53 4
68 66
9 47
21 26
64 23
32 40
26 1
14 13
4 50
14 28
36 25
69 41
30 35
42 44
22 63
34 66
65 30
45 35
41 61
7 18
40 17
22 6
7 54
60 14
6 50
60 19
55 53
17 12
55 36
62 7
22 17
19 65
59 51
7 5
45 32
59 21
5 63
33 5
25 18
15 8
29 18
14 55
9 14
32 28
8 55
56 51
29 69
64 69
48 4
56 6
66 32
13 57
20 25
33 23
49 42
41 12
23 4
23 69
13 32
44 27
66 55
44 22
2 57
15 19
51 58
64 41
30 11
58 11
53 58
13 69
61 47
20 30
31 36
10 14
20 12
15 38
22 20
26 24
2 42
51 2
44 15
50 52
3 59
22 32
21 2
59 52
49 62
64 42
41 34
33 35
13 27
41 51
69 25
53 45
51 35
35 10
31 8
12 22
2 39
50 70
17 48
69 47
41 27
55 57
33 13
23 28
58 24
66 2
5 25
50 48
18 53
46 14
45 38
27 37
37 5
61 51
19 68
43 27
7 60
14 6
7 27
22 66
52 69
15 35
9 55
31 53
6 68
11 60
69 40
35 63
31 50
32 3
29 10
62 67
62 45
14 34
38 55
70 63
41 30
46 27
66 23
34 26
56 52
53 36
25 38
43 60
14 39
53 46
12 70
44 34
52 2
30 32
20 51
51 65
6 5
62 34
61 65
35 22
70 66
32 70
34 20
23 43
68 42
14 51
49 17
70 33
50 58
45 43
46 3
12 68
29 1
66 26
17 45
26 61
38 60
70 183
44 21
31 60
22 1
14 58
30 32
44 11
1 64
11 57
56 10
27 56
21 54
31 58
42 33
68 41
46 2
16 33
27 13
49 58
41 54
30 57
48 51
3 44
20 26
19 68
43 1
21 32
32 13
47 41
16 2
51 3
38 31
54 31
69 38
54 33
17 26
6 42
2 10
19 30
46 53
42 63
28 56
55 66
70 56
7 6
50 51
57 50
12 56
28 2
54 58
5 69
27 21
7 10
26 25
64 55
63 22
54 6
55 16
70 54
61 45
62 23
47 21
57 63
4 45
11 10
8 59
16 20
27 53
48 61
3 11
16 40
34 61
22 26
18 62
8 64
62 1
41 55
25 36
4 66
27 45
61 9
33 59
68 27
1 38
28 54
61 52
35 29
49 26
69 10
30 1
5 62
41 2
19 40
14 13
57 48
68 17
48 59
15 61
4 1
57 31
41 27
46 45
54 18
51 70
3 26
16 50
8 67
33 67
28 69
27 70
33 31
5 56
1 29
57 55
25 39
4 15
1 44
6 32
9 58
63 24
42 65
69 53
64 33
9 35
21 5
69 60
42 11
32 48
57 5
61 62
65 67
17 35
33 14
13 12
1 39
35 24
19 3
36 30
62 16
24 26
24 3
3 27
43 44
15 7
44 33
56 68
40 32
63 36
15 12
5 2
37 20
15 11
17 65
65 46
20 1
68 34
19 63
29 6
7 33
8 27
19 45
70 6
14 70
65 49
3 52
26 10
14 3
52 15
58 59
63 1
34 45
12 3
30 54
8 16
67 41
6 22
28 31
16 25
36 44
59 5
49 61
44 40
1 3
40 69
70 184
1 59
22 44
1 70
69 45
43 26
52 34
15 65
66 39
18 7
30 63
2 43
24 37
46 14
32 24
10 11
62 38
10 34
50 19
38 58
27 68
34 61
8 31
23 8
17 18
24 34
10 69
47 43
61 25
8 62
12 46
56 13
11 64
18 40
61 43
16 24
18 68
66 41
37 8
47 44
31 16
52 9
13 36
18 5
67 64
29 37
8 40
70 8
68 16
69 31
51 52
23 49
27 3
44 24
16 49
69 59
11 31
21 16
35 1
57 58
66 44
20 40
60 19
27 47
65 3
9 14
51 68
38 64
8 3
22 39
55 66
1 61
48 10
70 44
39 5
68 58
36 59
29 4
18 21
34 1
40 4
55 29
67 17
5 69
14 8
30 40
69 50
28 67
33 29
32 63
43 38
15 38
56 18
55 43
19 53
40 29
13 29
25 3
49 67
57 2
18 38
8 7
17 11
1 40
38 69
57 10
62 49
21 32
10 64
18 19
39 17
31 50
1 44
47 69
53 57
9 64
8 30
48 1
2 3
3 32
21 51
27 17
1 10
4 38
65 31
3 13
64 54
13 15
15 28
22 61
59 60
40 32
34 70
68 4
36 18
5 53
13 66
58 33
58 12
43 31
12 29
9 28
41 68
45 57
27 21
70 60
41 31
8 65
13 64
52 36
4 47
58 10
26 67
33 4
17 2
6 64
64 68
28 37
39 49
49 60
37 15
54 2
70 25
6 56
62 52
8 58
49 1
62 31
65 1
6 43
8 35
8 4
21 57
55 21
58 29
42 15
12 37
23 35
44 57
56 9
57 49
40 6
41 28
8 27
53 50
70 185
58 9
16 53
36 31
57 29
68 12
18 49
7 60
4 33
42 55
47 42
38 28
34 45
28 8
69 7
27 14
55 50
56 4
67 36
60 25
17 22
2 43
30 61
46 39
1 50
17 21
54 5
23 67
62 24
56 69
60 38
51 59
32 27
34 59
12 14
49 24
13 63
34 63
51 14
51 70
38 33
50 9
18 11
28 9
16 24
19 3
41 64
70 9
48 25
42 1
56 40
8 39
43 11
68 25
43 5
51 58
70 11
26 3
25 38
47 21
16 12
13 38
38 18
27 16
68 15
22 29
27 38
42 50
7 33
15 11
48 13
17 61
5 9
14 54
70 32
55 9
29 16
66 13
2 57
38 10
15 44
36 10
20 24
38 70
62 51
9 25
70 41
66 11
36 2
11 6
1 8
2 51
68 22
54 59
7 41
61 27
16 47
64 36
68 31
56 67
6 35
7 2
11 61
57 34
13 41
37 20
30 23
34 3
29 45
39 58
64 24
25 45
3 1
49 45
38 34
54 4
51 31
23 10
65 45
32 40
8 40
52 51
47 10
26 70
8 54
19 69
50 24
56 45
53 52
27 62
63 41
48 53
35 30
32 42
12 25
31 42
60 70
30 50
14 16
48 68
70 63
43 63
34 14
53 24
48 55
58 45
65 1
50 39
47 58
46 60
10 35
29 49
25 30
18 25
5 40
62 43
41 67
58 69
44 40
45 19
34 27
56 22
69 5
46 48
16 62
16 69
44 67
29 58
47 36
55 39
61 36
58 20
25 50
4 24
53 45
66 49
18 68
42 17
32 31
33 11
41 40
5 27
56 19
65 40
2 46
17 19
70 186
36 68
25 36
62 38
31 28
35 69
11 58
7 35
19 40
26 64
70 6
6 49
1 58
17 68
41 44
22 41
25 9
69 36
17 1
68 19
11 13
38 44
56 62
67 41
34 40
30 41
38 42
30 21
17 13
65 16
29 15
61 47
35 1
13 4
4 53
15 42
16 42
25 7
17 30
35 56
38 51
26 58
35 22
34 48
26 23
67 21
66 68
44 30
51 43
37 60
10 54
45 27
11 62
69 66
1 55
26 52
12 21
24 35
20 52
22 70
54 8
67 16
61 39
31 17
47 68
8 29
41 42
42 20
44 25
21 9
21 14
36 29
22 3
18 51
41 5
69 58
66 38
26 30
17 41
66 48
48 29
25 66
28 26
11 20
34 3
16 13
15 17
59 66
22 53
27 15
50 62
5 12
70 67
6 15
36 28
43 49
50 31
9 5
60 2
35 41
38 9
31 70
24 55
31 14
26 55
25 2
66 65
52 70
62 51
24 15
24 65
3 49
57 3
50 36
60 47
62 66
19 50
47 38
30 29
53 26
42 28
50 32
6 63
68 62
46 2
24 46
69 68
44 61
60 11
16 9
6 43
26 67
51 49
40 42
11 33
38 39
68 59
21 45
52 61
39 43
64 18
45 49
6 65
12 8
11 4
30 49
45 22
68 32
8 27
3 4
43 59
60 19
65 67
3 12
41 60
58 16
11 48
19 51
12 41
67 13
64 36
52 45
22 31
4 56
38 37
36 3
63 16
20 41
13 66
9 55
23 22
6 24
25 22
44 21
31 42
18 16
19 53
64 60
27 65
18 17
24 58
56 8
66 43
24 26
28 16
67 18
56 12
70 187
3 62
19 51
64 60
44 7
14 25
56 11
17 27
68 20
15 2
57 13
9 12
48 70
27 7
9 42
29 5
62 26
30 54
42 1
63 43
37 19
51 33
35 30
27 42
19 65
31 15
55 1
13 59
4 15
63 32
48 21
32 22
55 36
61 36
4 31
35 15
23 38
10 16
44 22
61 57
37 15
36 65
51 29
27 3
49 48
30 21
1 54
21 51
68 15
31 2
52 64
55 3
65 63
54 25
27 50
55 35
10 62
70 25
23 43
36 23
43 5
52 32
4 12
40 6
50 13
59 55
11 36
43 34
70 23
46 14
41 22
29 49
56 67
31 41
7 64
52 2
23 31
32 1
33 6
7 65
3 34
7 50
15 7
18 43
2 40
19 69
59 64
61 9
24 67
1 28
5 41
18 22
57 68
40 65
24 55
34 26
19 64
34 49
46 45
50 26
27 22
25 1
42 25
46 57
60 31
34 57
60 68
20 45
15 6
38 18
22 38
54 53
9 56
56 69
9 14
31 44
58 7
8 60
62 57
37 21
67 22
70 62
22 21
38 48
21 43
27 64
57 58
36 31
63 57
6 63
51 7
34 40
56 4
1 6
12 36
1 20
26 32
42 41
28 36
34 38
22 65
58 50
44 49
22 24
47 36
39 43
12 23
42 18
52 6
62 22
68 13
30 49
64 70
60 40
56 15
44 12
41 10
41 26
21 65
47 64
51 24
50 60
58 26
48 43
36 63
39 35
3 1
53 47
37 33
16 68
22 66
69 54
24 62
18 5
10 1
4 42
57 42
65 29
6 56
22 68
6 35
52 39
2 26
42 58
66 36
13 47
27 61
10 15
70 188
28 6
6 23
47 51
41 18
2 15
24 56
52 26
44 12
46 17
63 29
31 26
3 68
68 54
25 27
54 58
3 16
34 51
55 23
30 19
4 8
19 66
37 57
54 4
36 37
16 56
70 9
41 22
52 27
23 51
42 16
12 31
4 15
28 26
58 53
17 52
3 49
41 21
70 50
47 58
64 18
3 23
47 10
38 34
22 12
7 44
32 21
22 2
50 51
48 19
67 69
25 2
19 15
21 67
31 33
10 48
3 29
61 66
61 14
47 15
4 60
2 30
56 55
50 3
35 66
43 53
70 65
10 18
65 6
1 27
29 37
17 28
33 58
13 63
46 44
29 39
56 9
67 68
44 43
14 43
17 3
6 29
24 46
28 15
17 64
40 27
49 8
43 36
28 12
54 1
22 57
21 11
25 53
39 40
19 36
31 54
58 59
43 17
31 41
63 28
63 31
1 36
8 54
58 30
15 52
36 40
8 12
36 62
69 34
24 64
38 58
18 19
26 1
9 19
5 9
35 24
33 37
11 15
25 29
37 27
54 62
9 55
50 69
11 49
24 68
60 59
35 25
31 3
32 30
22 62
35 34
66 52
31 56
70 36
58 56
34 44
41 42
38 40
48 22
32 63
60 31
32 3
31 24
55 15
18 25
16 51
22 66
48 29
40 62
3 40
39 25
55 41
35 7
40 20
38 63
34 3
31 8
70 56
62 69
60 22
32 36
7 63
57 26
16 11
17 25
58 15
66 62
37 12
69 5
65 49
56 4
19 63
61 29
67 18
38 22
25 41
9 65
4 12
33 23
43 65
70 18
6 2
8 37
24 41
59 33
34 36
16 32
67 24
7 8
70 189
60 39
66 5
57 21
11 54
50 41
38 66
15 34
2 20
1 38
65 14
41 19
57 45
63 19
29 48
8 17
28 44
1 54
69 45
54 40
56 10
13 39
63 34
47 33
67 65
42 35
21 7
55 26
28 16
59 20
45 59
23 34
7 43
17 21
51 22
56 69
62 38
25 22
16 29
14 20
40 57
21 65
12 18
31 32
65 56
1 17
6 47
54 50
1 57
11 49
15 66
46 25
35 9
51 34
16 40
9 41
2 51
46 27
43 66
51 53
67 70
51 32
40 32
42 1
48 12
26 58
58 4
68 32
69 46
44 43
37 6
41 44
13 54
62 16
63 61
25 34
31 4
64 11
68 16
23 19
39 45
13 24
57 68
70 6
52 31
61 42
52 48
20 46
60 47
3 12
44 11
43 47
61 54
38 41
61 22
33 36
62 58
13 51
33 32
33 9
67 11
35 64
45 51
19 28
37 3
57 5
32 55
51 8
26 17
55 69
8 9
2 56
38 34
21 10
40 37
45 32
45 56
14 70
21 34
53 11
6 57
50 56
4 25
25 9
6 58
54 51
45 34
35 59
28 69
25 16
11 68
20 22
5 47
32 66
69 51
41 13
22 40
21 69
62 68
59 23
14 50
48 6
49 10
5 34
60 19
18 41
29 5
13 2
45 49
37 1
10 22
58 14
34 11
64 36
40 11
31 58
14 63
33 6
19 36
57 61
36 65
22 28
26 7
1 19
10 41
25 6
33 56
69 53
1 2
56 23
59 18
23 24
14 55
12 13
7 10
56 59
48 39
36 43
6 3
12 5
31 13
25 47
38 61
25 56
23 2
36 63
10 19
37 21
1 30
4 68
70 190
43 65
16 35
35 18
62 5
34 36
49 34
31 20
7 46
18 45
64 47
37 19
18 57
12 53
58 36
37 61
57 67
45 58
56 46
8 18
58 49
49 6
68 37
59 60
36 63
23 19
1 31
59 18
28 55
11 1
69 17
12 1
29 51
50 7
55 21
6 45
67 17
1 51
48 45
34 19
39 52
64 55
50 34
38 30
41 42
59 55
42 27
42 20
32 54
32 17
21 65
26 46
3 22
67 40
68 2
52 65
13 42
16 7
68 29
2 64
11 10
34 1
67 8
29 47
15 70
35 30
63 50
70 20
48 21
61 50
14 44
54 22
66 50
29 53
36 37
11 14
46 21
31 37
60 50
33 44
7 2
10 69
11 68
54 37
20 49
25 21
57 55
27 1
43 12
34 15
22 55
34 68
22 49
2 42
44 61
8 27
11 59
8 23
22 10
48 33
66 13
63 29
13 35
48 66
53 17
23 33
2 54
45 9
68 64
48 63
15 13
44 64
37 45
17 62
19 55
38 39
52 30
68 39
35 64
70 39
18 56
3 41
14 23
68 41
43 39
26 15
30 61
10 9
45 30
10 4
50 14
56 9
66 4
44 38
29 32
61 51
2 49
38 18
58 64
9 21
27 59
40 50
31 43
1 68
39 29
2 1
47 2
46 1
14 20
52 8
35 53
62 56
5 46
62 22
37 52
36 51
30 26
29 25
6 52
68 18
66 36
42 1
62 21
47 55
62 1
40 1
11 17
15 4
37 24
52 15
61 25
22 35
39 3
22 19
63 30
68 62
28 13
31 23
34 3
19 60
60 38
5 67
12 48
31 15
24 48
60 63
31 2
8 34
68 15
10 67
59 50
70 191
62 46
48 29
32 9
48 31
44 15
1 32
13 20
26 12
56 33
44 45
10 59
7 51
37 69
57 38
29 60
25 15
62 9
20 70
43 14
61 21
6 2
29 69
26 33
57 53
30 37
59 57
1 26
42 23
46 57
22 39
44 24
51 58
17 34
16 30
27 58
30 4
21 53
44 39
43 18
55 65
53 67
8 15
13 2
42 38
10 3
52 20
14 37
56 48
18 52
27 37
27 2
45 20
2 24
63 32
19 50
28 62
62 18
40 56
26 13
41 16
21 55
9 11
20 31
53 46
46 3
8 33
67 12
16 56
11 69
43 33
33 55
42 17
4 14
46 32
63 65
22 27
70 68
2 43
23 21
27 43
41 21
54 49
52 32
6 11
39 64
20 66
38 19
46 20
7 60
14 21
34 9
10 6
33 14
27 52
4 51
36 68
59 7
48 46
67 23
52 33
11 27
65 3
44 69
33 17
54 29
27 17
12 58
59 42
60 32
7 56
50 57
27 32
19 57
42 43
66 61
57 31
64 36
16 66
54 20
51 11
48 32
57 37
10 26
31 23
1 17
5 39
1 63
49 45
64 17
25 47
27 44
42 50
56 18
30 2
58 36
20 7
17 31
12 7
30 25
57 13
63 34
9 52
29 39
20 22
43 45
50 48
22 53
12 28
33 4
42 61
29 9
40 11
15 37
8 12
18 19
62 39
5 40
6 70
12 19
25 53
21 65
50 61
50 31
46 38
63 16
59 34
31 54
62 34
25 3
18 11
50 36
16 68
43 20
47 69
41 33
58 41
62 58
41 48
43 39
51 10
44 55
15 62
53 64
25 2
7 63
29 33
67 59
54 23
25 18
59 25
49 59
70 192
37 10
46 42
20 11
69 3
44 11
5 19
61 19
26 22
33 67
21 12
26 13
68 2
34 65
15 44
18 7
60 49
29 6
52 41
27 30
54 33
47 48
48 54
52 66
44 38
29 35
44 31
21 44
32 3
22 48
15 54
27 61
11 3
20 21
67 46
50 12
1 43
26 70
39 68
39 48
10 42
38 42
23 42
40 21
5 34
30 7
16 55
68 26
39 46
54 45
54 26
10 67
28 46
41 32
60 62
11 13
10 4
64 3
15 26
66 35
32 43
68 14
34 56
66 3
32 28
49 16
60 12
32 35
70 14
12 55
3 29
53 66
63 16
46 49
65 52
26 49
53 51
40 36
36 19
31 10
7 1
64 51
27 3
67 3
52 23
55 31
62 56
24 1
63 26
34 55
8 14
65 31
52 5
18 21
47 46
47 6
40 4
17 43
66 23
32 46
5 7
55 47
40 52
6 40
55 61
51 23
39 70
26 17
52 31
41 7
20 62
56 13
25 14
34 51
68 7
68 24
6 43
67 35
9 63
58 67
58 12
53 22
38 22
20 6
52 8
9 16
37 46
70 41
17 3
70 59
34 41
35 62
69 43
11 50
47 40
5 39
52 35
47 51
57 26
54 23
64 50
54 18
3 39
64 28
68 57
5 12
17 38
23 19
60 64
6 15
37 18
69 56
38 27
65 37
66 20
8 2
63 22
52 55
41 9
24 38
12 13
53 19
45 21
12 63
27 35
25 54
32 55
15 64
31 58
60 1
28 47
68 47
28 7
56 23
5 16
7 8
46 69
39 40
53 44
35 69
24 36
35 31
53 36
60 24
2 16
20 17
14 33
35 24
54 41
17 33
24 41
13 1
9 51
70 193
17 11
14 53
15 20
12 23
15 67
2 52
8 49
34 10
19 53
37 10
10 23
65 57
49 15
70 25
18 49
15 7
1 4
8 53
25 7
32 28
41 68
66 69
68 60
50 23
34 28
9 56
28 30
52 53
36 30
54 6
49 58
31 23
37 47
44 42
29 70
28 20
23 26
50 54
38 44
34 54
64 16
70 60
8 24
60 12
53 28
60 50
70 13
69 35
16 38
36 39
25 15
38 58
55 61
21 30
70 15
2 66
43 9
56 65
33 18
58 35
38 53
63 29
29 45
40 60
49 22
5 30
17 53
59 55
58 17
64 34
68 67
17 15
30 3
7 51
22 31
51 49
11 43
31 46
28 41
37 52
43 32
8 38
35 6
24 51
27 17
50 13
61 43
29 56
42 50
33 23
37 59
37 8
45 60
37 12
18 42
64 32
48 40
18 12
3 27
21 64
66 55
50 68
33 27
33 62
2 43
13 61
25 45
9 36
41 31
57 9
31 37
69 64
9 21
40 11
11 66
6 12
2 47
15 5
7 65
38 13
70 9
14 51
8 58
5 25
46 38
47 20
39 14
17 6
47 9
8 62
6 56
36 53
9 42
65 31
25 52
59 1
19 30
39 50
17 32
17 16
32 38
5 53
39 63
66 22
41 43
27 43
21 65
34 22
18 35
63 37
55 49
59 41
5 44
2 3
52 57
50 28
38 51
4 54
25 49
70 53
13 47
5 2
45 32
13 45
68 55
15 42
25 28
68 15
46 21
23 63
5 29
54 60
56 69
29 10
50 52
29 28
70 22
63 1
8 2
16 33
24 60
35 65
58 15
52 69
20 54
36 54
12 67
39 24
26 51
48 66
22 41
17 46
43 13
70 194
23 19
2 40
45 5
44 40
3 20
4 20
30 28
56 16
19 9
3 64
16 47
15 26
1 8
50 9
22 5
3 23
31 48
31 59
12 35
59 13
38 31
39 35
60 52
1 27
5 9
24 38
11 1
58 24
9 56
20 61
59 22
27 37
9 47
1 36
56 12
17 40
7 56
65 60
9 22
4 62
42 32
12 13
7 50
53 69
7 65
8 40
50 34
67 39
30 10
10 15
1 9
41 10
63 26
57 22
16 26
52 17
29 37
51 65
22 66
22 32
32 48
19 20
8 52
3 31
54 52
59 36
59 63
40 66
66 32
1 60
49 23
32 34
34 12
65 18
44 24
38 69
18 59
47 33
41 19
69 41
54 10
57 67
57 14
53 70
57 43
60 40
13 57
16 11
19 36
68 33
35 45
37 44
33 70
61 39
20 55
4 59
37 21
13 41
3 16
70 54
43 8
49 66
44 45
57 59
40 48
33 52
21 61
27 53
60 25
15 2
54 50
32 3
66 59
58 17
61 68
65 64
54 17
27 26
28 69
34 42
34 63
56 55
59 60
61 23
45 19
29 61
16 65
62 42
10 20
19 44
42 55
3 68
38 36
67 41
8 21
47 4
8 63
24 20
42 16
18 10
54 34
21 55
14 25
15 25
43 17
30 70
7 66
23 46
24 70
48 1
23 57
41 49
54 14
63 50
12 68
7 45
68 31
7 33
59 24
37 57
63 32
41 42
18 68
19 69
15 52
14 24
9 49
67 65
32 13
5 33
50 48
32 15
3 41
49 47
24 4
55 68
44 46
10 32
12 8
37 5
43 54
6 10
55 5
66 43
70 27
42 53
12 2
29 27
42 22
30 68
3 10
5 42
55 2
40 36
70 195
44 18
18 54
15 29
17 28
69 16
45 69
47 36
51 67
6 13
20 64
3 9
11 17
23 59
38 54
56 67
7 26
17 46
17 18
49 53
59 33
50 52
69 21
60 4
23 62
12 23
69 28
15 22
10 61
19 6
33 19
31 64
55 6
69 13
64 30
40 54
65 27
68 11
46 70
27 51
3 61
48 41
28 54
2 15
13 49
29 10
45 21
56 14
27 58
25 2
41 22
3 56
53 39
8 62
57 28
48 11
26 2
54 23
70 36
51 43
1 33
7 21
25 54
46 42
37 51
24 40
4 53
1 45
19 21
33 36
17 53
8 7
67 3
55 49
58 54
38 44
4 50
11 35
4 43
8 57
58 59
47 15
24 66
66 45
1 42
43 37
54 10
42 16
29 55
53 44
66 20
1 35
26 65
33 16
61 65
48 27
3 31
7 51
40 2
13 56
51 49
52 58
47 16
50 67
14 33
66 53
39 61
19 51
17 23
6 48
13 46
39 46
46 8
14 40
35 42
50 26
51 53
35 62
54 63
59 38
17 5
8 66
17 58
53 14
19 48
8 27
26 54
45 9
35 27
58 22
1 23
17 20
30 59
31 45
56 12
36 10
13 66
11 43
34 10
53 37
9 31
46 35
23 36
23 41
9 28
6 58
13 61
55 62
40 69
61 57
45 36
37 10
65 22
52 61
44 33
5 64
51 34
50 22
27 13
1 69
36 25
27 61
61 38
2 63
40 59
63 57
12 18
21 20
53 7
4 46
48 51
55 24
70 6
59 16
7 13
24 63
42 63
11 9
15 26
5 49
16 43
19 25
22 56
23 21
47 63
55 14
51 24
54 53
44 31
19 3
11 42
12 10
11 65
48 64
60 39
29 6
70 196
53 7
30 15
16 49
50 33
63 51
54 51
41 24
13 42
49 34
32 29
51 64
62 49
50 5
50 26
64 2
40 58
16 14
15 67
27 56
15 5
27 26
70 25
39 61
45 64
2 26
26 4
19 9
16 63
20 28
64 24
44 38
31 22
26 25
1 61
38 37
24 23
65 5
12 48
34 45
24 48
24 8
50 12
46 15
49 20
14 13
51 43
33 34
60 70
35 23
41 54
47 37
62 68
52 29
49 11
42 23
42 67
4 43
69 57
37 68
43 52
60 26
70 39
9 1
8 10
7 57
65 28
57 38
12 4
14 41
38 43
12 8
37 22
56 41
29 60
51 33
28 36
10 2
15 18
35 64
22 56
27 29
28 6
48 19
14 22
29 24
47 18
56 36
52 60
57 11
66 41
67 52
14 46
17 69
63 44
38 36
20 38
29 16
4 3
66 8
61 8
2 8
17 43
49 46
27 61
5 62
8 56
3 58
51 59
51 7
32 66
53 12
15 21
12 41
47 13
66 48
28 41
41 70
25 49
32 52
33 53
54 50
33 6
24 39
16 3
33 2
64 10
58 8
29 30
55 42
60 45
3 32
12 18
25 54
64 49
58 70
67 24
47 58
68 60
8 55
61 16
4 35
45 11
16 10
36 4
52 41
15 47
47 48
34 63
41 63
68 18
66 22
8 70
50 47
23 40
45 6
39 59
19 57
9 63
66 15
36 45
43 32
10 46
38 18
1 47
63 62
35 11
19 11
7 27
54 62
32 56
25 43
31 16
35 58
27 12
70 11
57 55
15 3
57 2
10 51
23 61
67 17
66 55
62 38
13 31
52 58
50 66
12 46
8 47
9 57
18 14
1 60
11 66
49 4
14 9
38 48
37 24
70 197
10 33
26 51
58 56
2 60
29 67
25 56
32 69
10 5
11 37
58 21
2 36
65 48
17 42
55 15
50 57
44 4
58 38
19 54
61 17
22 44
66 43
48 10
20 15
68 46
23 54
31 35
68 64
50 27
15 64
15 65
9 41
25 29
63 25
60 68
59 16
30 49
62 63
10 57
51 23
31 5
43 5
65 16
60 4
9 29
2 22
10 27
50 21
47 45
30 34
26 57
34 2
9 31
14 24
69 68
15 19
27 37
40 36
21 64
49 39
37 42
67 35
2 37
20 33
4 12
37 48
70 14
51 29
18 55
46 8
8 66
61 65
32 60
68 67
65 37
17 63
3 56
17 34
4 69
36 59
44 70
41 36
21 28
30 19
22 20
2 63
52 45
62 58
5 42
40 9
42 50
1 62
66 40
33 14
3 13
44 39
69 49
40 51
55 69
41 28
68 15
1 23
48 28
62 46
28 59
29 15
65 3
11 16
5 18
24 11
12 31
36 50
17 40
65 24
4 57
15 8
52 47
12 8
29 66
18 26
50 12
9 68
35 55
19 3
35 28
13 9
63 68
41 13
52 57
52 44
59 31
37 24
5 37
12 65
34 23
22 26
7 57
14 54
21 43
57 41
61 2
40 12
11 1
2 19
67 33
19 65
11 69
24 17
45 67
54 65
41 15
67 36
44 27
29 3
32 61
9 28
28 65
57 67
60 35
23 45
27 19
61 69
1 29
59 51
4 50
41 10
36 16
28 36
25 48
24 47
55 6
10 12
45 38
23 36
27 22
23 7
42 11
27 34
20 37
66 35
70 27
67 59
65 1
3 26
5 19
39 58
53 60
32 15
41 66
11 10
24 23
41 37
17 4
60 61
3 25
1 69
30 23
6 68
70 198
46 13
63 11
33 11
29 33
62 53
36 58
70 7
63 37
17 38
17 46
4 31
4 50
32 1
63 46
5 11
10 2
8 54
58 26
27 68
51 63
18 57
20 32
49 25
49 68
69 10
53 61
12 20
65 12
14 8
68 47
21 9
63 29
57 1
23 59
13 57
14 66
47 63
67 6
70 26
65 49
13 34
15 1
31 9
34 38
41 49
42 26
55 31
46 49
11 60
51 35
30 21
14 43
51 37
15 19
69 46
70 46
28 54
13 19
68 42
7 36
14 11
29 58
55 27
49 21
56 17
23 62
47 65
63 27
23 47
17 13
1 44
51 27
47 36
8 17
28 41
12 36
3 69
61 33
4 25
19 20
52 70
11 35
64 16
6 57
4 30
23 69
28 11
37 53
16 17
24 35
55 44
25 61
47 30
9 5
18 4
62 31
54 3
28 36
47 46
51 48
45 22
42 60
19 66
49 55
8 24
15 26
54 51
8 59
45 34
46 32
56 69
6 12
61 15
62 13
30 62
2 13
9 50
65 64
27 46
45 21
33 21
28 17
50 47
45 46
69 30
37 41
53 47
48 39
48 7
49 66
16 44
13 26
52 8
1 25
68 1
26 38
43 64
66 55
5 32
28 22
15 59
60 51
7 60
46 44
41 27
20 49
60 16
56 12
7 1
47 13
27 33
65 16
1 43
65 66
54 45
48 26
6 2
3 16
34 63
44 6
35 62
64 45
28 9
38 24
66 15
9 61
40 22
40 7
1 4
23 37
6 59
48 36
57 63
56 19
32 51
62 20
65 2
25 47
8 57
50 61
23 29
15 11
13 21
21 34
28 39
67 48
40 19
22 51
57 45
48 66
31 35
68 69
37 46
53 46
26 27
64 25
5 7
67 53
70 199
56 8
69 40
10 13
26 69
36 42
52 34
29 56
38 36
2 42
23 38
39 54
45 4
33 34
36 14
1 35
55 70
58 63
62 49
27 42
16 66
65 24
49 9
23 1
58 29
40 64
66 67
67 24
62 24
1 62
51 35
30 17
45 62
26 25
23 57
10 57
37 66
46 24
21 69
19 64
2 64
56 25
44 17
41 68
57 42
27 3
47 11
59 11
64 38
11 24
55 26
69 43
70 13
20 36
35 13
15 3
34 3
29 40
59 65
35 60
26 2
18 28
22 61
36 24
55 64
20 68
4 42
8 46
56 22
66 46
60 68
67 7
68 27
43 61
32 63
40 57
39 10
26 18
69 33
21 11
63 18
56 4
6 54
53 56
21 37
22 60
68 50
11 68
42 39
15 58
40 4
39 28
52 64
59 36
5 8
35 41
70 11
57 54
15 5
43 18
57 37
48 3
15 14
68 55
64 7
46 12
20 1
52 48
11 42
13 56
33 46
61 57
65 1
42 20
29 10
69 7
10 51
70 22
12 48
34 56
50 13
44 28
67 10
14 46
45 32
29 45
7 37
70 65
42 37
42 64
70 27
36 56
56 23
35 16
64 54
2 14
22 2
4 29
5 53
48 45
40 27
43 65
63 27
70 23
52 22
42 46
61 51
48 8
64 68
13 49
32 40
7 46
31 34
51 42
52 62
65 31
5 64
31 64
62 8
35 32
44 24
64 37
35 39
49 69
24 37
24 69
27 59
44 8
30 50
59 43
52 18
45 69
2 28
28 60
6 42
70 57
17 6
12 32
68 69
48 35
60 54
60 15
57 66
27 66
5 9
65 54
48 14
61 32
66 32
41 56
29 2
35 37
8 40
23 42
5 39
36 7
50 70
15 46
43 24
30 54
70 200
25 54
9 52
64 5
68 1
4 26
23 52
53 1
1 29
7 39
56 69
26 39
51 70
54 1
48 4
70 17
29 42
30 40
24 22
3 28
21 67
23 70
26 7
33 53
8 1
1 35
35 22
46 41
45 25
51 65
57 62
9 40
46 63
33 25
65 31
22 33
48 49
47 27
28 9
18 37
67 2
64 3
63 70
24 37
27 10
51 34
38 34
70 42
64 33
23 55
48 23
65 66
9 31
20 12
22 38
47 48
64 65
51 55
60 25
19 45
59 12
54 52
48 56
16 42
52 29
32 69
34 68
53 16
53 40
14 49
15 62
39 13
53 22
14 66
12 64
45 10
39 22
10 24
56 7
27 16
21 16
11 63
28 56
18 35
27 23
31 12
44 64
6 29
54 8
22 69
25 47
14 61
44 19
23 18
1 26
19 51
69 10
63 37
42 43
32 66
21 26
48 11
46 26
31 45
15 56
28 68
28 29
28 33
30 49
28 60
52 45
41 55
61 6
43 33
56 52
17 16
23 40
52 30
16 12
10 3
35 28
26 16
53 66
3 61
63 55
49 35
25 24
18 25
35 66
30 65
26 69
24 61
57 61
27 56
19 38
39 40
41 10
28 21
29 55
27 37
34 2
57 56
53 9
40 68
14 15
37 3
31 35
30 64
55 15
24 47
48 2
8 19
17 22
31 11
19 33
23 6
58 29
16 8
20 13
53 15
67 50
43 21
42 49
53 36
60 19
22 50
46 42
60 70
66 29
7 5
21 1
48 58
14 16
10 23
58 3
57 2
19 2
58 62
61 47
20 55
22 45
9 34
18 1
63 43
56 18
45 59
59 34
57 55
61 20
55 9
31 63
16 3
11 70
43 20
69 31
14 10
14 51
15 16
27 53
7 45
56 31
70 201
17 6
65 54
33 47
17 51
54 38
14 10
61 48
47 31
30 51
44 46
41 19
36 27
62 48
23 41
15 61
3 34
60 24
10 41
50 66
13 31
13 37
23 61
26 22
53 64
31 68
41 40
33 59
63 16
42 1
15 26
25 21
31 5
43 19
11 4
33 24
12 8
29 56
23 2
30 21
51 68
22 13
23 4
9 1
31 42
11 47
63 24
38 21
62 26
46 28
70 19
58 39
9 38
70 56
67 55
5 59
65 7
33 66
3 12
4 15
20 49
25 19
9 56
38 7
53 21
22 68
18 47
50 2
8 21
4 25
39 11
2 3
45 67
4 46
33 7
38 14
61 19
28 31
58 52
29 18
41 65
11 14
18 6
11 7
19 28
14 31
39 50
13 34
64 61
32 13
11 50
18 67
68 41
35 66
55 41
53 42
69 46
42 38
25 49
1 44
59 70
17 48
42 16
23 49
46 42
34 41
47 35
34 68
63 34
59 40
31 59
24 11
19 21
7 55
50 34
70 32
60 31
35 11
22 31
5 21
40 69
35 62
41 49
67 3
43 62
62 1
42 15
45 4
34 53
13 39
1 33
47 43
6 43
56 44
22 5
21 68
31 3
64 28
47 61
28 34
27 63
27 40
32 53
50 61
39 33
17 56
15 69
16 17
4 40
28 12
55 24
43 41
7 51
12 31
7 16
8 4
10 51
28 11
34 30
50 4
68 44
40 56
57 61
21 57
68 27
6 13
7 23
48 26
45 27
70 62
4 53
57 45
2 61
24 36
47 60
38 52
59 35
11 42
26 67
6 12
55 66
64 35
15 21
34 33
51 3
1 48
8 9
31 17
65 39
11 65
69 21
2 70
55 32
42 20
48 24
18 16
37 65
31 52
43 2
53 14
40 16
40 62
70 202
56 37
70 2
61 69
12 27
44 49
54 44
10 27
8 28
24 27
17 60
53 17
69 45
41 21
70 69
22 52
37 29
20 24
11 35
47 30
12 4
18 49
28 2
60 70
52 51
51 64
16 14
34 31
26 4
15 7
34 1
64 68
9 59
14 69
14 6
10 43
15 5
52 1
54 22
19 64
10 29
69 49
38 1
50 11
44 10
49 25
19 11
8 35
64 3
33 51
52 29
43 39
64 21
6 24
18 56
5 67
66 64
15 35
67 49
54 46
30 15
37 10
64 67
9 12
40 6
28 27
19 25
46 50
43 18
15 62
70 53
36 47
31 53
51 1
66 62
38 51
22 16
55 5
62 21
47 48
50 60
50 49
18 5
4 3
30 28
22 24
1 21
33 25
43 66
38 25
13 45
49 34
18 3
63 27
49 43
62 17
19 67
6 50
32 31
69 17
43 47
57 61
10 64
19 43
42 65
47 60
67 22
23 5
64 70
8 7
22 53
37 40
70 32
34 26
63 1
13 52
64 38
54 58
54 20
52 60
62 28
38 8
7 23
56 29
48 15
28 15
35 20
36 34
14 36
32 1
1 28
37 63
51 49
40 9
43 62
26 53
12 23
54 48
40 51
15 9
25 10
44 43
44 59
24 36
35 32
16 54
20 10
64 16
46 47
64 23
51 35
55 7
64 28
60 64
42 30
44 22
68 55
53 28
39 40
45 44
40 16
26 57
6 1
8 37
20 1
38 9
41 8
19 18
19 4
24 2
43 67
38 69
57 31
22 68
34 10
44 61
19 44
50 24
59 23
26 11
34 28
41 40
34 14
16 33
45 8
20 50
22 35
27 66
23 26
36 37
9 19
5 20
9 7
19 32
59 46
21 18
56 51
59 20
4 7
32 3
46 7
56 11
37 17
70 203
33 70
4 66
58 9
49 15
22 9
40 48
24 29
49 48
9 47
23 51
14 60
63 50
33 44
62 24
33 1
37 18
28 8
67 59
7 17
67 20
46 44
4 35
46 48
45 14
7 26
51 35
23 33
51 56
41 37
5 27
56 54
56 28
5 64
70 48
18 8
20 3
65 66
19 41
12 47
66 14
34 23
31 30
31 27
18 38
29 45
52 32
61 41
17 52
32 37
54 23
66 26
23 30
11 37
67 56
18 50
45 34
60 70
58 59
51 40
12 16
30 32
21 50
60 19
5 18
51 17
19 62
46 18
7 38
5 3
41 12
49 27
16 50
39 25
19 14
23 42
64 20
55 48
70 50
5 33
15 29
65 51
64 66
52 21
70 62
41 10
23 45
62 67
39 43
59 12
18 20
56 21
5 28
47 43
17 45
36 44
30 26
29 21
52 12
60 59
33 55
29 57
12 62
64 36
16 35
9 13
24 2
69 19
7 39
9 14
51 1
62 1
25 62
69 59
48 56
40 17
43 56
15 43
53 61
45 26
38 64
26 49
60 53
20 37
16 29
11 43
42 1
21 38
53 9
57 1
11 12
40 6
31 38
67 51
60 17
12 38
38 4
27 1
9 5
9 31
56 4
59 31
25 12
17 31
53 63
66 52
62 13
21 61
33 25
14 69
66 10
23 6
49 62
59 19
69 68
22 30
46 26
54 37
39 55
51 53
9 49
8 12
18 34
5 30
8 45
65 16
14 48
17 58
56 39
49 38
2 19
24 53
17 69
46 63
38 51
30 13
3 19
1 41
10 69
45 50
13 65
51 49
41 33
36 43
35 6
57 16
29 52
2 39
25 8
6 46
35 45
13 11
51 44
51 4
28 33
65 15
54 22
18 43
58 2
16 3
44 70
37 3
29 30
69 37
70 204
5 11
37 15
18 56
70 27
65 24
50 46
47 46
16 48
8 37
49 36
16 9
15 27
34 21
49 35
40 64
23 19
23 62
67 3
14 51
66 30
59 11
51 5
16 7
4 40
11 48
1 42
58 37
31 57
56 45
22 33
63 9
10 1
38 47
57 20
4 31
18 34
37 51
58 56
66 14
39 28
53 61
60 62
38 66
5 4
20 9
50 9
13 46
13 19
31 42
46 35
12 46
9 55
64 48
11 63
57 68
56 70
21 9
55 29
32 61
11 9
46 29
68 17
26 3
6 35
59 43
3 51
1 50
57 48
5 57
3 39
43 17
27 36
11 42
23 41
28 16
27 30
31 60
33 39
70 44
12 40
70 11
24 28
2 15
48 49
53 46
55 42
29 21
63 47
39 13
32 31
54 28
23 11
26 40
49 6
51 70
62 10
5 22
24 30
30 42
44 41
20 47
55 27
10 27
52 38
35 22
8 64
22 31
52 55
26 27
14 21
66 65
41 53
64 33
16 15
63 17
52 60
57 45
42 50
44 3
11 64
39 8
39 16
61 64
14 8
46 25
52 40
21 38
42 21
14 6
26 57
32 45
55 22
2 56
42 3
31 44
3 22
36 10
32 58
23 17
6 53
56 33
37 28
61 49
46 34
60 42
51 12
22 53
40 19
13 22
17 36
58 27
68 6
60 47
26 23
3 4
44 6
7 65
44 61
66 67
27 33
5 67
38 17
41 29
36 37
62 68
25 47
19 11
31 3
40 29
40 67
49 51
23 31
3 17
46 43
5 17
4 55
47 23
22 60
7 55
50 6
5 54
41 33
24 31
44 58
39 55
33 4
26 52
60 41
64 16
69 55
17 15
53 42
56 44
60 44
30 12
60 19
30 69
52 6
38 26
69 40
3 57
60 61
13 66
25 51
70 205
22 24
44 5
15 35
42 25
52 30
15 25
64 62
19 50
70 25
55 52
22 28
38 65
39 8
11 45
46 57
50 52
26 6
68 67
66 1
56 50
37 8
17 1
64 27
23 21
59 48
29 25
49 57
3 2
12 62
63 23
8 44
27 43
52 46
17 69
2 68
5 22
56 58
60 64
4 7
34 19
46 24
7 36
17 11
56 25
20 61
43 7
40 62
68 55
35 67
70 23
35 41
27 22
33 9
22 34
23 19
54 18
66 51
67 56
60 14
58 31
39 49
14 53
70 69
46 10
2 14
66 20
5 25
64 11
57 23
34 24
18 50
36 53
56 20
63 50
65 40
45 1
35 4
40 15
42 16
6 57
61 34
34 63
59 16
61 22
19 27
47 41
18 5
61 51
41 29
62 15
51 14
34 29
44 12
53 3
8 61
63 4
40 8
26 25
16 33
42 9
29 66
14 29
34 43
21 6
7 9
16 63
61 9
26 41
22 45
13 14
70 6
66 2
53 45
54 55
58 61
19 39
18 59
21 29
28 57
70 15
57 58
6 40
45 50
67 31
45 69
29 37
2 26
36 5
69 61
64 54
68 27
29 33
68 29
5 62
66 55
10 69
26 58
2 7
38 15
30 8
5 23
23 59
55 63
7 30
52 27
32 63
60 7
23 47
64 4
33 36
7 46
44 29
2 35
15 32
19 18
20 50
19 22
9 10
7 39
46 43
39 54
6 14
18 45
59 39
45 67
50 7
62 56
17 36
22 48
2 43
70 1
33 18
46 22
68 43
26 48
34 5
32 33
46 59
21 53
38 43
9 35
62 26
17 41
1 46
36 47
59 34
22 33
62 68
27 21
11 12
43 17
20 17
38 57
11 38
40 20
2 1
42 27
30 45
30 3
44 22
61 50
7 51
15 17
69 29
58 17
70 206
47 61
46 57
2 21
59 60
64 29
46 15
40 12
24 55
22 17
64 50
32 24
5 10
27 44
63 26
24 23
42 55
47 60
49 15
63 34
55 54
56 36
31 29
3 22
37 53
51 31
41 34
20 4
67 6
34 53
7 11
13 20
43 11
33 67
8 61
20 15
54 53
35 39
48 4
21 4
22 18
18 53
37 41
45 22
48 40
42 14
33 28
8 16
52 50
58 51
4 33
62 36
36 8
70 38
40 18
21 46
20 19
57 14
30 68
52 26
17 43
42 8
63 8
16 29
27 20
4 66
14 19
65 28
2 16
57 55
15 62
16 68
33 40
44 64
17 18
28 63
35 48
21 34
13 56
3 58
4 45
16 18
21 70
37 66
36 38
6 11
50 48
3 1
24 5
59 42
36 22
44 63
58 21
52 60
20 66
52 42
68 54
37 42
5 57
57 65
36 14
36 34
30 49
63 56
68 66
12 31
67 66
38 48
51 23
57 10
13 17
62 4
28 18
69 41
25 57
58 18
38 28
4 32
17 34
43 60
3 49
31 44
41 70
60 11
32 10
50 15
54 19
4 51
2 19
41 55
61 23
41 46
68 22
9 43
64 15
67 2
31 68
63 22
56 45
69 50
9 56
47 19
15 2
59 9
31 53
66 70
9 29
35 19
9 40
31 66
5 19
25 53
57 8
14 27
10 51
41 40
25 51
14 15
23 39
47 33
11 22
22 24
66 41
63 68
36 4
70 20
33 31
13 59
47 28
58 42
4 44
33 53
14 28
15 7
23 7
27 2
65 4
62 49
44 52
62 9
59 63
68 27
54 20
28 6
8 48
21 44
16 39
68 7
63 47
27 65
20 64
1 9
70 45
56 4
38 58
46 14
36 65
26 70
33 68
64 23
41 51
2 45
31 54
33 22
64 54
55 62
62 69
70 207
21 69
16 29
57 5
13 31
7 25
14 3
48 26
46 13
56 32
67 63
56 48
9 36
46 53
67 5
8 21
48 17
52 28
2 23
44 10
24 35
31 47
29 10
65 21
39 48
21 47
1 9
63 19
11 70
60 32
42 10
41 30
59 40
62 35
17 13
62 43
50 57
32 8
6 25
17 61
56 59
28 6
55 57
10 16
41 60
30 7
27 60
7 1
26 55
1 43
49 21
25 31
4 40
61 14
51 19
57 3
37 15
56 25
65 32
45 19
30 44
56 30
6 49
40 34
6 40
20 64
28 4
58 56
10 26
28 67
51 29
24 15
21 53
58 41
15 39
36 49
38 1
6 7
4 25
26 67
47 6
14 6
25 51
61 33
38 9
19 10
6 39
70 49
23 17
12 66
28 37
27 38
9 28
19 68
4 70
52 6
33 34
18 12
50 59
48 4
45 39
69 46
7 28
14 23
18 27
32 3
61 12
49 40
19 36
60 1
50 26
40 22
44 31
44 6
34 11
55 64
56 13
47 46
8 41
42 8
14 25
46 58
54 10
36 3
51 15
64 53
24 63
43 69
57 21
13 66
14 41
24 43
51 64
55 56
16 15
26 40
46 59
40 32
41 24
54 58
32 23
68 37
20 46
43 67
46 54
17 55
50 24
52 36
51 60
38 26
10 67
24 6
21 58
56 14
58 11
22 41
51 52
56 69
46 64
36 48
37 45
27 68
68 59
22 43
33 59
38 54
68 4
24 58
25 61
60 36
40 69
59 36
16 62
36 24
40 47
36 4
18 64
27 66
63 47
6 70
33 46
64 36
60 46
64 15
42 51
45 66
52 25
28 14
6 23
46 23
2 61
16 12
26 59
5 64
38 66
46 27
42 53
58 52
67 6
38 2
41 15
33 47
39 41
1 18
40 9
49 25
27 40
20 2
70 208
50 63
47 27
20 35
68 23
69 57
30 12
25 52
50 56
24 53
43 17
64 67
10 62
23 22
20 14
13 61
63 64
66 6
28 16
41 56
27 29
28 57
45 50
25 56
62 40
19 58
12 20
25 35
56 55
28 65
25 21
43 24
52 18
26 32
2 28
43 49
22 7
8 12
49 34
54 4
14 13
57 5
46 5
54 53
51 70
42 62
3 53
8 21
61 50
40 69
55 17
23 15
57 52
5 48
41 33
13 47
23 8
35 6
63 30
67 52
8 26
37 5
63 36
40 65
57 10
56 51
3 4
9 52
53 42
40 46
4 59
4 57
37 8
57 40
41 54
39 12
25 59
5 22
31 11
11 56
48 52
50 55
37 1
65 38
56 60
10 4
50 33
14 67
65 43
36 46
42 6
65 59
67 19
6 36
1 20
9 33
29 24
26 44
17 50
27 43
15 58
15 59
50 12
52 30
12 13
49 60
58 70
50 44
27 54
43 18
50 35
42 20
47 62
64 39
18 36
43 44
35 48
15 67
9 15
58 64
59 27
29 13
65 21
31 64
17 15
1 18
34 36
44 12
49 16
60 38
40 32
51 8
7 41
45 53
49 22
44 54
32 57
47 39
58 8
23 40
40 37
29 3
38 13
49 13
28 1
60 10
35 60
27 24
37 68
44 36
12 43
19 55
47 4
5 6
15 34
57 51
59 18
2 63
21 16
50 67
35 15
36 19
32 17
54 36
60 19
17 44
69 24
1 38
29 40
64 61
50 62
14 27
37 22
63 67
18 28
66 22
13 42
41 29
66 27
69 38
14 65
49 58
67 12
17 23
12 16
70 39
62 1
44 5
70 6
11 61
35 46
50 47
50 49
65 22
57 23
60 5
58 56
42 58
58 36
36 40
23 36
15 41
34 24
53 43
57 35
46 1
7 6
64 26
24 15
70 209
19 24
10 42
51 4
40 32
12 22
70 3
62 70
62 51
70 12
66 68
20 64
6 62
3 25
23 25
8 15
35 24
61 62
15 64
1 56
66 26
67 59
53 16
36 41
67 54
15 13
7 29
22 27
63 20
27 41
15 32
57 50
20 48
36 37
29 51
27 4
47 3
32 27
48 34
28 24
67 66
39 37
21 53
61 27
39 50
70 26
65 70
15 16
38 4
45 19
22 2
24 5
56 63
39 10
56 27
60 32
36 28
28 48
13 26
70 63
6 46
52 59
55 62
63 34
61 39
19 18
43 38
4 12
4 53
13 18
20 33
39 70
20 58
10 38
24 70
28 50
9 38
3 68
46 30
51 41
23 15
31 5
25 17
29 39
11 37
54 32
10 24
4 36
51 16
42 61
52 47
68 61
56 70
60 53
55 24
12 5
21 59
20 19
68 33
29 27
20 51
32 61
26 49
39 34
17 34
62 43
8 24
30 62
62 57
21 70
27 35
43 53
63 19
32 39
22 50
8 6
7 20
25 68
33 5
50 43
13 36
42 14
53 3
1 36
17 48
37 32
8 49
58 62
8 55
22 60
47 55
32 33
5 18
15 52
60 37
70 59
45 17
17 4
28 12
61 12
31 44
5 54
20 15
15 62
19 35
69 59
66 64
7 30
15 47
17 28
14 60
41 10
69 47
37 18
67 29
49 30
8 51
32 6
21 31
44 45
7 32
66 55
68 10
27 44
31 14
68 58
45 5
42 29
40 14
12 50
3 5
34 35
45 7
65 43
65 12
14 22
53 12
19 9
53 31
4 23
64 23
36 20
43 12
19 56
45 23
32 51
22 53
62 22
55 56
9 52
67 2
51 53
61 26
52 26
65 22
37 51
31 42
3 11
62 18
33 43
32 21
69 11
45 32
22 30
65 42
42 20
16 36
3 40
11 57
63 16
70 140
51 37
62 16
15 37
55 4
32 46
18 29
40 34
56 32
37 45
17 53
53 49
27 5
5 44
55 24
22 50
18 66
66 29
31 18
40 52
18 41
54 60
69 36
16 54
68 49
31 49
18 36
56 47
16 58
52 11
36 30
20 62
21 39
21 48
60 69
53 56
3 44
64 70
59 70
51 47
66 35
32 45
41 70
52 36
65 59
62 3
64 21
11 45
43 56
17 16
3 57
4 23
1 58
22 5
8 16
62 18
23 66
37 63
15 62
41 62
18 49
9 26
8 34
8 21
7 20
25 42
45 64
52 28
53 9
11 2
60 17
18 14
23 57
69 21
57 8
67 63
46 65
67 1
8 19
10 6
52 55
50 21
23 56
10 4
5 17
45 52
17 11
53 2
41 67
11 60
51 19
23 51
28 12
52 21
32 5
69 38
46 43
14 21
53 41
4 66
59 50
2 10
49 60
51 44
41 57
17 20
35 44
15 27
42 55
54 58
51 2
36 57
20 12
56 63
11 4
36 20
10 19
66 15
36 28
46 53
59 56
9 66
53 66
14 65
31 55
69 28
48 37
57 1
22 36
35 41
59 25
14 40
52 60
51 59
66 22
65 31
66 65
22 38
7 63
30 14
15 24
70 141
37 63
44 47
26 51
50 17
42 8
22 11
59 22
64 7
17 2
53 33
18 43
22 2
14 53
5 9
21 8
64 69
28 1
27 52
70 8
50 39
61 34
58 14
4 10
31 60
12 51
56 37
12 2
44 24
41 56
46 66
11 61
7 4
23 15
67 40
30 61
30 28
57 9
46 50
34 42
6 70
30 10
12 62
4 47
55 14
60 63
3 41
12 50
63 34
24 48
5 64
23 19
11 63
36 30
26 16
31 64
19 30
8 66
56 34
57 40
47 55
36 44
52 25
13 15
49 58
12 18
69 50
66 50
52 9
41 24
2 40
61 6
25 8
64 47
48 7
62 35
31 1
67 7
39 7
43 13
26 58
6 31
66 32
64 56
8 54
16 45
19 1
29 56
22 28
52 6
50 44
64 6
8 12
70 55
62 14
20 14
54 57
62 7
45 1
23 17
43 25
65 52
13 50
63 9
12 41
1 32
58 35
12 58
9 50
63 53
22 45
33 34
45 27
1 11
9 31
33 13
47 29
40 1
15 24
24 27
5 41
46 19
4 45
66 6
64 67
4 1
13 57
59 62
16 70
65 38
9 49
51 66
31 18
58 40
20 15
47 39
41 19
49 4
39 61
22 52
19 25
47 27
70 142
44 60
53 55
16 38
54 67
61 38
30 47
59 6
11 61
41 27
66 8
41 69
58 36
69 25
5 31
34 38
51 50
56 48
4 18
33 13
66 14
11 21
38 12
11 13
26 15
9 16
58 5
18 16
43 69
65 31
69 2
38 1
21 22
5 34
7 57
5 60
5 4
15 64
16 53
48 65
55 45
27 11
63 5
33 23
68 24
8 28
11 39
55 2
16 30
46 24
33 52
3 67
62 15
26 25
25 39
3 52
29 45
29 61
19 29
17 9
32 3
8 67
32 33
31 50
53 57
13 53
12 43
50 40
17 43
45 14
65 45
28 9
70 42
32 15
49 48
54 65
23 70
13 24
2 16
30 25
4 68
70 18
2 60
18 26
1 63
41 31
35 63
33 67
16 3
54 1
17 34
39 37
36 20
36 34
28 5
51 46
5 42
49 36
50 36
20 27
39 38
23 57
35 57
51 58
21 58
62 45
24 19
15 5
38 33
20 24
39 49
55 50
53 22
38 7
13 26
4 23
32 1
4 17
37 8
58 12
22 60
55 33
5 16
44 25
55 9
27 62
52 14
37 18
11 10
6 29
37 29
15 22
56 67
42 38
34 14
6 28
48 35
63 32
66 47
40 59
59 13
9 64
2 24
70 143
34 50
26 32
62 43
64 65
11 53
61 4
18 2
14 63
44 26
44 1
3 59
37 6
41 69
9 48
64 20
42 35
29 25
64 45
45 11
56 42
33 6
67 38
55 9
65 62
27 28
32 23
17 3
35 44
24 43
49 31
20 1
12 50
24 41
68 37
7 36
19 23
57 13
62 48
26 29
51 29
43 56
51 20
66 10
40 42
45 19
56 64
32 15
39 26
31 43
31 39
44 55
28 42
54 3
54 45
40 44
40 22
8 66
10 17
48 16
20 27
57 70
18 22
41 38
64 10
7 43
38 6
34 58
41 19
30 4
57 15
6 62
24 10
70 42
67 11
7 35
11 52
52 60
39 66
19 51
10 29
3 42
44 16
1 22
26 30
31 15
29 18
38 39
40 61
10 1
2 15
42 53
15 51
11 55
21 48
17 50
67 43
13 62
53 24
25 37
55 27
15 22
28 47
26 8
70 37
15 4
6 53
57 50
27 25
47 51
52 16
24 8
2 3
38 42
49 50
22 53
56 68
67 70
60 4
46 69
69 51
16 4
34 61
21 60
52 40
61 69
19 15
14 3
3 21
44 23
66 54
61 62
22 20
62 16
2 25
18 34
50 69
48 69
23 69
1 54
56 30
41 3
58 26
11 35
70 144
64 54
1 14
64 45
46 36
62 68
53 8
7 62
29 46
14 39
36 52
67 43
58 36
15 67
16 42
62 56
21 34
40 25
40 18
51 14
70 15
57 21
67 36
69 70
54 23
29 28
38 60
60 31
69 45
8 11
68 37
60 68
38 58
67 61
36 65
30 40
47 41
16 33
18 12
15 13
64 25
64 34
12 69
55 7
66 25
5 1
27 8
64 5
59 6
12 36
66 27
40 39
55 24
20 28
8 13
62 66
13 28
14 41
4 22
31 30
41 7
14 48
17 8
54 36
38 65
63 20
65 61
6 38
64 17
57 33
26 67
64 51
23 40
7 58
22 69
43 52
47 57
36 68
27 1
7 32
43 9
26 9
35 39
34 70
40 22
62 10
69 64
67 14
35 4
66 50
34 5
1 19
6 54
25 38
46 10
13 36
35 1
30 61
13 47
38 53
60 7
31 67
25 45
69 28
18 43
51 21
39 5
63 60
50 27
1 34
52 8
42 43
33 15
32 70
69 24
28 8
51 12
33 13
15 17
4 26
57 18
8 18
63 32
24 25
54 22
48 35
3 18
35 2
27 57
54 18
59 39
44 42
20 50
61 8
11 70
3 8
22 61
58 57
48 7
3 44
19 37
4 31
47 4
15 28
31 64
70 145
19 35
24 40
62 70
5 10
70 23
35 13
17 42
3 11
42 34
48 17
52 38
55 2
42 22
48 29
32 64
65 31
42 8
66 41
54 8
14 28
23 48
62 60
33 49
39 20
34 44
39 62
27 65
30 10
29 46
59 64
60 20
65 21
28 62
56 69
54 28
69 16
57 38
34 56
2 67
19 2
51 35
14 63
61 30
31 35
58 18
62 1
56 48
42 43
43 26
45 28
2 16
68 12
11 22
1 53
38 27
43 32
23 39
22 62
1 36
6 49
3 8
34 51
34 39
63 47
7 32
45 31
58 6
21 52
34 38
64 21
6 13
1 21
6 50
48 40
5 25
30 32
6 62
7 44
55 15
45 55
44 39
39 16
54 46
65 46
45 44
31 51
70 17
40 32
25 65
28 39
50 4
68 30
24 17
16 27
30 67
44 43
53 4
25 36
19 45
30 19
41 33
38 3
47 21
45 50
8 39
47 42
67 11
1 63
48 22
67 33
8 34
4 54
38 46
58 17
59 31
32 46
25 21
1 17
19 63
50 60
50 16
10 45
59 34
25 51
57 34
3 52
17 52
24 28
66 46
60 14
44 9
13 12
18 67
14 12
34 24
3 59
1 15
37 42
17 28
38 7
49 29
68 22
14 30
33 10
62 24
70 146
43 62
29 30
55 16
41 7
25 27
34 6
61 34
68 31
30 21
1 67
6 8
8 47
43 56
31 37
50 41
23 47
19 1
48 57
45 11
33 44
21 9
34 48
47 56
16 43
8 56
47 61
34 1
8 44
58 31
67 66
32 23
32 1
16 8
68 7
14 38
37 5
50 34
31 42
46 7
33 46
44 43
51 34
60 36
56 60
53 24
32 43
54 60
48 1
19 58
5 26
70 47
45 1
70 66
55 9
25 19
37 10
50 56
7 58
55 32
28 57
33 61
68 21
4 8
27 30
9 20
20 22
52 30
52 6
13 56
11 59
39 70
23 51
40 59
69 45
70 46
6 3
38 7
44 21
2 66
46 17
15 41
21 10
22 31
1 28
63 29
53 34
29 56
30 67
49 21
17 63
59 15
63 36
70 7
15 47
1 17
38 36
29 66
67 6
50 11
26 32
39 5
67 31
37 45
7 36
57 63
19 61
61 53
51 67
4 11
51 14
59 46
62 53
58 24
19 28
15 1
42 26
19 13
55 41
36 64
55 54
45 39
24 20
45 64
21 32
61 35
61 24
58 56
46 47
56 69
38 62
21 5
16 15
53 2
2 20
44 55
8 1
49 30
67 45
55 42
66 4
12 33
46 40
5 54
21 8
65 46
59 28
70 147
39 70
20 64
44 7
61 65
27 59
33 64
67 50
2 10
43 38
9 14
53 24
66 15
30 52
15 7
23 42
56 2
55 31
24 51
23 47
19 41
14 62
24 18
30 63
15 5
54 39
54 8
10 39
56 51
17 62
42 4
63 64
57 16
35 16
59 20
31 62
31 23
50 61
63 20
25 1
46 14
29 4
64 40
8 63
58 1
59 65
15 16
17 69
3 30
1 59
52 43
3 65
43 16
6 52
15 25
11 1
14 29
66 9
27 28
60 24
28 23
53 8
51 33
24 15
17 1
55 19
54 30
3 43
17 44
66 46
40 27
31 29
60 29
53 10
13 22
4 70
45 64
24 48
11 56
51 15
67 49
7 22
58 59
26 4
70 2
36 38
44 31
56 29
32 21
60 31
22 30
13 10
67 21
22 12
31 37
27 36
20 31
9 52
38 4
30 26
66 20
36 48
70 46
28 60
64 54
64 2
33 46
56 41
32 47
2 24
34 57
49 53
18 47
8 62
43 18
19 34
25 45
18 59
58 17
37 12
15 30
8 18
29 51
37 24
64 16
11 19
55 66
58 38
28 44
26 9
67 15
42 48
21 25
60 3
7 48
34 50
41 38
61 13
3 11
47 15
4 59
69 15
57 63
42 8
35 48
64 26
64 28
22 24
70 148
19 15
41 45
52 51
58 6
34 38
66 2
19 51
46 48
62 37
64 65
56 58
4 69
40 59
11 66
27 34
67 6
31 39
28 65
54 70
40 6
25 23
54 31
4 6
26 4
51 55
11 1
56 21
68 33
53 34
53 19
44 36
8 27
12 46
59 54
65 57
42 49
15 20
23 6
50 18
65 30
68 42
48 59
43 9
2 24
30 7
60 35
55 24
3 13
53 4
33 5
45 10
40 24
10 65
6 70
30 4
64 63
59 45
26 39
54 7
18 26
50 19
33 13
6 7
65 16
20 27
57 14
45 4
44 13
3 19
34 17
25 69
52 26
21 58
31 32
52 35
57 37
16 14
49 59
33 29
63 16
59 66
12 16
33 28
7 48
28 14
15 23
70 20
29 37
44 66
57 41
32 54
28 11
29 43
50 22
10 69
15 46
66 65
42 38
8 37
45 40
5 16
8 24
25 42
5 13
64 26
65 54
47 7
42 7
10 17
25 3
50 13
3 5
19 8
18 68
37 44
68 36
66 62
36 62
12 58
46 69
44 33
37 12
37 32
11 19
6 31
15 29
47 60
34 47
39 43
2 55
32 6
2 57
54 47
29 48
63 70
67 9
4 23
28 59
31 53
50 31
24 35
61 66
21 7
34 6
26 49
39 17
1 38
19 38
70 149
55 66
24 48
41 57
15 64
53 64
46 35
48 47
64 58
33 16
36 39
68 51
58 11
51 23
9 21
30 36
60 42
12 53
24 23
46 34
6 17
55 61
7 15
4 11
41 49
35 31
11 20
37 38
5 69
50 52
34 20
56 34
68 17
57 8
48 32
45 44
36 33
35 4
17 55
4 45
25 39
63 39
43 42
33 69
41 5
35 36
7 31
21 12
59 65
47 36
32 11
18 51
22 45
55 64
5 57
43 12
13 24
15 22
13 14
21 13
46 49
21 59
15 62
1 55
32 31
31 12
22 55
61 47
15 44
51 9
46 37
60 41
30 6
4 10
24 40
17 65
33 37
41 29
27 51
47 28
61 67
52 56
32 20
21 18
10 27
52 6
59 48
30 2
16 37
24 21
56 57
38 29
32 28
55 9
43 61
67 65
52 13
48 31
6 65
62 40
46 28
53 22
24 35
63 42
46 23
23 37
37 51
59 13
33 59
8 21
16 48
20 44
61 10
58 31
68 36
45 7
32 3
20 49
21 43
44 31
21 60
16 40
23 42
21 39
26 52
34 16
5 34
63 27
15 59
47 18
5 47
25 7
12 45
11 45
1 58
45 31
15 6
2 3
52 38
20 46
70 12
42 56
34 21
15 39
2 70
46 70
46 48
40 2
6 39
45 36
70 150
11 40
61 30
30 8
43 5
49 1
50 56
31 11
62 1
55 45
21 13
59 22
18 22
55 56
37 59
43 63
32 52
41 8
35 15
40 69
35 67
2 31
1 42
22 53
42 18
34 54
65 28
40 34
53 42
9 3
31 13
26 69
21 65
58 49
58 40
27 24
39 64
7 62
42 51
66 64
18 19
50 7
16 1
22 30
18 66
50 63
37 68
40 25
29 61
51 3
15 51
33 58
7 43
48 47
60 12
55 52
13 8
11 10
58 64
42 62
10 50
1 28
46 33
34 26
50 51
58 31
61 8
22 65
47 9
69 66
5 69
2 52
11 59
50 30
2 12
22 62
17 55
53 17
32 36
22 17
35 13
8 18
5 8
12 51
49 60
7 55
17 50
43 34
19 23
9 45
56 46
61 48
58 22
44 26
57 38
53 43
69 7
57 68
35 41
27 45
25 57
15 59
34 28
64 11
68 8
47 22
1 18
10 15
29 63
19 37
24 69
20 21
12 15
59 20
5 25
30 3
3 50
29 23
4 14
19 27
66 58
20 64
34 64
15 31
54 55
50 27
8 44
51 31
25 29
33 60
63 13
66 44
34 36
53 36
58 21
6 45
34 10
43 19
40 41
1 3
39 7
30 38
25 10
43 48
7 8
67 12
55 1
12 57
19 2
43 66
47 55
70 151
64 60
45 26
35 30
31 20
62 52
20 45
47 30
13 47
15 1
26 3
33 64
70 66
13 15
47 46
1 33
20 67
43 66
13 66
45 53
30 38
25 24
3 23
50 10
34 44
28 18
51 34
32 60
28 9
46 53
16 3
18 29
3 68
60 56
10 51
26 15
35 21
22 23
32 45
8 37
55 42
9 47
14 16
44 39
37 42
21 17
65 16
21 41
32 27
8 57
49 57
53 4
38 48
55 56
70 20
23 25
47 21
16 66
37 15
49 9
58 35
63 65
53 12
60 58
26 30
35 61
20 55
34 8
70 5
40 27
10 30
59 67
45 67
16 8
42 61
46 59
23 39
25 42
48 61
51 29
55 65
61 44
38 51
54 28
34 68
52 15
20 40
1 36
7 18
25 26
58 56
26 55
40 56
68 12
40 57
22 53
29 60
59 48
51 1
61 23
60 1
67 15
65 1
42 23
20 7
46 57
66 4
12 50
67 17
21 22
68 55
10 17
34 23
30 44
36 8
5 30
59 10
17 51
2 22
63 5
62 16
49 42
41 4
19 20
41 15
3 61
57 62
50 27
4 62
31 53
7 62
51 44
49 24
28 69
48 10
61 11
69 46
29 1
65 43
38 31
25 29
68 28
33 20
38 63
70 47
64 5
69 4
25 39
22 24
12 55
13 44
65 57
70 152
23 36
70 46
68 49
61 44
64 66
22 60
20 59
21 12
63 54
18 52
35 12
21 22
8 51
60 64
50 67
54 68
54 10
38 6
10 41
22 70
19 15
35 62
67 30
56 4
66 52
36 58
57 51
39 21
18 11
15 22
29 8
55 9
4 46
32 66
12 3
61 28
13 31
33 29
29 58
26 10
59 63
11 27
14 8
36 68
65 57
21 3
46 33
69 48
69 63
13 62
54 21
1 69
42 70
10 37
49 18
19 13
28 22
66 54
43 9
44 38
41 48
31 65
48 26
45 56
20 11
29 38
25 32
21 2
70 51
46 15
14 63
60 52
70 31
60 36
19 38
3 17
51 55
15 57
39 48
27 63
11 69
16 54
25 37
36 59
46 37
37 70
9 5
32 13
34 3
52 16
31 44
14 50
53 14
41 15
29 48
16 15
30 64
42 65
24 33
17 45
44 36
63 62
4 11
19 5
38 69
66 59
30 17
32 1
22 40
41 3
32 65
1 27
54 43
64 10
20 41
35 26
34 23
11 48
5 41
8 31
18 22
50 34
58 4
51 7
58 19
55 59
28 56
32 10
56 10
47 21
29 40
68 66
30 2
14 61
16 65
56 65
61 58
46 28
44 10
15 6
3 61
37 53
66 44
52 35
26 37
17 63
50 24
47 68
69 66
43 66
31 42
31 28
70 153
13 42
11 36
40 20
34 49
16 47
34 68
6 66
40 53
49 41
60 31
61 50
3 41
36 68
2 49
11 68
47 15
51 36
53 36
7 29
30 52
35 9
22 42
40 57
60 24
43 45
8 34
37 31
40 1
39 70
52 23
12 2
31 69
28 69
3 25
21 62
47 69
48 22
65 17
25 40
44 61
67 50
22 18
25 24
6 10
3 34
56 16
29 21
36 70
63 11
27 61
26 53
54 64
48 7
63 18
23 42
65 49
23 5
61 43
51 38
69 49
54 53
66 53
4 33
55 8
57 37
21 64
63 48
70 1
69 66
49 25
37 61
58 68
46 5
20 1
43 56
49 50
17 6
65 21
8 9
43 6
6 35
33 46
47 41
2 38
20 14
18 28
51 8
18 56
37 3
31 57
12 60
29 61
66 30
38 1
4 35
13 26
26 11
62 70
35 11
42 60
1 61
53 49
57 16
53 8
64 23
58 43
40 41
9 3
69 52
23 22
9 64
46 19
52 27
22 37
13 61
56 39
19 30
57 35
55 45
63 6
11 5
22 3
18 31
34 31
68 46
15 49
70 30
8 18
10 36
20 61
39 38
26 30
24 41
28 37
48 35
56 32
34 61
64 58
57 7
39 64
27 10
68 29
60 29
24 32
33 37
64 63
40 23
29 28
4 14
44 17
1 48
37 38
4 66
70 154
5 12
41 30
17 28
27 2
54 64
6 61
27 59
25 65
25 63
62 21
46 41
10 63
40 36
9 35
27 8
5 15
29 58
62 7
24 44
46 5
38 33
52 69
2 49
15 52
19 63
46 54
28 39
14 51
62 61
17 18
51 1
1 48
56 27
41 22
2 48
64 69
53 33
13 48
12 55
6 14
52 42
13 6
38 58
6 40
39 41
56 66
14 7
6 46
56 6
21 2
22 21
14 69
55 47
63 64
37 66
45 35
50 40
56 1
54 17
49 63
37 8
55 24
70 8
29 18
46 26
31 11
62 18
34 63
40 14
41 37
15 34
36 35
35 12
32 55
64 56
43 17
38 18
10 36
23 12
33 4
53 69
7 39
49 15
22 57
47 70
59 55
49 9
59 37
55 17
52 21
50 30
18 67
12 32
12 20
43 8
9 65
67 11
70 35
55 3
32 4
13 33
24 26
60 58
67 42
7 6
57 56
66 46
1 47
68 25
1 15
21 1
29 1
11 24
60 37
34 26
55 69
20 18
26 10
29 45
48 11
7 35
42 40
22 26
19 51
56 39
70 69
59 61
64 47
21 65
21 55
38 25
13 51
17 25
2 33
51 23
51 40
4 21
62 25
62 49
41 18
2 9
17 10
59 45
47 42
50 34
39 52
33 35
23 66
10 12
50 64
44 46
11 21
31 47
68 67
70 155
38 12
24 48
39 30
36 19
1 68
3 67
11 3
53 21
11 14
5 64
13 12
40 59
18 12
49 36
65 34
27 5
40 66
68 42
54 28
29 10
21 62
19 45
8 16
17 38
26 58
24 40
51 48
27 26
54 3
29 61
43 51
9 50
11 8
11 37
56 49
44 15
36 17
30 64
63 4
53 39
35 1
52 25
41 59
64 50
18 61
26 35
69 55
41 53
45 66
47 38
49 16
29 13
50 46
6 30
20 11
12 28
39 36
65 62
50 19
33 14
54 70
37 68
24 11
34 35
11 53
16 20
37 50
7 25
5 12
64 65
23 69
37 16
35 4
45 57
31 2
12 68
54 33
21 14
1 8
25 39
37 10
21 55
51 32
23 14
69 56
57 15
61 8
65 14
19 5
63 22
6 62
58 46
15 67
12 26
68 21
36 28
28 32
50 6
17 26
29 21
31 5
66 34
47 25
56 30
6 13
15 42
17 65
46 19
22 16
13 27
31 23
29 66
18 9
59 23
51 54
49 45
30 36
31 53
41 15
63 39
66 57
65 19
13 49
59 60
24 36
54 40
13 51
34 63
10 19
68 4
45 4
48 34
44 63
66 9
59 58
35 11
39 28
1 18
10 31
20 9
5 66
2 16
48 69
5 2
13 7
56 10
54 65
1 15
27 46
44 65
66 53
30 54
34 21
61 7
67 35
70 156
43 63
32 70
13 70
9 50
25 26
49 69
55 43
10 11
40 8
49 36
19 39
52 36
56 57
19 8
42 64
29 42
15 62
19 44
31 57
4 57
46 63
47 1
67 50
60 21
31 34
6 7
22 13
52 46
8 54
41 17
34 45
1 56
61 16
28 69
4 8
40 6
1 66
57 45
12 67
23 29
2 59
28 6
2 14
67 59
65 22
35 11
32 12
31 55
57 44
7 29
48 12
56 44
38 34
43 38
3 1
28 60
29 24
56 64
43 42
17 15
56 32
22 38
26 32
53 57
1 55
29 35
1 7
27 59
31 50
25 47
35 6
52 57
46 38
64 2
41 38
55 40
54 22
67 68
34 64
43 39
47 41
51 63
45 25
61 15
3 22
40 50
34 40
10 51
70 8
3 11
55 24
69 14
69 56
70 36
36 11
59 53
65 36
38 39
35 15
9 68
27 5
32 63
62 64
31 67
15 2
19 41
17 55
70 16
21 18
63 6
37 42
67 35
62 19
37 10
64 61
5 50
9 22
32 38
29 3
31 4
33 4
51 24
62 10
44 47
57 26
47 20
27 64
33 44
1 16
4 50
4 59
13 56
40 39
47 4
1 69
51 57
3 36
13 45
7 18
23 49
53 7
48 68
70 62
11 56
16 8
3 34
27 26
24 27
22 53
25 12
56 34
36 21
34 21
5 48
30 14
56 43
70 157
25 17
56 30
23 34
35 27
67 44
33 11
11 1
35 36
28 57
65 30
16 2
49 68
55 48
69 58
15 65
26 46
68 55
65 64
66 35
24 5
33 50
68 54
66 16
46 60
59 22
45 1
46 11
30 46
70 48
60 64
21 25
12 13
55 57
70 24
5 1
46 42
29 42
59 48
41 18
10 21
64 3
65 21
14 3
23 21
28 35
36 14
13 18
6 50
43 12
44 18
61 59
33 26
41 1
29 49
22 56
11 58
66 28
39 34
57 52
56 54
57 7
63 70
52 38
11 9
38 70
67 3
20 34
27 53
56 67
67 33
37 41
61 20
11 57
24 19
47 67
35 48
7 24
57 61
18 17
70 29
5 43
59 3
40 33
61 14
41 6
35 19
66 56
59 58
48 4
6 5
38 27
45 34
13 47
49 6
22 6
24 61
8 51
43 3
59 69
64 30
16 26
17 28
64 54
52 35
21 5
47 63
65 18
6 44
26 51
53 36
36 13
55 18
30 31
64 17
56 37
26 69
47 9
19 33
2 58
3 50
60 5
58 6
69 35
5 49
7 60
5 54
50 48
70 44
43 39
49 32
23 7
48 25
62 18
32 57
7 51
54 1
39 52
31 26
29 13
66 55
69 7
22 69
67 23
35 1
48 32
16 68
22 8
59 67
13 20
8 42
22 9
23 6
4 23
55 41
48 34
59 52
36 37
70 158
5 14
34 11
52 63
4 70
14 26
44 35
43 62
37 46
52 45
24 41
31 3
39 16
16 65
49 21
38 39
35 56
67 13
7 66
6 10
41 60
22 38
11 14
21 63
64 38
18 31
35 54
55 47
68 56
8 52
5 24
1 15
43 19
56 54
9 8
47 13
55 34
42 3
7 5
40 6
39 48
1 44
8 46
34 5
65 9
53 52
52 3
24 65
46 65
66 29
58 26
15 64
70 46
21 62
41 3
50 62
21 48
7 48
54 18
33 29
28 57
12 10
6 69
3 7
26 4
59 6
46 4
19 6
46 33
32 38
2 35
31 58
41 23
59 43
28 49
9 45
16 59
16 40
47 20
55 61
17 60
21 22
56 28
45 41
69 51
58 1
27 70
67 5
53 11
19 20
27 10
52 35
45 62
45 22
23 9
48 11
43 37
47 65
66 20
2 60
20 61
61 7
15 17
13 2
12 41
33 9
33 56
66 13
3 32
10 39
21 2
14 41
24 70
47 45
43 64
7 65
63 54
18 41
51 35
32 16
68 51
44 20
2 1
13 21
6 23
2 6
65 11
13 12
28 39
33 42
51 64
33 32
57 55
63 57
46 40
56 55
57 20
18 2
39 65
3 56
56 18
8 26
32 21
17 36
65 51
21 10
17 65
37 18
54 16
35 26
32 13
60 12
37 50
16 42
39 58
10 16
46 3
38 14
41 35
70 159
29 66
69 3
47 11
42 55
36 56
47 2
15 13
70 37
36 26
65 3
31 43
54 60
14 27
15 70
46 28
36 62
31 34
45 30
2 17
70 29
46 3
8 3
5 55
7 62
15 56
29 7
16 36
15 39
62 45
48 61
39 26
10 53
29 37
62 22
66 22
43 20
70 50
37 1
25 54
6 28
64 23
39 21
33 58
60 8
36 46
36 66
10 23
23 19
48 1
7 22
50 25
56 1
57 54
51 10
32 42
67 1
6 22
47 27
57 6
4 7
37 68
13 36
24 39
18 40
6 26
6 43
2 52
12 32
48 36
46 43
10 69
6 15
13 43
30 1
47 8
46 57
22 16
21 29
5 23
48 3
8 51
20 40
22 26
62 12
35 16
22 20
66 32
41 1
64 46
39 8
21 9
20 28
5 46
65 59
64 56
24 18
20 64
14 48
41 22
38 53
20 63
53 52
69 52
13 10
19 4
29 60
69 45
58 61
46 35
54 13
64 67
29 45
1 45
4 12
43 14
69 17
26 41
12 46
7 23
3 32
48 68
63 64
53 45
41 50
9 52
27 43
68 62
4 66
2 68
12 1
64 14
68 53
4 21
37 22
15 28
29 12
53 64
26 20
49 39
57 37
9 38
56 53
40 53
19 44
64 21
2 56
48 31
55 57
34 33
10 55
56 18
38 64
27 28
54 48
54 69
43 5
59 30
1 63
27 61
70 160
46 18
36 26
38 24
3 40
59 51
68 27
31 57
24 58
6 20
42 20
61 14
55 51
20 55
59 4
66 17
69 40
51 52
18 26
70 63
51 26
34 56
6 53
35 70
38 28
36 70
40 51
39 16
57 44
66 8
53 28
31 17
9 56
22 44
22 17
51 25
20 66
14 6
37 45
30 62
14 63
44 7
25 59
48 64
6 4
22 21
60 34
36 31
34 66
22 29
42 46
43 51
10 59
22 27
66 59
36 41
52 21
62 19
67 62
34 57
26 24
28 15
54 55
55 68
64 56
29 36
30 41
38 18
28 69
67 48
63 58
66 22
16 21
31 56
5 64
21 19
14 54
24 14
49 69
61 66
45 46
61 5
27 28
48 16
62 39
27 32
57 37
57 22
29 30
34 36
16 14
34 53
62 52
28 12
38 16
13 65
47 69
28 11
36 28
55 14
64 57
19 41
27 59
61 59
65 18
32 1
3 64
27 41
25 54
26 4
58 23
65 36
22 24
45 20
34 47
17 58
2 42
32 15
29 3
15 46
40 26
30 14
1 60
29 60
20 54
33 59
11 40
60 2
25 23
60 13
53 39
7 8
6 70
19 48
24 44
49 26
1 33
32 33
56 10
26 42
5 13
18 22
68 15
27 62
45 38
35 16
61 33
33 40
35 48
26 45
56 61
38 21
42 14
13 9
36 38
3 52
45 67
50 54
40 24
27 7
38 15
70 161
31 18
3 59
25 42
55 11
57 18
43 51
45 21
8 17
33 69
27 13
67 46
15 31
67 43
69 70
21 60
70 57
1 38
56 9
20 2
44 65
45 12
24 63
40 51
19 61
49 6
13 1
41 32
38 56
33 59
61 17
28 9
32 66
25 27
35 1
46 30
24 21
57 5
27 45
23 11
30 54
51 67
16 67
17 13
29 10
67 41
64 15
36 40
48 49
2 40
53 27
1 50
2 18
35 54
27 26
67 45
66 50
66 60
66 38
46 27
69 10
68 54
34 68
39 13
1 64
16 64
56 15
38 16
45 44
63 46
26 62
29 36
33 37
63 39
4 30
29 55
28 42
30 41
46 4
50 34
1 40
41 50
63 59
58 61
17 21
16 43
13 4
7 50
9 58
33 57
43 62
11 29
17 5
30 27
1 67
65 62
60 67
16 25
18 41
3 2
48 56
25 67
4 18
55 42
28 21
14 6
32 38
56 44
28 39
62 36
18 69
19 31
6 17
33 52
19 6
48 9
36 53
47 40
50 36
7 1
36 9
20 51
60 49
20 57
59 10
6 18
34 55
44 50
51 24
38 47
69 30
27 61
28 47
38 37
28 1
60 32
42 21
37 23
42 46
52 43
57 1
45 24
35 56
24 61
52 5
66 12
9 30
58 16
60 42
48 27
24 3
33 34
40 21
61 68
58 19
44 10
4 38
20 11
38 12
1 54
62 40
46 48
70 162
25 61
57 48
61 15
38 6
4 38
8 14
46 7
31 32
43 12
64 62
67 70
12 36
26 55
15 6
8 59
40 32
2 26
7 1
43 26
15 62
68 43
46 50
52 9
33 57
30 70
67 3
25 31
61 46
54 69
24 65
49 13
29 56
57 49
52 23
35 69
31 53
46 12
35 39
22 58
59 48
27 52
2 3
11 61
22 54
5 16
39 31
53 29
51 7
36 48
4 10
45 37
70 64
43 66
44 68
18 26
19 25
17 69
65 56
59 65
36 70
49 67
31 18
46 29
13 15
57 28
35 65
19 41
43 3
48 21
50 47
40 16
55 3
12 65
1 13
43 24
18 15
20 33
27 1
6 47
57 59
9 38
24 67
67 38
46 47
16 3
63 69
44 7
64 45
43 44
23 61
70 18
17 36
16 50
34 19
50 7
69 24
8 26
20 52
56 46
52 8
50 28
30 45
55 36
65 52
57 6
38 64
58 56
30 26
51 38
15 35
33 44
38 39
15 4
40 11
57 40
47 65
2 19
40 69
27 12
69 52
27 61
40 18
58 40
25 22
65 31
15 66
53 35
4 21
67 36
40 20
10 15
34 40
15 38
29 55
48 38
18 5
25 10
13 42
47 55
43 42
67 12
23 29
4 42
6 49
48 3
14 20
46 28
5 15
16 1
52 6
28 23
66 41
55 43
69 38
56 2
11 70
55 1
14 23
64 5
5 46
14 29
39 19
70 163
62 10
46 23
39 62
46 41
58 9
9 55
53 12
30 34
25 48
47 7
7 33
18 32
21 28
26 43
64 54
66 31
39 14
40 26
58 15
16 60
11 67
20 52
61 3
44 10
17 66
3 22
19 8
22 21
37 18
18 34
11 69
41 4
55 29
14 31
68 18
15 20
1 47
49 56
42 62
33 40
14 58
70 60
31 18
16 45
68 45
21 23
26 36
29 4
61 14
1 50
3 62
14 22
36 19
37 68
3 40
14 18
32 21
60 50
66 11
65 16
4 60
36 44
46 39
31 26
69 43
65 27
8 46
24 22
46 45
62 43
56 7
31 30
48 58
20 6
66 35
26 58
12 70
47 24
40 45
66 14
45 32
25 30
13 44
31 35
18 7
69 2
2 36
68 66
48 43
17 1
69 4
33 19
58 65
64 30
26 64
34 39
26 69
15 41
42 55
36 65
15 40
25 20
11 4
33 38
62 49
28 62
30 35
18 62
53 31
9 34
5 19
40 14
49 57
38 69
38 57
9 61
37 11
57 11
46 2
61 38
67 59
50 31
37 47
29 1
12 17
60 31
15 50
66 65
51 49
19 17
19 2
65 24
2 7
67 44
17 63
31 68
22 54
40 48
60 37
41 57
70 6
68 69
59 63
48 41
27 50
43 33
20 7
27 29
37 51
26 67
30 26
16 5
38 27
17 43
51 32
70 53
40 60
47 66
50 64
25 56
51 53
20 42
59 48
70 164
5 62
21 32
36 39
48 24
3 21
13 22
63 29
45 61
56 8
32 26
20 1
65 19
62 11
64 3
42 55
49 21
23 29
68 26
6 64
23 59
68 2
31 68
38 29
18 62
70 34
31 20
56 62
57 55
58 4
10 31
56 65
13 1
52 33
31 53
4 30
35 39
42 65
16 45
8 29
47 35
21 8
65 6
65 29
65 9
69 31
63 37
4 11
14 10
11 48
70 7
3 44
17 5
46 43
31 19
51 7
35 31
29 41
62 61
22 8
53 22
42 40
27 21
1 45
56 68
46 24
1 38
57 10
56 70
3 47
67 45
61 22
13 51
7 63
25 64
65 1
45 17
65 47
47 28
50 57
15 9
21 63
3 46
50 52
53 36
60 42
16 9
2 23
11 34
43 69
1 25
52 1
12 3
7 21
16 22
69 63
17 16
8 51
46 60
11 2
50 7
43 19
36 12
46 4
31 60
50 42
13 29
7 1
12 51
54 66
50 66
64 20
1 22
51 62
41 53
50 21
32 23
7 20
24 23
62 58
11 37
27 38
60 66
55 27
53 16
50 41
56 34
54 51
69 46
41 52
25 69
35 67
40 46
64 30
10 59
26 57
52 70
66 30
37 18
45 24
20 14
3 29
69 66
65 32
68 36
24 65
12 28
49 66
70 39
65 44
35 49
33 44
67 58
3 31
25 26
51 10
24 53
57 46
21 18
64 21
59 36
12 8
2 3
66 27
22 41
70 165
7 32
56 27
44 28
20 36
17 65
44 15
35 69
4 42
4 8
48 21
61 64
45 37
19 18
35 15
55 59
50 48
64 58
48 7
9 26
64 6
3 60
42 44
49 62
65 10
66 22
54 57
9 63
52 32
31 64
38 39
51 22
63 36
13 47
50 3
22 16
51 43
14 37
47 27
70 4
35 53
67 10
40 41
41 66
48 28
33 27
21 34
62 3
70 23
6 31
33 18
20 14
26 4
38 23
27 52
48 57
7 25
31 13
36 68
11 70
28 50
61 27
15 42
13 19
68 4
60 36
24 62
45 60
8 35
19 15
25 36
63 15
65 66
59 44
59 46
2 50
50 68
64 16
54 46
1 61
15 16
20 61
11 31
42 29
55 21
22 34
62 50
9 47
1 48
46 33
33 62
62 31
24 22
10 4
54 29
21 4
53 21
23 7
57 51
58 21
28 55
14 6
64 51
18 7
64 19
64 70
68 8
14 65
2 35
46 5
58 40
9 19
54 30
48 26
42 11
20 42
18 28
54 25
40 48
29 46
27 35
40 27
61 58
46 21
34 70
21 23
18 24
21 67
50 21
70 43
12 23
61 32
16 28
27 43
37 5
25 19
8 67
56 41
8 59
45 41
20 22
19 44
60 63
14 27
57 68
57 23
46 26
9 5
16 52
30 1
60 50
50 25
51 42
44 64
12 20
55 10
53 50
48 33
15 25
43 5
14 13
68 20
62 28
51 29
41 47
10 6
70 166
54 65
66 25
27 52
16 30
1 6
46 21
12 13
18 65
25 8
29 70
39 7
63 28
5 46
53 46
52 59
34 68
62 46
23 1
24 53
19 11
9 61
26 60
32 69
48 22
48 23
15 1
69 11
66 8
57 34
53 63
60 31
23 46
64 69
30 40
31 53
48 41
70 39
2 55
18 31
63 58
68 27
38 70
10 65
70 2
3 31
12 10
64 29
20 24
37 26
33 68
2 51
9 64
60 35
65 21
7 54
69 1
36 64
35 36
23 63
57 8
26 4
38 66
68 10
1 9
24 8
42 29
66 47
58 2
31 8
22 12
69 34
70 62
15 25
63 52
12 58
49 48
5 66
52 47
10 29
42 23
37 60
66 65
63 1
11 57
55 11
31 59
4 29
27 65
10 69
68 70
23 3
54 59
32 27
48 53
32 54
50 10
17 16
37 2
48 8
12 29
9 2
59 43
43 44
61 23
32 66
22 5
56 64
64 53
67 35
64 6
39 19
21 1
62 16
22 54
23 21
54 43
40 48
36 4
61 62
4 59
22 33
70 20
57 59
59 27
7 14
28 60
62 19
31 5
26 54
37 6
6 10
4 56
18 32
26 3
15 31
68 60
38 60
13 11
12 55
63 43
41 70
16 18
57 47
39 8
2 10
11 49
56 19
7 21
57 31
16 32
21 49
35 7
30 49
50 64
34 2
41 49
14 43
52 51
34 15
9 34
40 9
20 67
62 9
8 22
35 13
38 27
70 167
57 43
23 51
48 49
62 13
49 23
30 52
56 38
21 42
56 40
69 13
59 8
16 69
60 22
56 18
23 9
5 57
22 51
66 2
19 35
30 24
65 31
41 3
61 64
5 62
1 49
54 6
44 68
40 51
39 3
39 35
33 57
65 64
17 30
6 17
15 39
9 45
7 1
41 63
33 54
2 51
4 11
30 2
49 36
43 54
21 44
35 12
61 58
41 29
57 23
66 42
39 26
36 45
69 26
33 51
61 23
19 11
58 17
18 47
45 67
31 39
67 16
10 34
4 41
5 19
67 21
66 67
66 27
26 2
26 48
6 8
41 30
10 69
41 12
22 21
20 14
27 50
49 13
46 50
20 54
38 49
50 41
9 13
48 52
40 2
46 47
67 33
56 42
70 27
31 28
36 57
63 32
19 70
3 9
44 70
49 40
25 62
29 16
26 22
48 59
58 62
64 31
60 11
10 39
70 11
16 18
27 61
24 25
46 45
52 65
8 34
65 11
39 63
39 25
54 56
53 54
46 25
64 51
10 62
21 15
32 3
17 26
54 23
31 55
17 36
11 29
49 53
51 43
70 6
33 2
24 35
22 33
37 31
14 68
16 27
41 15
63 29
54 45
15 26
16 57
51 32
18 9
9 65
9 56
33 9
20 2
4 66
17 51
31 8
23 52
11 40
24 15
11 54
25 41
68 32
66 9
28 44
21 48
55 54
42 13
16 5
42 1
47 26
1 9
16 65
5 51
23 27
70 7
70 168
13 10
64 70
3 30
70 13
56 2
23 47
21 65
50 44
61 41
14 46
19 16
43 58
24 15
43 48
23 38
4 50
43 34
38 48
22 16
31 69
50 56
28 41
58 40
1 32
51 7
11 15
3 34
9 10
29 40
8 11
50 18
55 54
39 50
69 36
24 23
13 29
60 3
48 17
61 58
4 5
37 38
7 64
36 56
31 65
22 23
26 32
57 42
39 57
18 54
19 1
43 25
11 38
68 50
42 62
43 49
47 13
57 18
3 37
40 67
51 57
35 60
70 36
46 63
67 38
65 10
18 21
62 5
13 22
8 35
57 66
61 36
21 2
3 50
32 35
32 70
67 31
48 70
59 36
50 51
3 2
68 23
16 64
7 65
14 58
65 12
24 55
17 8
23 40
65 8
63 2
16 42
29 38
59 55
55 61
26 11
60 15
49 36
60 29
29 6
26 34
61 69
15 6
29 58
50 42
19 8
12 13
64 5
18 49
32 12
52 41
64 13
17 4
2 45
59 27
14 57
12 44
44 38
63 69
36 46
45 62
16 47
26 65
17 9
67 50
70 67
67 68
57 44
37 1
19 41
7 18
34 70
5 69
13 63
26 30
66 62
8 47
60 19
5 16
22 17
42 37
32 63
61 16
34 29
1 35
12 46
29 35
18 22
29 32
66 69
14 6
24 64
16 7
13 19
43 10
48 31
43 56
63 6
36 65
36 18
21 53
63 60
57 35
57 58
39 61
29 7
29 18
38 34
14 50
70 169
31 56
16 57
41 57
16 35
48 23
9 50
56 57
22 8
36 28
55 27
48 5
69 70
47 12
19 11
12 7
14 55
70 60
52 12
30 37
69 32
58 36
4 68
38 49
43 68
17 10
46 9
7 66
17 48
3 1
33 52
65 10
1 45
10 62
61 3
4 12
1 14
5 34
21 68
63 31
41 64
1 18
58 26
20 12
59 66
62 30
67 36
62 60
46 8
62 40
61 57
32 6
59 24
58 14
61 54
30 32
14 9
18 2
4 15
56 43
63 11
38 67
1 15
50 4
11 58
49 48
39 13
47 37
60 5
30 31
20 51
3 64
57 17
45 34
5 4
24 56
49 44
3 53
59 37
69 10
29 40
18 61
45 37
10 47
45 19
24 53
34 33
28 65
49 24
29 61
7 36
43 20
28 18
52 17
10 23
40 68
35 46
50 54
31 33
38 9
34 27
56 6
7 48
55 44
55 24
4 51
17 15
26 19
63 44
28 20
51 37
63 20
42 50
34 8
19 60
20 25
8 7
26 67
55 63
36 52
64 48
44 42
67 35
16 68
25 21
61 27
49 11
56 4
51 25
53 69
54 2
41 22
36 31
42 67
63 41
15 25
66 50
2 66
65 43
46 38
28 60
19 29
16 12
19 8
10 60
20 33
43 17
23 16
14 21
40 11
3 70
38 13
52 56
60 8
47 1
70 56
44 43
1 12
15 11
42 31
32 51
8 25
17 30
61 39
52 47
16 38
52 62
70 27
69 41
33 22
70 170
25 9
60 11
15 69
4 68
70 56
5 4
16 23
22 31
36 9
21 20
66 70
70 42
62 53
46 15
20 2
59 70
41 40
38 16
2 26
1 17
10 61
29 1
50 14
35 19
19 21
16 35
57 21
8 66
69 23
60 7
58 31
13 61
3 32
51 65
14 23
54 45
18 12
70 16
38 37
14 48
11 67
9 13
28 11
5 66
66 12
23 59
10 12
67 61
52 61
61 64
58 44
28 42
60 12
56 3
29 23
44 41
7 56
6 25
24 31
39 65
62 1
35 52
13 51
70 21
30 57
39 26
43 27
54 30
17 30
26 34
9 46
52 20
45 44
40 14
36 25
44 16
7 40
61 28
17 25
37 70
64 50
23 27
7 33
68 37
38 62
39 60
51 24
3 21
23 31
9 61
61 69
41 68
45 67
37 15
44 13
13 57
68 69
35 4
36 39
27 48
52 53
37 18
6 47
57 40
6 12
48 42
55 62
46 4
50 52
51 2
65 2
38 2
28 16
8 34
67 5
8 51
18 46
66 44
64 21
33 9
2 33
54 13
40 66
21 65
61 5
56 59
49 30
40 49
49 18
25 11
46 57
7 63
19 20
6 17
53 66
58 4
7 41
49 16
11 48
48 2
62 25
31 37
69 40
11 22
10 44
50 46
11 49
59 10
1 69
22 10
12 41
9 51
15 32
21 43
47 68
29 5
8 44
61 60
65 66
4 41
54 68
64 11
15 61
52 15
15 12
19 11
43 67
6 69
69 10
28 57
