70 111
12 14
12 66
14 66
14 57
14 15
57 15
57 43
57 5
43 5
43 37
43 31
37 31
37 12
37 32
12 32
47 12
47 29
47 44
29 44
29 30
29 27
30 27
30 70
30 13
70 13
70 68
70 46
68 46
68 47
68 59
47 59
41 47
41 20
41 60
20 60
20 50
20 3
50 3
50 45
50 52
45 52
45 8
45 65
8 65
8 41
8 67
41 67
7 41
7 22
7 28
22 28
22 38
22 69
38 69
38 10
38 6
10 6
10 42
10 49
42 49
42 7
42 4
7 4
62 47
62 16
62 48
16 48
16 11
16 58
11 58
11 39
11 51
39 51
39 23
39 24
23 24
23 62
23 19
62 19
21 47
21 40
21 9
40 9
40 54
40 53
54 53
54 61
54 55
61 55
61 36
61 18
36 18
36 21
36 17
21 17
2 47
2 25
2 35
25 35
25 26
25 63
26 63
26 34
26 1
34 1
34 56
34 64
56 64
56 2
56 33
2 33
70 111
51 1
51 60
1 60
1 45
1 70
45 70
45 50
45 46
50 46
50 30
50 61
30 61
30 51
30 41
51 41
33 51
33 64
33 13
64 13
64 53
64 14
53 14
53 7
53 3
7 3
7 62
7 52
62 52
62 33
62 12
33 12
24 33
24 32
24 8
32 8
32 58
32 2
58 2
58 36
58 15
36 15
36 66
36 42
66 42
66 24
66 56
24 56
49 51
49 34
49 28
34 28
34 25
34 23
25 23
25 6
25 54
6 54
6 35
6 10
35 10
35 49
35 31
49 31
69 51
69 9
69 57
9 57
9 4
9 59
4 59
4 5
4 67
5 67
5 38
5 16
38 16
38 69
38 37
69 37
27 24
27 22
27 18
22 18
22 20
22 43
20 43
20 26
20 55
26 55
26 68
26 29
68 29
68 27
68 11
27 11
40 51
40 21
40 47
21 47
21 19
21 39
19 39
19 48
19 17
48 17
48 65
48 63
65 63
65 40
65 44
40 44
70 111
59 27
59 37
27 37
27 6
27 44
6 44
6 29
6 28
29 28
29 1
29 55
1 55
1 59
1 21
59 21
51 59
51 38
51 18
38 18
38 5
38 23
5 23
5 8
5 39
8 39
8 40
8 30
40 30
40 51
40 68
51 68
7 59
7 32
7 69
32 69
32 70
32 50
70 50
70 60
70 67
60 67
60 13
60 53
13 53
13 7
13 3
7 3
54 51
54 15
54 14
15 14
15 12
15 20
12 20
12 45
12 56
45 56
45 19
45 17
19 17
19 54
19 10
54 10
65 54
65 22
65 35
22 35
22 57
22 25
57 25
57 41
57 43
41 43
41 66
41 11
66 11
66 65
66 26
65 26
61 54
61 47
61 48
47 48
47 52
47 31
52 31
52 62
52 63
62 63
62 46
62 64
46 64
46 61
46 42
61 42
2 51
2 16
2 9
16 9
16 24
16 33
24 33
24 58
24 36
58 36
58 4
58 49
4 49
4 2
4 34
2 34
70 111
17 28
17 41
28 41
28 62
28 33
62 33
62 66
62 19
66 19
66 61
66 64
61 64
61 17
61 7
17 7
2 17
2 4
2 9
4 9
4 60
4 21
60 21
60 46
60 42
46 42
46 13
46 6
13 6
13 2
13 37
2 37
58 17
58 43
58 18
43 18
43 54
43 23
54 23
54 67
54 45
67 45
67 59
67 22
59 22
59 58
59 35
58 35
32 58
32 38
32 55
38 55
38 48
38 14
48 14
48 65
48 39
65 39
65 56
65 12
56 12
56 32
56 36
32 36
3 17
3 8
3 63
8 63
8 27
8 29
27 29
27 26
27 15
26 15
26 49
26 5
49 5
49 3
49 50
3 50
11 2
11 10
11 24
10 24
10 40
10 20
40 20
40 53
40 44
53 44
53 31
53 51
31 51
31 11
31 30
11 30
47 58
47 70
47 69
70 69
70 52
70 1
52 1
52 68
52 25
68 25
68 57
68 34
57 34
57 47
57 16
47 16
70 111
17 69
17 65
69 65
69 49
69 42
49 42
49 67
49 4
67 4
67 54
67 20
54 20
54 17
54 26
17 26
68 17
68 43
68 11
43 11
43 47
43 34
47 34
47 53
47 35
53 35
53 51
53 31
51 31
51 68
51 19
68 19
57 17
57 70
57 40
70 40
70 13
70 3
13 3
13 39
13 45
39 45
39 6
39 59
6 59
6 57
6 58
57 58
9 68
9 41
9 33
41 33
41 5
41 25
5 25
5 52
5 21
52 21
52 10
52 12
10 12
10 9
10 64
9 64
56 68
56 66
56 23
66 23
66 50
66 2
50 2
50 18
50 44
18 44
18 37
18 63
37 63
37 56
37 16
56 16
14 9
14 60
14 46
60 46
60 7
60 38
7 38
7 28
7 1
28 1
28 8
28 22
8 22
8 14
8 48
14 48
32 14
32 30
32 62
30 62
30 15
30 36
15 36
15 24
15 29
24 29
24 27
24 55
27 55
27 32
27 61
32 61
70 111
64 20
64 5
20 5
20 14
20 29
14 29
14 39
14 6
39 6
39 12
39 40
12 40
12 64
12 9
64 9
35 64
35 33
35 13
33 13
33 69
33 17
69 17
69 38
69 1
38 1
38 67
38 45
67 45
67 35
67 68
35 68
56 64
56 36
56 23
36 23
36 10
36 44
10 44
10 58
10 37
58 37
58 62
58 70
62 70
62 56
62 19
56 19
59 35
59 49
59 22
49 22
49 31
49 65
31 65
31 61
31 27
61 27
61 34
61 4
34 4
34 59
34 3
59 3
28 64
28 21
28 18
21 18
21 55
21 8
55 8
55 25
55 15
25 15
25 51
25 30
51 30
51 28
51 43
28 43
26 28
26 32
26 7
32 7
32 46
32 2
46 2
46 50
46 57
50 57
50 24
50 42
24 42
24 26
24 53
26 53
48 35
48 41
48 16
41 16
41 63
41 54
63 54
63 52
63 11
52 11
52 60
52 66
60 66
60 48
60 47
48 47
70 111
63 10
63 23
10 23
10 37
10 60
37 60
37 68
37 13
68 13
68 28
68 29
28 29
28 63
28 8
63 8
25 63
25 6
25 39
6 39
6 44
6 51
44 51
44 62
44 57
62 57
62 35
62 32
35 32
35 25
35 36
25 36
24 63
24 65
24 54
65 54
65 53
65 27
53 27
53 70
53 16
70 16
70 43
70 48
43 48
43 24
43 61
24 61
38 24
38 3
38 34
3 34
3 22
3 5
22 5
22 45
22 58
45 58
45 12
45 46
12 46
12 38
12 33
38 33
2 38
2 47
2 40
47 40
47 49
47 66
49 66
49 7
49 26
7 26
7 20
7 21
20 21
20 2
20 67
2 67
52 63
52 30
52 4
30 4
30 55
30 31
55 31
55 59
55 50
59 50
59 11
59 9
11 9
11 52
11 1
52 1
42 25
42 64
42 15
64 15
64 19
64 17
19 17
19 69
19 56
69 56
69 14
69 18
14 18
14 42
14 41
42 41
70 111
23 31
23 58
31 58
31 55
31 65
55 65
55 50
55 4
50 4
50 48
50 41
48 41
48 23
48 2
23 2
11 23
11 46
11 12
46 12
46 61
46 5
61 5
61 45
61 33
45 33
45 20
45 26
20 26
20 11
20 64
11 64
53 23
53 37
53 25
37 25
37 51
37 42
51 42
51 36
51 68
36 68
36 39
36 49
39 49
39 53
39 3
53 3
10 23
10 22
10 70
22 70
22 35
22 69
35 69
35 30
35 19
30 19
30 13
30 17
13 17
13 10
13 52
10 52
34 53
34 63
34 29
63 29
63 57
63 14
57 14
57 24
57 66
24 66
24 47
24 59
47 59
47 34
47 62
34 62
21 11
21 16
21 32
16 32
16 9
16 56
9 56
9 6
9 18
6 18
6 67
6 38
67 38
67 21
67 28
21 28
1 53
1 44
1 43
44 43
44 27
44 7
27 7
27 8
27 54
8 54
8 60
8 15
60 15
60 1
60 40
1 40
70 111
6 67
6 11
67 11
67 14
67 27
14 27
14 37
14 52
37 52
37 43
37 69
43 69
43 6
43 17
6 17
23 6
23 45
23 15
45 15
45 55
45 46
55 46
55 28
55 59
28 59
28 65
28 63
65 63
65 23
65 21
23 21
9 6
9 10
9 49
10 49
10 31
10 13
31 13
31 1
31 26
1 26
1 68
1 38
68 38
68 9
68 61
9 61
16 9
16 20
16 60
20 60
20 7
20 19
7 19
7 54
7 4
54 4
54 42
54 51
42 51
42 16
42 53
16 53
39 23
39 33
39 34
33 34
33 24
33 18
24 18
24 44
24 48
44 48
44 32
44 66
32 66
32 39
32 2
39 2
56 16
56 25
56 57
25 57
25 64
25 29
64 29
64 35
64 22
35 22
35 30
35 41
30 41
30 56
30 8
56 8
47 39
47 70
47 3
70 3
70 62
70 5
62 5
62 36
62 12
36 12
36 58
36 50
58 50
58 47
58 40
47 40
70 111
48 39
48 17
39 17
39 14
39 27
14 27
14 10
14 29
10 29
10 45
10 59
45 59
45 48
45 24
48 24
37 48
37 57
37 20
57 20
57 54
57 36
54 36
54 7
54 11
7 11
7 21
7 26
21 26
21 37
21 55
37 55
12 37
12 3
12 6
3 6
3 51
3 60
51 60
51 56
51 69
56 69
56 42
56 61
42 61
42 12
42 23
12 23
44 48
44 38
44 70
38 70
38 33
38 32
33 32
33 40
33 63
40 63
40 66
40 53
66 53
66 44
66 13
44 13
50 12
50 31
50 19
31 19
31 25
31 68
25 68
25 67
25 35
67 35
67 5
67 22
5 22
5 50
5 52
50 52
58 12
58 34
58 49
34 49
34 15
34 47
15 47
15 43
15 2
43 2
43 1
43 41
1 41
1 58
1 8
58 8
28 37
28 64
28 30
64 30
64 16
64 9
16 9
16 65
16 18
65 18
65 46
65 62
46 62
46 28
46 4
28 4
70 111
40 36
40 19
36 19
36 68
36 4
68 4
68 34
68 62
34 62
34 56
34 52
56 52
56 40
56 31
40 31
18 40
18 69
18 28
69 28
69 25
69 38
25 38
25 66
25 59
66 59
66 41
66 12
41 12
41 18
41 49
18 49
9 18
9 3
9 5
3 5
3 17
3 30
17 30
17 35
17 64
35 64
35 29
35 53
29 53
29 9
29 37
9 37
58 9
58 20
58 57
20 57
20 11
20 24
11 24
11 15
11 50
15 50
15 60
15 14
60 14
60 58
60 8
58 8
51 18
51 48
51 55
48 55
48 2
48 44
2 44
2 32
2 46
32 46
32 10
32 67
10 67
10 51
10 42
51 42
7 40
7 47
7 70
47 70
47 65
47 39
65 39
65 16
65 54
16 54
16 26
16 23
26 23
26 7
26 63
7 63
6 7
6 61
6 27
61 27
61 13
61 45
13 45
13 33
13 21
33 21
33 1
33 22
1 22
1 6
1 43
6 43
70 111
56 58
56 60
58 60
58 47
58 5
47 5
47 19
47 4
19 4
19 45
19 1
45 1
45 56
45 50
56 50
21 56
21 22
21 29
22 29
22 68
22 51
68 51
68 54
68 49
54 49
54 26
54 44
26 44
26 21
26 38
21 38
69 56
69 66
69 13
66 13
66 7
66 24
7 24
7 6
7 64
6 64
6 32
6 43
32 43
32 69
32 23
69 23
53 56
53 62
53 55
62 55
62 57
62 42
57 42
57 30
57 15
30 15
30 18
30 17
18 17
18 53
18 12
53 12
70 21
70 40
70 34
40 34
40 25
40 35
25 35
25 39
25 3
39 3
39 37
39 36
37 36
37 70
37 61
70 61
33 53
33 46
33 8
46 8
46 11
46 28
11 28
11 14
11 10
14 10
14 52
14 27
52 27
52 33
52 48
33 48
65 70
65 41
65 31
41 31
41 20
41 63
20 63
20 2
20 67
2 67
2 16
2 9
16 9
16 65
16 59
65 59
70 111
18 14
18 4
14 4
14 33
14 23
33 23
33 61
33 68
61 68
61 1
61 41
1 41
1 18
1 2
18 2
69 18
69 17
69 64
17 64
17 46
17 67
46 67
46 38
46 13
38 13
38 59
38 31
59 31
59 69
59 55
69 55
62 18
62 57
62 8
57 8
57 52
57 6
52 6
52 3
52 45
3 45
3 26
3 37
26 37
26 62
26 65
62 65
20 62
20 34
20 40
34 40
34 27
34 24
27 24
27 25
27 29
25 29
25 49
25 11
49 11
49 20
49 22
20 22
48 62
48 44
48 50
44 50
44 12
44 10
12 10
12 7
12 58
7 58
7 66
7 19
66 19
66 48
66 47
48 47
43 20
43 39
43 42
39 42
39 53
39 21
53 21
53 15
53 63
15 63
15 30
15 16
30 16
30 43
30 54
43 54
51 20
51 70
51 60
70 60
70 28
70 5
28 5
28 36
28 32
36 32
36 9
36 56
9 56
9 51
9 35
51 35
70 111
34 33
34 64
33 64
33 6
33 39
6 39
6 44
6 21
44 21
44 8
44 49
8 49
8 34
8 59
34 59
18 34
18 51
18 56
51 56
51 13
51 27
13 27
13 36
13 53
36 53
36 70
36 19
70 19
70 18
70 66
18 66
46 34
46 69
46 54
69 54
69 30
69 26
30 26
30 42
30 20
42 20
42 17
42 3
17 3
17 46
17 62
46 62
31 46
31 24
31 10
24 10
24 61
24 37
61 37
61 14
61 22
14 22
14 5
14 1
5 1
5 31
5 2
31 2
23 31
23 32
23 63
32 63
32 9
32 52
9 52
9 60
9 35
60 35
60 4
60 7
4 7
4 23
4 29
23 29
48 23
48 15
48 43
15 43
15 12
15 55
12 55
12 50
12 58
50 58
50 28
50 38
28 38
28 48
28 57
48 57
41 46
41 40
41 45
40 45
40 16
40 65
16 65
16 25
16 11
25 11
25 67
25 47
67 47
67 41
67 68
41 68
70 111
59 3
59 68
3 68
3 33
3 16
33 16
33 56
33 38
56 38
56 31
56 5
31 5
31 59
31 12
59 12
28 59
28 63
28 15
63 15
63 20
63 29
20 29
20 8
20 45
8 45
8 21
8 32
21 32
21 28
21 39
28 39
58 28
58 64
58 14
64 14
64 34
64 55
34 55
34 70
34 42
70 42
70 25
70 52
25 52
25 58
25 6
58 6
30 28
30 10
30 66
10 66
10 35
10 19
35 19
35 69
35 2
69 2
69 46
69 54
46 54
46 30
46 51
30 51
50 30
50 65
50 11
65 11
65 40
65 53
40 53
40 47
40 41
47 41
47 13
47 26
13 26
13 50
13 22
50 22
1 58
1 60
1 23
60 23
60 37
60 57
37 57
37 24
37 17
24 17
24 44
24 4
44 4
44 1
44 9
1 9
7 50
7 67
7 27
67 27
67 36
67 48
36 48
36 49
36 18
49 18
49 43
49 61
43 61
43 7
43 62
7 62
70 111
38 7
38 18
7 18
7 14
7 69
14 69
14 6
14 32
6 32
6 66
6 3
66 3
66 38
66 47
38 47
11 38
11 46
11 8
46 8
46 16
46 49
16 49
16 21
16 25
21 25
21 65
21 55
65 55
65 11
65 24
11 24
41 38
41 36
41 60
36 60
36 10
36 22
10 22
10 53
10 19
53 19
53 40
53 50
40 50
40 41
40 54
41 54
70 11
70 51
70 61
51 61
51 5
51 45
5 45
5 27
5 2
27 2
27 62
27 31
62 31
62 70
62 56
70 56
44 70
44 9
44 39
9 39
9 17
9 20
17 20
17 34
17 67
34 67
34 37
34 48
37 48
37 44
37 4
44 4
64 41
64 63
64 68
63 68
63 58
63 33
58 33
58 35
58 29
35 29
35 30
35 57
30 57
30 64
30 23
64 23
13 44
13 28
13 12
28 12
28 52
28 59
52 59
52 42
52 43
42 43
42 15
42 1
15 1
15 13
15 26
13 26
70 111
15 25
15 10
25 10
25 30
25 18
30 18
30 6
30 17
6 17
6 11
6 52
11 52
11 15
11 58
15 58
68 15
68 41
68 42
41 42
41 27
41 61
27 61
27 7
27 62
7 62
7 24
7 39
24 39
24 68
24 20
68 20
5 15
5 37
5 57
37 57
37 54
37 26
54 26
54 2
54 55
2 55
2 44
2 40
44 40
44 5
44 59
5 59
65 5
65 29
65 13
29 13
29 1
29 50
1 50
1 35
1 32
35 32
35 53
35 49
53 49
53 65
53 51
65 51
8 15
8 67
8 3
67 3
67 63
67 64
63 64
63 66
63 23
66 23
66 9
66 48
9 48
9 8
9 12
8 12
34 15
34 21
34 22
21 22
21 60
21 14
60 14
60 45
60 46
45 46
45 16
45 38
16 38
16 34
16 36
34 36
31 8
31 19
31 43
19 43
19 28
19 56
28 56
28 47
28 4
47 4
47 70
47 69
70 69
70 31
70 33
31 33
70 111
57 23
57 37
23 37
23 52
23 31
52 31
52 8
52 49
8 49
8 62
8 27
62 27
62 57
62 30
57 30
21 57
21 56
21 53
56 53
56 45
56 20
45 20
45 29
45 55
29 55
29 12
29 2
12 2
12 21
12 67
21 67
14 57
14 35
14 19
35 19
35 32
35 16
32 16
32 38
32 25
38 25
38 18
38 48
18 48
18 14
18 63
14 63
68 14
68 39
68 40
39 40
39 28
39 1
28 1
28 15
28 9
15 9
15 51
15 65
51 65
51 68
51 69
68 69
61 21
61 43
61 36
43 36
43 64
43 3
64 3
64 47
64 7
47 7
47 44
47 34
44 34
44 61
44 10
61 10
42 61
42 66
42 59
66 59
66 5
66 6
5 6
5 13
5 4
13 4
13 26
13 50
26 50
26 42
26 41
42 41
60 57
60 11
60 33
11 33
11 58
11 17
58 17
58 24
58 54
24 54
24 22
24 70
22 70
22 60
22 46
60 46
70 111
2 32
2 49
32 49
32 54
32 64
54 64
54 62
54 22
62 22
62 27
62 9
27 9
27 2
27 35
2 35
25 2
25 41
25 23
41 23
41 5
41 17
5 17
5 58
5 4
58 4
58 63
58 31
63 31
63 25
63 55
25 55
7 25
7 16
7 47
16 47
16 19
16 15
19 15
19 39
19 43
39 43
39 61
39 56
61 56
61 7
61 29
7 29
66 2
66 52
66 20
52 20
52 68
52 46
68 46
68 24
68 67
24 67
24 26
24 57
26 57
26 66
26 38
66 38
34 66
34 53
34 40
53 40
53 37
53 1
37 1
37 44
37 69
44 69
44 6
44 65
6 65
6 34
6 42
34 42
21 7
21 60
21 45
60 45
60 18
60 70
18 70
18 51
18 13
51 13
51 50
51 28
50 28
50 21
50 3
21 3
10 66
10 33
10 36
33 36
33 11
33 59
11 59
11 30
11 48
30 48
30 12
30 14
12 14
12 10
12 8
10 8
70 111
19 5
19 36
5 36
5 53
5 3
53 3
53 38
53 44
38 44
38 52
38 57
52 57
52 19
52 67
19 67
70 19
70 64
70 6
64 6
64 62
64 16
62 16
62 55
62 46
55 46
55 12
55 9
12 9
12 70
12 26
70 26
17 70
17 50
17 61
50 61
50 60
50 24
60 24
60 68
60 49
68 49
68 54
68 40
54 40
54 17
54 4
17 4
14 17
14 13
14 23
13 23
13 56
13 66
56 66
56 25
56 33
25 33
25 59
25 35
59 35
59 14
59 28
14 28
7 19
7 32
7 20
32 20
32 47
32 2
47 2
47 45
47 11
45 11
45 42
45 48
42 48
42 7
42 41
7 41
31 70
31 15
31 65
15 65
15 21
15 34
21 34
21 8
21 63
8 63
8 18
8 69
18 69
18 31
18 27
31 27
43 19
43 22
43 39
22 39
22 10
22 37
10 37
10 58
10 51
58 51
58 29
58 1
29 1
29 43
29 30
43 30
70 111
46 26
46 27
26 27
26 35
26 41
35 41
35 2
35 4
2 4
2 37
2 28
37 28
37 46
37 29
46 29
12 46
12 23
12 65
23 65
23 48
23 64
48 64
48 24
48 59
24 59
24 49
24 56
49 56
49 12
49 16
12 16
69 12
69 39
69 57
39 57
39 54
39 53
54 53
54 33
54 40
33 40
33 62
33 30
62 30
62 69
62 6
69 6
13 46
13 63
13 34
63 34
63 10
63 38
10 38
10 20
10 25
20 25
20 44
20 14
44 14
44 13
44 36
13 36
66 69
66 58
66 45
58 45
58 1
58 61
1 61
1 50
1 19
50 19
50 70
50 55
70 55
70 66
70 18
66 18
7 69
7 43
7 42
43 42
43 31
43 8
31 8
31 5
31 11
5 11
5 21
5 22
21 22
21 7
21 47
7 47
51 12
51 15
51 68
15 68
15 67
15 17
67 17
67 3
67 32
3 32
3 9
3 60
9 60
9 51
9 52
51 52
70 111
64 16
64 4
16 4
16 23
16 56
23 56
23 11
23 18
11 18
11 24
11 29
24 29
24 64
24 43
64 43
66 64
66 53
66 21
53 21
53 69
53 28
69 28
69 39
69 38
39 38
39 67
39 1
67 1
67 66
67 37
66 37
42 64
42 5
42 26
5 26
5 61
5 33
61 33
61 36
61 7
36 7
36 6
36 40
6 40
6 42
6 14
42 14
9 64
9 48
9 60
48 60
48 25
48 68
25 68
25 45
25 17
45 17
45 65
45 3
65 3
65 9
65 44
9 44
47 42
47 57
47 12
57 12
57 51
57 20
51 20
51 54
51 34
54 34
54 52
54 22
52 22
52 47
52 19
47 19
49 66
49 41
49 70
41 70
41 58
41 2
58 2
58 50
58 55
50 55
50 62
50 27
62 27
62 49
62 59
49 59
35 9
35 46
35 30
46 30
46 10
46 32
10 32
10 31
10 8
31 8
31 13
31 15
13 15
13 35
13 63
35 63
70 111
28 29
28 56
29 56
29 64
29 53
64 53
64 67
64 55
67 55
67 60
67 70
60 70
60 28
60 17
28 17
40 28
40 26
40 38
26 38
26 13
26 46
13 46
13 31
13 50
31 50
31 11
31 1
11 1
11 40
11 44
40 44
57 28
57 42
57 61
42 61
42 69
42 51
69 51
69 45
69 59
45 59
45 20
45 24
20 24
20 57
20 47
57 47
15 28
15 36
15 21
36 21
36 66
36 2
66 2
66 30
66 6
30 6
30 25
30 16
25 16
25 15
25 65
15 65
34 15
34 23
34 27
23 27
23 7
23 39
7 39
7 35
7 63
35 63
35 37
35 48
37 48
37 34
37 4
34 4
41 28
41 12
41 8
12 8
12 52
12 68
52 68
52 5
52 33
5 33
5 14
5 32
14 32
14 41
14 3
41 3
19 40
19 49
19 22
49 22
49 18
49 54
18 54
18 58
18 62
58 62
58 9
58 43
9 43
9 19
9 10
19 10
70 111
46 1
46 34
1 34
1 38
1 47
38 47
38 70
38 43
70 43
70 61
70 57
61 57
61 46
61 8
46 8
2 46
2 13
2 35
13 35
13 23
13 14
23 14
23 4
23 65
4 65
4 49
4 16
49 16
49 2
49 67
2 67
52 2
52 33
52 7
33 7
33 22
33 40
22 40
22 25
22 10
25 10
25 48
25 19
48 19
48 52
48 30
52 30
36 2
36 58
36 21
58 21
58 50
58 28
50 28
50 17
50 27
17 27
17 56
17 3
56 3
56 36
56 62
36 62
42 46
42 26
42 12
26 12
26 63
26 53
63 53
63 29
63 37
29 37
29 11
29 60
11 60
11 42
11 51
42 51
31 2
31 18
31 41
18 41
18 54
18 15
54 15
54 69
54 55
69 55
69 45
69 6
45 6
45 31
45 24
31 24
59 31
59 32
59 5
32 5
32 20
32 9
20 9
20 68
20 39
68 39
68 44
68 66
44 66
44 59
44 64
59 64
70 111
53 22
53 64
22 64
22 44
22 17
44 17
44 65
44 55
65 55
65 33
65 26
33 26
33 53
33 56
53 56
54 53
54 24
54 39
24 39
24 36
24 5
36 5
36 41
36 46
41 46
41 1
41 61
1 61
1 54
1 68
54 68
42 53
42 20
42 66
20 66
20 13
20 52
13 52
13 48
13 27
48 27
48 45
48 62
45 62
45 42
45 63
42 63
69 53
69 18
69 29
18 29
18 57
18 32
57 32
57 49
57 2
49 2
49 16
49 37
16 37
16 69
16 10
69 10
6 54
6 28
6 34
28 34
28 38
28 11
38 11
38 7
38 19
7 19
7 31
7 21
31 21
31 6
31 8
6 8
67 42
67 30
67 3
30 3
30 59
30 25
59 25
59 47
59 9
47 9
47 12
47 35
12 35
12 67
12 23
67 23
60 6
60 4
60 58
4 58
4 43
4 15
43 15
43 50
43 14
50 14
50 70
50 51
70 51
70 60
70 40
60 40
70 111
46 70
46 67
70 67
70 30
70 43
30 43
30 65
30 14
65 14
65 38
65 48
38 48
38 46
38 37
46 37
40 46
40 3
40 26
3 26
3 62
3 22
62 22
62 51
62 13
51 13
51 61
51 52
61 52
61 40
61 45
40 45
63 40
63 36
63 18
36 18
36 10
36 58
10 58
10 44
10 6
44 6
44 66
44 53
66 53
66 63
66 29
63 29
11 40
11 34
11 25
34 25
34 54
34 55
54 55
54 68
54 59
68 59
68 4
68 39
4 39
4 11
4 47
11 47
19 40
19 9
19 23
9 23
9 42
9 7
42 7
42 60
42 32
60 32
60 27
60 35
27 35
27 19
27 1
19 1
15 40
15 56
15 21
56 21
56 2
56 17
2 17
2 49
2 64
49 64
49 41
49 16
41 16
41 15
41 24
15 24
33 19
33 28
33 8
28 8
28 57
28 5
57 5
57 50
57 20
50 20
50 31
50 12
31 12
31 33
31 69
33 69
70 111
4 62
4 50
62 50
62 31
62 25
31 25
31 56
31 37
56 37
56 1
56 41
1 41
1 4
1 58
4 58
17 4
17 40
17 55
40 55
40 7
40 69
7 69
7 2
7 49
2 49
2 14
2 59
14 59
14 17
14 68
17 68
8 4
8 32
8 36
32 36
32 53
32 30
53 30
53 18
53 28
18 28
18 60
18 24
60 24
60 8
60 46
8 46
33 17
33 64
33 47
64 47
64 54
64 63
54 63
54 48
54 38
48 38
48 13
48 42
13 42
13 33
13 12
33 12
44 33
44 23
44 20
23 20
23 34
23 43
34 43
34 16
34 52
16 52
16 26
16 6
26 6
26 44
26 67
44 67
65 4
65 11
65 61
11 61
11 27
11 19
27 19
27 22
27 15
22 15
22 39
22 29
39 29
39 65
39 9
65 9
51 44
51 21
51 70
21 70
21 5
21 35
5 35
5 66
5 10
66 10
66 3
66 57
3 57
3 51
3 45
51 45
70 111
18 31
18 43
31 43
31 29
31 66
29 66
29 67
29 16
67 16
67 42
67 69
42 69
42 18
42 24
18 24
32 18
32 1
32 25
1 25
1 4
1 57
4 57
4 10
4 20
10 20
10 50
10 13
50 13
50 32
50 33
32 33
62 18
62 52
62 46
52 46
52 45
52 53
45 53
45 22
45 12
22 12
22 41
22 36
41 36
41 62
41 2
62 2
65 18
65 5
65 19
5 19
5 26
5 68
26 68
26 70
26 9
70 9
70 56
70 60
56 60
56 65
56 23
65 23
51 65
51 27
51 35
27 35
27 63
27 21
63 21
63 44
63 61
44 61
44 34
44 47
34 47
34 51
34 58
51 58
49 62
49 15
49 64
15 64
15 6
15 28
6 28
6 38
6 11
38 11
38 3
38 7
3 7
3 49
3 39
49 39
54 62
54 55
54 14
55 14
55 59
55 40
59 40
59 30
59 37
30 37
30 8
30 17
8 17
8 54
8 48
54 48
70 111
34 17
34 14
17 14
17 9
17 21
9 21
9 62
9 63
62 63
62 66
62 28
66 28
66 34
66 10
34 10
45 34
45 51
45 20
51 20
51 46
51 47
46 47
46 57
46 30
57 30
57 60
57 3
60 3
60 45
60 32
45 32
70 34
70 26
70 31
26 31
26 48
26 44
48 44
48 59
48 52
59 52
59 12
59 15
12 15
12 70
12 61
70 61
5 45
5 1
5 11
1 11
1 2
1 53
2 53
2 8
2 39
8 39
8 41
8 38
41 38
41 5
41 37
5 37
65 5
65 64
65 19
64 19
64 35
64 6
35 6
35 56
35 55
56 55
56 67
56 50
67 50
67 65
67 29
65 29
49 5
49 18
49 54
18 54
18 23
18 36
23 36
23 24
23 69
24 69
24 27
24 40
27 40
27 49
27 58
49 58
7 34
7 25
7 22
25 22
25 43
25 33
43 33
43 16
43 68
16 68
16 42
16 13
42 13
42 7
42 4
7 4
70 111
30 14
30 48
14 48
14 67
14 60
67 60
67 38
67 3
38 3
38 17
38 57
17 57
17 30
17 19
30 19
53 30
53 65
53 26
65 26
65 34
65 61
34 61
34 43
34 21
43 21
43 11
43 35
11 35
11 53
11 41
53 41
28 30
28 49
28 58
49 58
49 27
49 70
27 70
27 24
27 47
24 47
24 23
24 56
23 56
23 28
23 6
28 6
18 53
18 12
18 59
12 59
12 69
12 37
69 37
69 29
69 16
29 16
29 22
29 1
22 1
22 18
22 20
18 20
66 53
66 10
66 51
10 51
10 9
10 68
9 68
9 2
9 42
2 42
2 25
2 52
25 52
25 66
25 40
66 40
4 53
4 44
4 54
44 54
44 36
44 62
36 62
36 13
36 63
13 63
13 39
13 8
39 8
39 4
39 64
4 64
15 28
15 31
15 7
31 7
31 46
31 32
46 32
46 55
46 5
55 5
55 45
55 50
45 50
45 15
45 33
15 33
70 111
66 27
66 5
27 5
27 37
27 23
37 23
37 18
37 61
18 61
18 48
18 64
48 64
48 66
48 36
66 36
11 66
11 40
11 56
40 56
40 24
40 52
24 52
24 43
24 65
43 65
43 30
43 57
30 57
30 11
30 68
11 68
54 11
54 12
54 63
12 63
12 29
12 6
29 6
29 45
29 34
45 34
45 28
45 25
28 25
28 54
28 3
54 3
44 54
44 42
44 51
42 51
42 39
42 38
39 38
39 2
39 46
2 46
2 33
2 13
33 13
33 44
33 10
44 10
1 11
1 47
1 60
47 60
47 69
47 55
69 55
69 59
69 32
59 32
59 58
59 31
58 31
58 1
58 17
1 17
7 11
7 21
7 62
21 62
21 20
21 70
20 70
20 41
20 8
41 8
41 9
41 26
9 26
9 7
9 16
7 16
22 44
22 53
22 4
53 4
53 15
53 49
15 49
15 50
15 14
50 14
50 19
50 67
19 67
19 22
19 35
22 35
70 111
7 57
7 32
57 32
57 2
57 62
2 62
2 48
2 33
48 33
48 51
48 44
51 44
51 7
51 70
7 70
25 7
25 23
25 20
23 20
23 43
23 22
43 22
43 55
43 18
55 18
55 15
55 10
15 10
15 25
15 4
25 4
29 7
29 59
29 69
59 69
59 8
59 17
8 17
8 5
8 63
5 63
5 9
5 35
9 35
9 29
9 3
29 3
34 7
34 14
34 6
14 6
14 1
14 50
1 50
1 38
1 24
38 24
38 28
38 30
28 30
28 34
28 26
34 26
60 34
60 58
60 64
58 64
58 53
58 27
53 27
53 56
53 36
56 36
56 40
56 47
40 47
40 60
40 42
60 42
39 60
39 37
39 61
37 61
37 52
37 65
52 65
52 19
52 66
19 66
19 45
19 49
45 49
45 39
45 54
39 54
21 29
21 31
21 46
31 46
31 12
31 13
12 13
12 41
12 68
41 68
41 67
41 16
67 16
67 21
67 11
21 11
70 111
62 23
62 26
23 26
23 14
23 58
14 58
14 51
14 63
51 63
51 8
51 52
8 52
8 62
8 29
62 29
41 62
41 11
41 60
11 60
11 7
11 32
7 32
7 35
7 46
35 46
35 38
35 15
38 15
38 41
38 69
41 69
55 62
55 31
55 39
31 39
31 10
31 28
10 28
10 70
10 65
70 65
70 3
70 4
3 4
3 55
3 50
55 50
19 41
19 61
19 44
61 44
61 12
61 2
12 2
12 47
12 43
47 43
47 48
47 1
48 1
48 19
48 66
19 66
68 41
68 37
68 16
37 16
37 64
37 9
64 9
64 59
64 24
59 24
59 22
59 40
22 40
22 68
22 20
68 20
25 55
25 33
25 34
33 34
33 42
33 53
42 53
42 36
42 57
36 57
36 5
36 27
5 27
5 25
5 13
25 13
21 62
21 30
21 49
30 49
30 54
30 56
54 56
54 17
54 6
17 6
17 18
17 67
18 67
18 21
18 45
21 45
70 111
52 60
52 53
60 53
60 29
60 9
29 9
29 43
29 10
43 10
43 33
43 2
33 2
33 52
33 59
52 59
30 52
30 31
30 67
31 67
31 14
31 4
14 4
14 18
14 41
18 41
18 11
18 26
11 26
11 30
11 7
30 7
45 30
45 15
45 65
15 65
15 40
15 28
40 28
40 38
40 23
38 23
38 5
38 36
5 36
5 45
5 44
45 44
58 52
58 61
58 1
61 1
61 46
61 22
46 22
46 66
46 62
66 62
66 42
66 16
42 16
42 58
42 17
58 17
70 45
70 20
70 68
20 68
20 64
20 50
64 50
64 49
64 47
49 47
49 48
49 37
48 37
48 70
48 3
70 3
27 70
27 54
27 39
54 39
54 8
54 35
8 35
8 51
8 19
51 19
51 34
51 57
34 57
34 27
34 21
27 21
25 27
25 63
25 12
63 12
63 6
63 13
6 13
6 55
6 24
55 24
55 69
55 56
69 56
69 25
69 32
25 32
70 111
16 11
16 22
11 22
11 34
11 45
34 45
34 60
34 14
60 14
60 29
60 8
29 8
29 16
29 38
16 38
21 16
21 46
21 9
46 9
46 3
46 49
3 49
3 56
3 44
56 44
56 57
56 66
57 66
57 21
57 2
21 2
42 16
42 13
42 24
13 24
13 31
13 25
31 25
31 67
31 48
67 48
67 32
67 1
32 1
32 42
32 27
42 27
39 21
39 50
39 17
50 17
50 53
50 15
53 15
53 41
53 43
41 43
41 12
41 36
12 36
12 39
12 7
39 7
58 16
58 26
58 62
26 62
26 28
26 20
28 20
28 61
28 19
61 19
61 55
61 10
55 10
55 58
55 64
58 64
35 42
35 30
35 40
30 40
30 4
30 47
4 47
4 37
4 59
37 59
37 69
37 51
69 51
69 35
69 6
35 6
23 39
23 70
23 52
70 52
70 5
70 54
5 54
5 65
5 33
65 33
65 68
65 18
68 18
68 23
68 63
23 63
70 111
4 24
4 16
24 16
24 58
24 54
58 54
58 6
58 35
6 35
6 21
6 44
21 44
21 4
21 43
4 43
49 4
49 67
49 13
67 13
67 3
67 56
3 56
3 47
3 55
47 55
47 65
47 32
65 32
65 49
65 18
49 18
30 49
30 28
30 53
28 53
28 48
28 19
48 19
48 59
48 1
59 1
59 45
59 41
45 41
45 30
45 15
30 15
11 30
11 23
11 66
23 66
23 57
23 26
57 26
57 17
57 2
17 2
17 61
17 60
61 60
61 11
61 31
11 31
64 4
64 46
64 29
46 29
46 27
46 25
27 25
27 9
27 10
9 10
9 39
9 69
39 69
39 64
39 8
64 8
62 49
62 37
62 68
37 68
37 12
37 20
12 20
12 63
12 36
63 36
63 70
63 40
70 40
70 62
70 5
62 5
52 49
52 38
52 51
38 51
38 7
38 33
7 33
7 22
7 50
22 50
22 42
22 34
42 34
42 52
42 14
52 14
70 111
29 2
29 12
2 12
2 18
2 49
18 49
18 67
18 37
67 37
67 64
67 47
64 47
64 29
64 39
29 39
8 29
8 27
8 45
27 45
27 54
27 3
54 3
54 34
54 44
34 44
34 56
34 22
56 22
56 8
56 59
8 59
66 8
66 6
66 51
6 51
6 63
6 10
63 10
63 69
63 28
69 28
69 50
69 36
50 36
50 66
50 46
66 46
55 66
55 1
55 43
1 43
1 19
1 40
19 40
19 21
19 20
21 20
21 16
21 7
16 7
16 55
16 24
55 24
14 29
14 11
14 60
11 60
11 42
11 61
42 61
42 58
42 23
58 23
58 57
58 5
57 5
57 14
57 52
14 52
26 55
26 53
26 15
53 15
53 30
53 13
30 13
30 41
30 48
41 48
41 25
41 38
25 38
25 26
25 32
26 32
33 55
33 65
33 35
65 35
65 68
65 31
68 31
68 17
68 62
17 62
17 4
17 70
4 70
4 33
4 9
33 9
70 111
51 5
51 54
5 54
5 62
5 1
62 1
62 70
62 36
70 36
70 46
70 47
46 47
46 51
46 27
51 27
45 51
45 13
45 67
13 67
13 6
13 61
6 61
6 58
6 52
58 52
58 66
58 30
66 30
66 45
66 31
45 31
14 45
14 48
14 21
48 21
48 26
48 55
26 55
26 60
26 20
60 20
60 25
60 24
25 24
25 14
25 41
14 41
22 14
22 69
22 49
69 49
69 3
69 53
3 53
3 44
3 12
44 12
44 39
44 35
39 35
39 22
39 34
22 34
19 45
19 29
19 56
29 56
29 17
29 2
17 2
17 9
17 42
9 42
9 16
9 15
16 15
16 19
16 33
19 33
57 45
57 7
57 68
7 68
7 40
7 50
40 50
40 64
40 18
64 18
64 65
64 8
65 8
65 57
65 32
57 32
43 19
43 10
43 38
10 38
10 37
10 11
37 11
37 59
37 28
59 28
59 63
59 4
63 4
63 43
63 23
43 23
70 111
3 4
3 55
4 55
4 7
4 28
7 28
7 41
7 18
41 18
41 19
41 2
19 2
19 3
19 70
3 70
32 3
32 31
32 6
31 6
31 65
31 17
65 17
65 52
65 25
52 25
52 64
52 22
64 22
64 32
64 44
32 44
47 32
47 62
47 66
62 66
62 36
62 34
36 34
36 35
36 21
35 21
35 1
35 54
1 54
1 47
1 8
47 8
23 3
23 20
23 49
20 49
20 60
20 67
60 67
60 12
60 61
12 61
12 26
12 63
26 63
26 23
26 14
23 14
56 23
56 50
56 10
50 10
50 15
50 9
15 9
15 39
15 13
39 13
39 59
39 16
59 16
59 56
59 27
56 27
58 3
58 51
58 24
51 24
51 69
51 37
69 37
69 46
69 33
46 33
46 48
46 43
48 43
48 58
48 11
58 11
45 3
45 53
45 29
53 29
53 57
53 38
57 38
57 5
57 68
5 68
5 42
5 30
42 30
42 45
42 40
45 40
70 111
50 9
50 32
9 32
9 53
9 7
53 7
53 15
53 30
15 30
15 44
15 68
44 68
44 50
44 49
50 49
35 50
35 2
35 1
2 1
2 10
2 11
10 11
10 3
10 19
3 19
3 6
3 28
6 28
6 35
6 20
35 20
42 50
42 52
42 14
52 14
52 67
52 33
67 33
67 57
67 46
57 46
57 16
57 29
16 29
16 42
16 5
42 5
37 42
37 25
37 39
25 39
25 66
25 59
66 59
66 54
66 56
54 56
54 34
54 70
34 70
34 37
34 43
37 43
61 50
61 48
61 8
48 8
48 51
48 69
51 69
51 31
51 47
31 47
31 58
31 17
58 17
58 61
58 64
61 64
4 50
4 13
4 65
13 65
13 12
13 45
12 45
12 63
12 26
63 26
63 41
63 62
41 62
41 4
41 36
4 36
38 42
38 24
38 40
24 40
24 21
24 22
21 22
21 18
21 60
18 60
18 23
18 55
23 55
23 38
23 27
38 27
70 111
4 34
4 10
34 10
34 42
34 45
42 45
42 47
42 41
47 41
47 6
47 58
6 58
6 4
6 22
4 22
69 4
69 67
69 57
67 57
67 19
67 61
19 61
19 40
19 30
40 30
40 38
40 33
38 33
38 69
38 56
69 56
25 4
25 65
25 21
65 21
65 63
65 52
63 52
63 24
63 2
24 2
24 18
24 28
18 28
18 25
18 59
25 59
60 69
60 37
60 26
37 26
37 48
37 31
48 31
48 15
48 70
15 70
15 11
15 55
11 55
11 60
11 9
60 9
44 69
44 35
44 23
35 23
35 36
35 29
36 29
36 43
36 1
43 1
43 7
43 62
7 62
7 44
7 64
44 64
17 69
17 20
17 49
20 49
20 54
20 16
54 16
54 46
54 8
46 8
46 66
46 50
66 50
66 17
66 32
17 32
53 44
53 3
53 14
3 14
3 5
3 68
5 68
5 13
5 39
13 39
13 51
13 12
51 12
51 53
51 27
53 27
70 111
31 4
31 21
4 21
4 15
4 40
15 40
15 51
15 67
51 67
51 18
51 6
18 6
18 31
18 38
31 38
55 31
55 61
55 41
61 41
61 19
61 16
19 16
19 59
19 25
59 25
59 65
59 52
65 52
65 55
65 49
55 49
48 31
48 64
48 44
64 44
64 5
64 42
5 42
5 43
5 56
43 56
43 8
43 36
8 36
8 48
8 24
48 24
57 31
57 9
57 17
9 17
9 47
9 63
47 63
47 37
47 29
37 29
37 2
37 60
2 60
2 57
2 13
57 13
35 31
35 53
35 45
53 45
53 54
53 68
54 68
54 70
54 66
70 66
70 39
70 12
39 12
39 35
39 34
35 34
20 48
20 28
20 3
28 3
28 62
28 33
62 33
62 27
62 46
27 46
27 11
27 22
11 22
11 20
11 32
20 32
23 35
23 10
23 69
10 69
10 50
10 7
50 7
50 26
50 30
26 30
26 58
26 14
58 14
58 23
58 1
23 1
70 111
54 4
54 60
4 60
4 3
4 30
3 30
3 17
3 47
17 47
17 25
17 66
25 66
25 54
25 55
54 55
1 54
1 28
1 34
28 34
28 20
28 58
20 58
20 29
20 52
29 52
29 43
29 65
43 65
43 1
43 42
1 42
56 1
56 24
56 50
24 50
24 57
24 21
57 21
57 37
57 69
37 69
37 62
37 35
62 35
62 56
62 26
56 26
32 54
32 44
32 7
44 7
44 46
44 11
46 11
46 14
46 6
14 6
14 18
14 64
18 64
18 32
18 36
32 36
33 32
33 53
33 38
53 38
53 9
53 59
9 59
9 67
9 16
67 16
67 45
67 12
45 12
45 33
45 40
33 40
68 56
68 15
68 41
15 41
15 63
15 49
63 49
63 70
63 23
70 23
70 51
70 5
51 5
51 68
51 10
68 10
13 32
13 48
13 61
48 61
48 39
48 31
39 31
39 22
39 27
22 27
22 19
22 2
19 2
19 13
19 8
13 8
70 111
47 11
47 8
11 8
11 19
11 20
19 20
19 2
19 58
2 58
2 37
2 70
37 70
37 47
37 24
47 24
43 47
43 6
43 40
6 40
6 55
6 60
55 60
55 45
55 41
45 41
45 26
45 32
26 32
26 43
26 17
43 17
52 43
52 12
52 57
12 57
12 14
12 25
14 25
14 44
14 46
44 46
44 5
44 48
5 48
5 52
5 39
52 39
61 52
61 63
61 7
63 7
63 13
63 42
13 42
13 38
13 69
38 69
38 66
38 16
66 16
66 61
66 28
61 28
31 52
31 51
31 30
51 30
51 59
51 9
59 9
59 50
59 49
50 49
50 4
50 64
4 64
4 31
4 15
31 15
65 43
65 68
65 67
68 67
68 36
68 29
36 29
36 33
36 22
33 22
33 62
33 10
62 10
62 65
62 21
65 21
35 65
35 53
35 27
53 27
53 3
53 1
3 1
3 23
3 18
23 18
23 54
23 56
54 56
54 35
54 34
35 34
70 111
45 50
45 17
50 17
50 54
50 24
54 24
54 16
54 31
16 31
16 63
16 56
63 56
63 45
63 52
45 52
65 45
65 44
65 51
44 51
44 53
44 42
53 42
53 40
53 46
40 46
40 59
40 7
59 7
59 65
59 29
65 29
18 45
18 19
18 58
19 58
19 25
19 32
25 32
25 35
25 26
35 26
35 21
35 57
21 57
21 18
21 2
18 2
39 18
39 62
39 4
62 4
62 13
62 49
13 49
13 36
13 43
36 43
36 28
36 20
28 20
28 39
28 70
39 70
1 45
1 48
1 14
48 14
48 8
48 9
8 9
8 33
8 6
33 6
33 30
33 47
30 47
30 1
30 38
1 38
61 39
61 37
61 12
37 12
37 66
37 27
66 27
66 67
66 68
67 68
67 60
67 11
60 11
60 61
60 41
61 41
10 45
10 22
10 15
22 15
22 3
22 5
3 5
3 64
3 34
64 34
64 23
64 55
23 55
23 10
23 69
10 69
70 111
8 1
8 28
1 28
1 30
1 12
30 12
30 41
30 67
41 67
41 52
41 39
52 39
52 8
52 51
8 51
29 8
29 70
29 46
70 46
70 35
70 63
35 63
35 13
35 55
13 55
13 48
13 64
48 64
48 29
48 58
29 58
50 8
50 14
50 33
14 33
14 56
14 31
56 31
56 45
56 37
45 37
45 25
45 47
25 47
25 50
25 54
50 54
24 50
24 61
24 60
61 60
61 2
61 7
2 7
2 16
2 3
16 3
16 27
16 18
27 18
27 24
27 5
24 5
65 24
65 68
65 21
68 21
68 49
68 44
49 44
49 11
49 62
11 62
11 15
11 59
15 59
15 65
15 4
65 4
9 24
9 20
9 17
20 17
20 43
20 57
43 57
43 10
43 26
10 26
10 53
10 22
53 22
53 9
53 42
9 42
40 8
40 34
40 66
34 66
34 32
34 19
32 19
32 6
32 23
6 23
6 38
6 36
38 36
38 40
38 69
40 69
70 111
51 52
51 24
52 24
52 62
52 63
62 63
62 25
62 58
25 58
25 32
25 4
32 4
32 51
32 36
51 36
68 51
68 26
68 8
26 8
26 12
26 54
12 54
12 70
12 16
70 16
70 30
70 64
30 64
30 68
30 57
68 57
44 68
44 61
44 40
61 40
61 39
61 22
39 22
39 59
39 23
59 23
59 46
59 47
46 47
46 44
46 48
44 48
31 44
31 15
31 11
15 11
15 56
15 2
56 2
56 13
56 67
13 67
13 38
13 7
38 7
38 31
38 21
31 21
41 51
41 5
41 43
5 43
5 66
5 33
66 33
66 19
66 35
19 35
19 34
19 10
34 10
34 41
34 3
41 3
28 51
28 53
28 29
53 29
53 20
53 1
20 1
20 69
20 65
69 65
69 60
69 27
60 27
60 28
60 45
28 45
14 68
14 37
14 42
37 42
37 17
37 55
17 55
17 9
17 49
9 49
9 50
9 18
50 18
50 14
50 6
14 6
70 111
16 8
16 48
8 48
8 41
8 67
41 67
41 50
41 33
50 33
50 29
50 28
29 28
29 16
29 6
16 6
20 16
20 1
20 44
1 44
1 30
1 70
30 70
30 63
30 62
63 62
63 21
63 32
21 32
21 20
21 27
20 27
23 16
23 24
23 11
24 11
24 26
24 45
26 45
26 22
26 39
22 39
22 55
22 57
55 57
55 23
55 9
23 9
10 16
10 36
10 69
36 69
36 2
36 31
2 31
2 12
2 68
12 68
12 43
12 5
43 5
43 10
43 51
10 51
61 23
61 65
61 3
65 3
65 18
65 52
18 52
18 38
18 60
38 60
38 58
38 54
58 54
58 61
58 17
61 17
42 20
42 53
42 59
53 59
53 35
53 49
35 49
35 40
35 13
40 13
40 15
40 7
15 7
15 42
15 14
42 14
47 20
47 64
47 34
64 34
64 56
64 66
56 66
56 25
56 4
25 4
25 37
25 19
37 19
37 47
37 46
47 46
70 111
53 3
53 34
3 34
3 66
3 18
66 18
66 14
66 9
14 9
14 48
14 4
48 4
48 53
48 31
53 31
43 53
43 51
43 59
51 59
51 33
51 45
33 45
33 1
33 16
1 16
1 41
1 5
41 5
41 43
41 47
43 47
36 43
36 37
36 49
37 49
37 55
37 21
55 21
55 40
55 25
40 25
40 70
40 58
70 58
70 36
70 46
36 46
20 43
20 69
20 54
69 54
69 67
69 32
67 32
67 28
67 56
28 56
28 23
28 2
23 2
23 20
23 39
20 39
24 53
24 11
24 62
11 62
11 50
11 42
50 42
50 65
50 7
65 7
65 17
65 27
17 27
17 24
17 8
24 8
52 24
52 35
52 10
35 10
35 15
35 63
15 63
15 13
15 22
13 22
13 61
13 64
61 64
61 52
61 38
52 38
6 36
6 57
6 19
57 19
57 29
57 68
29 68
29 60
29 26
60 26
60 44
60 30
44 30
44 6
44 12
6 12
70 111
52 22
52 14
22 14
22 60
22 45
60 45
60 36
60 67
36 67
36 51
36 54
51 54
51 52
51 8
52 8
43 52
43 35
43 50
35 50
35 48
35 20
48 20
48 12
48 6
12 6
12 38
12 63
38 63
38 43
38 1
43 1
47 52
47 5
47 33
5 33
5 11
5 27
11 27
11 3
11 46
3 46
3 69
3 7
69 7
69 47
69 65
47 65
61 43
61 23
61 17
23 17
23 44
23 32
44 32
44 31
44 70
31 70
31 37
31 24
37 24
37 61
37 26
61 26
4 47
4 42
4 13
42 13
42 19
42 41
19 41
19 29
19 68
29 68
29 25
29 53
25 53
25 4
25 10
4 10
16 4
16 30
16 56
30 56
30 2
30 49
2 49
2 66
2 59
66 59
66 58
66 40
58 40
58 16
58 9
16 9
57 16
57 18
57 28
18 28
18 39
18 55
39 55
39 15
39 64
15 64
15 62
15 21
62 21
62 57
62 34
57 34
70 111
14 17
14 30
17 30
17 66
17 16
66 16
66 33
66 57
33 57
33 37
33 55
37 55
37 14
37 24
14 24
36 14
36 63
36 19
63 19
63 45
63 64
45 64
45 49
45 44
49 44
49 2
49 51
2 51
2 36
2 3
36 3
69 36
69 41
69 4
41 4
41 53
41 38
53 38
53 65
53 13
65 13
65 27
65 28
27 28
27 69
27 42
69 42
6 36
6 23
6 11
23 11
23 9
23 60
9 60
9 1
9 34
1 34
1 46
1 21
46 21
46 6
46 52
6 52
26 36
26 15
26 10
15 10
15 40
15 8
40 8
40 48
40 43
48 43
48 7
48 18
7 18
7 26
7 70
26 70
54 69
54 58
54 29
58 29
58 59
58 35
59 35
59 31
59 61
31 61
31 56
31 67
56 67
56 54
56 32
54 32
50 36
50 22
50 62
22 62
22 20
22 47
20 47
20 12
20 39
12 39
12 5
12 25
5 25
5 50
5 68
50 68
70 111
45 41
45 22
41 22
41 65
41 26
65 26
65 29
65 16
29 16
29 18
29 15
18 15
18 45
18 58
45 58
51 45
51 20
51 23
20 23
20 62
20 47
62 47
62 52
62 42
52 42
52 56
52 1
56 1
56 51
56 9
51 9
40 45
40 49
40 30
49 30
49 39
49 46
39 46
39 17
39 33
17 33
17 36
17 59
36 59
36 40
36 25
40 25
28 45
28 10
28 64
10 64
10 27
10 11
27 11
27 70
27 48
70 48
70 19
70 54
19 54
19 28
19 35
28 35
37 40
37 12
37 44
12 44
12 38
12 34
38 34
38 55
38 5
55 5
55 31
55 60
31 60
31 37
31 14
37 14
6 28
6 53
6 57
53 57
53 68
53 13
68 13
68 66
68 8
66 8
66 67
66 63
67 63
67 6
67 21
6 21
43 40
43 7
43 3
7 3
7 32
7 50
32 50
32 61
32 2
61 2
61 4
61 24
4 24
4 43
4 69
43 69
70 111
27 57
27 43
57 43
57 46
57 26
46 26
46 17
46 69
17 69
17 6
17 21
6 21
6 27
6 25
27 25
38 27
38 64
38 63
64 63
64 66
64 40
66 40
66 1
66 59
1 59
1 10
1 19
10 19
10 38
10 67
38 67
49 27
49 62
49 23
62 23
62 9
62 3
9 3
9 22
9 24
22 24
22 50
22 47
50 47
50 49
50 53
49 53
11 49
11 54
11 32
54 32
54 52
54 60
52 60
52 45
52 55
45 55
45 68
45 56
68 56
68 11
68 28
11 28
4 49
4 39
4 41
39 41
39 70
39 18
70 18
70 13
70 8
13 8
13 35
13 7
35 7
35 4
35 33
4 33
20 38
20 37
20 30
37 30
37 65
37 58
65 58
65 31
65 29
31 29
31 51
31 2
51 2
51 20
51 44
20 44
16 20
16 15
16 5
15 5
15 34
15 12
34 12
34 42
34 14
42 14
42 61
42 36
61 36
61 16
61 48
16 48
70 111
59 34
59 10
34 10
34 28
34 47
28 47
28 36
28 67
36 67
36 53
36 65
53 65
53 59
53 5
59 5
19 59
19 27
19 41
27 41
27 2
27 50
2 50
2 38
2 37
38 37
38 9
38 42
9 42
9 19
9 33
19 33
62 59
62 14
62 55
14 55
14 51
14 12
51 12
51 1
51 58
1 58
1 69
1 23
69 23
69 62
69 39
62 39
63 19
63 54
63 35
54 35
54 56
54 25
56 25
56 68
56 11
68 11
68 24
68 4
24 4
24 63
24 17
63 17
45 62
45 43
45 13
43 13
43 21
43 7
21 7
21 26
21 6
26 6
26 57
26 31
57 31
57 45
57 60
45 60
16 45
16 20
16 32
20 32
20 3
20 48
3 48
3 18
3 64
18 64
18 66
18 22
66 22
66 16
66 40
16 40
61 45
61 29
61 30
29 30
29 46
29 52
46 52
46 70
46 44
70 44
70 8
70 15
8 15
8 61
8 49
61 49
70 111
17 36
17 59
36 59
36 56
36 46
56 46
56 38
56 45
38 45
38 63
38 64
63 64
63 17
63 10
17 10
67 17
67 19
67 47
19 47
19 51
19 20
51 20
51 14
51 28
14 28
14 48
14 49
48 49
48 67
48 44
67 44
3 67
3 2
3 5
2 5
2 12
2 4
12 4
12 30
12 60
30 60
30 37
30 66
37 66
37 3
37 65
3 65
43 3
43 7
43 26
7 26
7 6
7 8
6 8
6 40
6 25
40 25
40 27
40 23
27 23
27 43
27 32
43 32
61 17
61 18
61 22
18 22
18 1
18 24
1 24
1 15
1 53
15 53
15 68
15 52
68 52
68 61
68 21
61 21
31 17
31 57
31 55
57 55
57 58
57 69
58 69
58 9
58 41
9 41
9 50
9 62
50 62
50 31
50 16
31 16
29 31
29 35
29 42
35 42
35 13
35 70
13 70
13 54
13 33
54 33
54 34
54 11
34 11
34 29
34 39
29 39
70 111
15 44
15 43
44 43
44 58
44 30
58 30
58 13
58 70
13 70
13 61
13 47
61 47
61 15
61 24
15 24
49 15
49 63
49 1
63 1
63 27
63 66
27 66
27 20
27 2
20 2
20 39
20 29
39 29
39 49
39 7
49 7
3 15
3 33
3 17
33 17
33 21
33 8
21 8
21 45
21 14
45 14
45 12
45 16
12 16
12 3
12 23
3 23
50 15
50 6
50 26
6 26
6 59
6 48
59 48
59 11
59 57
11 57
11 36
11 65
36 65
36 50
36 54
50 54
51 50
51 56
51 38
56 38
56 25
56 62
25 62
25 34
25 10
34 10
34 31
34 67
31 67
31 51
31 42
51 42
41 3
41 60
41 32
60 32
60 35
60 28
35 28
35 19
35 55
19 55
19 40
19 4
40 4
40 41
40 52
41 52
5 51
5 37
5 69
37 69
37 18
37 64
18 64
18 46
18 22
46 22
46 9
46 68
9 68
9 5
9 53
5 53
70 111
46 33
46 42
33 42
33 24
33 20
24 20
24 65
24 50
65 50
65 17
65 44
17 44
17 46
17 10
46 10
31 46
31 59
31 21
59 21
59 64
59 16
64 16
64 62
64 15
62 15
62 11
62 54
11 54
11 31
11 66
31 66
23 31
23 30
23 22
30 22
30 29
30 39
29 39
29 41
29 53
41 53
41 38
41 48
38 48
38 23
38 13
23 13
5 46
5 19
5 37
19 37
19 40
19 2
40 2
40 55
40 63
55 63
55 8
55 1
8 1
8 5
8 49
5 49
56 5
56 12
56 32
12 32
12 69
12 57
69 57
69 27
69 14
27 14
27 3
27 26
3 26
3 56
3 45
56 45
60 46
60 61
60 7
61 7
61 25
61 47
25 47
25 43
25 51
43 51
43 35
43 36
35 36
35 60
35 70
60 70
28 31
28 52
28 58
52 58
52 34
52 6
34 6
34 67
34 9
67 9
67 4
67 68
4 68
4 28
4 18
28 18
70 111
49 42
49 34
42 34
42 4
42 40
4 40
4 13
4 35
13 35
13 29
13 20
29 20
29 49
29 17
49 17
64 49
64 24
64 27
24 27
24 12
24 69
12 69
12 18
12 43
18 43
18 30
18 31
30 31
30 64
30 7
64 7
48 49
48 60
48 32
60 32
60 28
60 37
28 37
28 56
28 65
56 65
56 59
56 33
59 33
59 48
59 14
48 14
47 64
47 68
47 46
68 46
68 21
68 41
21 41
21 19
21 67
19 67
19 3
19 25
3 25
3 47
3 36
47 36
16 47
16 52
16 26
52 26
52 45
52 15
45 15
45 53
45 23
53 23
53 2
53 57
2 57
2 16
2 8
16 8
11 49
11 63
11 6
63 6
63 70
63 66
70 66
70 44
70 9
44 9
44 51
44 5
51 5
51 11
51 38
11 38
54 64
54 62
54 50
62 50
62 22
62 10
22 10
22 58
22 55
58 55
58 61
58 1
61 1
61 54
61 39
54 39
70 111
25 18
25 69
18 69
18 16
18 11
16 11
16 62
16 63
62 63
62 61
62 36
61 36
61 25
61 44
25 44
67 25
67 9
67 14
9 14
9 56
9 6
56 6
56 22
56 35
22 35
22 31
22 50
31 50
31 67
31 15
67 15
39 67
39 17
39 40
17 40
17 29
17 20
29 20
29 59
29 23
59 23
59 4
59 34
4 34
4 39
4 57
39 57
12 25
12 1
12 48
1 48
1 46
1 2
46 2
46 66
46 68
66 68
66 65
66 60
65 60
65 12
65 8
12 8
42 67
42 26
42 58
26 58
26 47
26 54
47 54
47 41
47 10
41 10
41 28
41 43
28 43
28 42
28 53
42 53
32 42
32 55
32 19
55 19
55 3
55 45
3 45
3 27
3 21
27 21
27 30
27 13
30 13
30 32
30 5
32 5
52 67
52 37
52 70
37 70
37 33
37 24
33 24
33 7
33 38
7 38
7 64
7 49
64 49
64 52
64 51
52 51
70 111
62 65
62 28
65 28
65 19
65 55
19 55
19 45
19 67
45 67
45 14
45 12
14 12
14 62
14 36
62 36
60 62
60 44
60 58
44 58
44 56
44 35
56 35
56 49
56 6
49 6
49 39
49 54
39 54
39 60
39 38
60 38
61 62
61 31
61 30
31 30
31 8
31 23
8 23
8 7
8 21
7 21
7 11
7 20
11 20
11 61
11 50
61 50
64 60
64 43
64 5
43 5
43 25
43 22
25 22
25 2
25 33
2 33
2 46
2 3
46 3
46 64
46 32
64 32
48 64
48 40
48 52
40 52
40 66
40 17
66 17
66 4
66 70
4 70
4 13
4 68
13 68
13 48
13 34
48 34
18 48
18 9
18 16
9 16
9 41
9 26
41 26
41 51
41 47
51 47
51 69
51 10
69 10
69 18
69 42
18 42
37 60
37 1
37 59
1 59
1 57
1 15
57 15
57 29
57 24
29 24
29 63
29 27
63 27
63 37
63 53
37 53
70 111
24 63
24 13
63 13
63 25
63 2
25 2
25 58
25 62
58 62
58 27
58 51
27 51
27 24
27 20
24 20
7 24
7 5
7 11
5 11
5 59
5 32
59 32
59 36
59 42
36 42
36 48
36 22
48 22
48 7
48 45
7 45
18 7
18 6
18 60
6 60
6 40
6 10
40 10
40 1
40 12
1 12
1 41
1 56
41 56
41 18
41 16
18 16
49 18
49 38
49 43
38 43
38 50
38 23
50 23
50 21
50 52
21 52
21 9
21 69
9 69
9 49
9 70
49 70
61 24
61 15
61 53
15 53
15 65
15 31
65 31
65 46
65 30
46 30
46 17
46 19
17 19
17 61
17 8
61 8
3 18
3 57
3 37
57 37
57 35
57 67
35 67
35 68
35 39
68 39
68 28
68 4
28 4
28 3
28 44
3 44
14 18
14 34
14 26
34 26
34 47
34 54
47 54
47 33
47 66
33 66
33 29
33 64
29 64
29 14
29 55
14 55
70 111
17 32
17 24
32 24
32 46
32 4
46 4
46 36
46 49
36 49
36 38
36 6
38 6
38 17
38 47
17 47
29 17
29 66
29 3
66 3
66 30
66 26
30 26
30 62
30 42
62 42
62 61
62 33
61 33
61 29
61 51
29 51
44 29
44 68
44 45
68 45
68 16
68 37
16 37
16 9
16 40
9 40
9 43
9 70
43 70
43 44
43 25
44 25
65 44
65 20
65 35
20 35
20 15
20 8
15 8
15 48
15 31
48 31
48 58
48 12
58 12
58 65
58 13
65 13
11 17
11 41
11 59
41 59
41 10
41 2
10 2
10 67
10 54
67 54
67 23
67 19
23 19
23 11
23 52
11 52
60 44
60 34
60 22
34 22
34 5
34 53
5 53
5 69
5 28
69 28
69 64
69 50
64 50
64 60
64 7
60 7
39 44
39 21
39 18
21 18
21 63
21 57
63 57
63 1
63 27
1 27
1 55
1 56
55 56
55 39
55 14
39 14
70 111
3 63
3 45
63 45
63 14
63 43
14 43
14 58
14 12
58 12
58 56
58 51
56 51
56 3
56 38
3 38
37 3
37 52
37 13
52 13
52 53
52 10
53 10
53 30
53 42
30 42
30 26
30 54
26 54
26 37
26 32
37 32
33 3
33 17
33 27
17 27
17 22
17 70
22 70
22 20
22 40
20 40
20 59
20 44
59 44
59 33
59 19
33 19
41 3
41 21
41 64
21 64
21 6
21 1
6 1
6 31
6 47
31 47
31 48
31 36
48 36
48 41
48 65
41 65
29 41
29 66
29 15
66 15
66 4
66 23
4 23
4 9
4 11
9 11
9 2
9 28
2 28
2 29
2 34
29 34
16 3
16 62
16 18
62 18
62 24
62 67
24 67
24 60
24 46
60 46
60 61
60 49
61 49
61 16
61 7
16 7
55 29
55 25
55 39
25 39
25 69
25 57
69 57
69 35
69 5
35 5
35 8
35 68
8 68
8 55
8 50
55 50
70 111
16 66
16 70
66 70
66 15
66 11
15 11
15 29
15 45
29 45
29 10
29 3
10 3
10 16
10 31
16 31
19 16
19 12
19 26
12 26
12 51
12 9
51 9
51 4
51 49
4 49
4 52
4 37
52 37
52 19
52 38
19 38
48 16
48 33
48 24
33 24
33 34
33 14
34 14
34 50
34 17
50 17
50 47
50 2
47 2
47 48
47 42
48 42
5 48
5 1
5 25
1 25
1 21
1 54
21 54
21 61
21 41
61 41
61 55
61 53
55 53
55 5
55 59
5 59
43 5
43 69
43 46
69 46
69 27
69 40
27 40
27 62
27 60
62 60
62 63
62 64
63 64
63 43
63 57
43 57
36 5
36 68
36 35
68 35
68 67
68 8
67 8
67 18
67 23
18 23
18 39
18 32
39 32
39 36
39 28
36 28
56 5
56 22
56 30
22 30
22 44
22 20
44 20
44 13
44 65
13 65
13 58
13 6
58 6
58 56
58 7
56 7
70 111
39 50
39 15
50 15
50 62
50 35
62 35
62 63
62 68
63 68
63 45
63 49
45 49
45 39
45 70
39 70
54 39
54 32
54 48
32 48
32 21
32 12
21 12
21 18
21 29
18 29
18 22
18 33
22 33
22 54
22 8
54 8
53 39
53 27
53 37
27 37
27 47
27 69
47 69
47 51
47 17
51 17
51 56
51 7
56 7
56 53
56 34
53 34
59 54
59 6
59 58
6 58
6 3
6 28
3 28
3 65
3 2
65 2
65 38
65 60
38 60
38 59
38 55
59 55
36 54
36 67
36 1
67 1
67 19
67 61
19 61
19 26
19 25
26 25
26 24
26 52
24 52
24 36
24 46
36 46
16 39
16 5
16 31
5 31
5 43
5 30
43 30
43 57
43 13
57 13
57 10
57 41
10 41
10 16
10 4
16 4
40 53
40 11
40 20
11 20
11 23
11 42
23 42
23 9
23 14
9 14
9 64
9 44
64 44
64 40
64 66
40 66
70 111
65 18
65 14
18 14
18 30
18 17
30 17
30 29
30 54
29 54
29 23
29 51
23 51
23 65
23 3
65 3
31 65
31 22
31 26
22 26
22 48
22 27
48 27
48 1
48 33
1 33
1 36
1 59
36 59
36 31
36 63
31 63
52 31
52 60
52 40
60 40
60 47
60 32
47 32
47 69
47 6
69 6
69 67
69 25
67 25
67 52
67 50
52 50
35 65
35 39
35 43
39 43
39 37
39 49
37 49
37 45
37 55
45 55
45 44
45 46
44 46
44 35
44 5
35 5
66 35
66 7
66 8
7 8
7 15
7 42
15 42
15 10
15 38
10 38
10 12
10 41
12 41
12 66
12 9
66 9
21 65
21 62
21 24
62 24
62 2
62 34
2 34
2 56
2 68
56 68
56 16
56 4
16 4
16 21
16 58
21 58
20 52
20 70
20 61
70 61
70 57
70 13
57 13
57 64
57 53
64 53
64 11
64 19
11 19
11 20
11 28
20 28
70 111
55 32
55 21
32 21
32 13
32 54
13 54
13 57
13 41
57 41
57 9
57 48
9 48
9 55
9 53
55 53
14 55
14 11
14 8
11 8
11 1
11 56
1 56
1 69
1 16
69 16
69 43
69 50
43 50
43 14
43 25
14 25
70 14
70 65
70 49
65 49
65 58
65 34
58 34
58 3
58 17
3 17
3 36
3 12
36 12
36 70
36 47
70 47
26 55
26 22
26 44
22 44
22 6
22 42
6 42
6 38
6 37
38 37
38 28
38 10
28 10
28 26
28 30
26 30
27 55
27 35
27 33
35 33
35 18
35 61
18 61
18 64
18 4
64 4
64 46
64 23
46 23
46 27
46 2
27 2
20 14
20 7
20 51
7 51
7 59
7 5
59 5
59 66
59 68
66 68
66 24
66 29
24 29
24 20
24 67
20 67
39 70
39 45
39 40
45 40
45 52
45 63
52 63
52 62
52 19
62 19
62 15
62 60
15 60
15 39
15 31
39 31
70 111
25 22
25 37
22 37
22 54
22 14
54 14
54 17
54 9
17 9
17 2
17 67
2 67
2 25
2 7
25 7
30 25
30 6
30 40
6 40
6 39
6 4
39 4
39 53
39 46
53 46
53 64
53 70
64 70
64 30
64 51
30 51
1 30
1 21
1 33
21 33
21 5
21 35
5 35
5 49
5 44
49 44
49 18
49 12
18 12
18 1
18 45
1 45
42 1
42 56
42 16
56 16
56 52
56 15
52 15
52 68
52 32
68 32
68 11
68 3
11 3
11 42
11 66
42 66
43 1
43 69
43 65
69 65
69 28
69 27
28 27
28 13
28 61
13 61
13 48
13 63
48 63
48 43
48 26
43 26
10 30
10 8
10 34
8 34
8 23
8 41
23 41
23 50
23 62
50 62
50 24
50 59
24 59
24 10
24 29
10 29
19 10
19 20
19 58
20 58
20 60
20 31
60 31
60 38
60 36
38 36
38 57
38 47
57 47
57 19
57 55
19 55
70 111
38 30
38 42
30 42
30 26
30 11
26 11
26 53
26 20
53 20
53 67
53 2
67 2
67 38
67 49
38 49
18 38
18 55
18 27
55 27
55 7
55 4
7 4
7 54
7 40
54 40
54 56
54 35
56 35
56 18
56 48
18 48
22 38
22 68
22 1
68 1
68 39
68 17
39 17
39 57
39 9
57 9
57 64
57 62
64 62
64 22
64 5
22 5
13 38
13 16
13 51
16 51
16 61
16 50
61 50
61 47
61 10
47 10
47 46
47 34
46 34
46 13
46 6
13 6
66 22
66 63
66 8
63 8
63 32
63 14
32 14
32 45
32 52
45 52
45 43
45 44
43 44
43 66
43 65
66 65
25 18
25 3
25 12
3 12
3 59
3 60
59 60
59 33
59 36
33 36
33 70
33 21
70 21
70 25
70 41
25 41
28 22
28 58
28 23
58 23
58 29
58 24
29 24
29 15
29 69
15 69
15 19
15 37
19 37
19 28
19 31
28 31
70 111
20 40
20 16
40 16
40 23
40 15
23 15
23 43
23 29
43 29
43 9
43 3
9 3
9 20
9 14
20 14
56 20
56 69
56 6
69 6
69 58
69 13
58 13
58 52
58 60
52 60
52 36
52 67
36 67
36 56
36 22
56 22
31 56
31 1
31 24
1 24
1 51
1 54
51 54
51 49
51 26
49 26
49 42
49 27
42 27
42 31
42 48
31 48
47 56
47 11
47 55
11 55
11 18
11 53
18 53
18 10
18 34
10 34
10 28
10 17
28 17
28 47
28 61
47 61
35 56
35 8
35 30
8 30
8 32
8 33
32 33
32 62
32 41
62 41
62 45
62 44
45 44
45 35
45 46
35 46
25 20
25 50
25 59
50 59
50 39
50 57
39 57
39 19
39 64
19 64
19 65
19 70
65 70
65 25
65 12
25 12
21 56
21 68
21 2
68 2
68 63
68 38
63 38
63 37
63 4
37 4
37 5
37 66
5 66
5 21
5 7
21 7
70 111
53 55
53 44
55 44
55 20
55 47
20 47
20 35
20 50
35 50
35 8
35 28
8 28
8 53
8 32
53 32
21 53
21 61
21 41
61 41
61 52
61 29
52 29
52 16
52 33
16 33
16 36
16 23
36 23
36 21
36 60
21 60
10 21
10 34
10 22
34 22
34 45
34 62
45 62
45 31
45 6
31 6
31 30
31 5
30 5
30 10
30 4
10 4
9 21
9 58
9 56
58 56
58 40
58 11
40 11
40 19
40 59
19 59
19 37
19 46
37 46
37 9
37 15
9 15
42 21
42 68
42 65
68 65
68 66
68 48
66 48
66 67
66 43
67 43
67 38
67 49
38 49
38 42
38 25
42 25
13 10
13 64
13 17
64 17
64 18
64 63
18 63
18 3
18 69
3 69
3 57
3 2
57 2
57 13
57 26
13 26
39 13
39 12
39 7
12 7
12 1
12 51
1 51
1 24
1 54
24 54
24 14
24 70
14 70
14 39
14 27
39 27
70 111
17 24
17 47
24 47
24 42
24 48
42 48
42 66
42 8
66 8
66 43
66 39
43 39
43 17
43 70
17 70
38 17
38 57
38 53
57 53
57 20
57 31
20 31
20 65
20 5
65 5
65 4
65 30
4 30
4 38
4 37
38 37
55 17
55 27
55 3
27 3
27 2
27 11
2 11
2 45
2 21
45 21
45 68
45 50
68 50
68 55
68 6
55 6
28 38
28 63
28 59
63 59
63 46
63 22
46 22
46 56
46 60
56 60
56 35
56 34
35 34
35 28
35 36
28 36
67 38
67 58
67 64
58 64
58 41
58 62
41 62
41 29
41 51
29 51
29 23
29 40
23 40
23 67
23 69
67 69
54 55
54 19
54 15
19 15
19 9
19 7
9 7
9 12
9 14
12 14
12 33
12 32
33 32
33 54
33 52
54 52
61 55
61 1
61 16
1 16
1 10
1 44
10 44
10 13
10 18
13 18
13 26
13 49
26 49
26 61
26 25
61 25
70 111
10 26
10 56
26 56
26 2
26 55
2 55
2 1
2 37
1 37
1 8
1 58
8 58
8 10
8 27
10 27
62 10
62 5
62 9
5 9
5 65
5 3
65 3
65 66
65 46
66 46
66 68
66 14
68 14
68 62
68 23
62 23
6 62
6 52
6 11
52 11
52 16
52 47
16 47
16 54
16 29
54 29
54 12
54 13
12 13
12 6
12 28
6 28
48 6
48 15
48 4
15 4
15 40
15 21
40 21
40 25
40 38
25 38
25 7
25 39
7 39
7 48
7 18
48 18
35 6
35 44
35 42
44 42
44 33
44 19
33 19
33 57
33 63
57 63
57 31
57 64
31 64
31 35
31 60
35 60
51 10
51 34
51 32
34 32
34 69
34 67
69 67
69 22
69 61
22 61
22 49
22 59
49 59
49 51
49 36
51 36
24 10
24 20
24 45
20 45
20 43
20 30
43 30
43 17
43 50
17 50
17 53
17 70
53 70
53 24
53 41
24 41
70 111
26 37
26 29
37 29
37 50
37 4
50 4
50 8
50 22
8 22
8 3
8 48
3 48
3 26
3 12
26 12
17 26
17 36
17 61
36 61
36 21
36 53
21 53
21 62
21 6
62 6
62 7
62 18
7 18
7 17
7 24
17 24
1 17
1 43
1 14
43 14
43 31
43 16
31 16
31 10
31 51
10 51
10 19
10 52
19 52
19 1
19 15
1 15
20 26
20 64
20 57
64 57
64 58
64 33
58 33
58 66
58 42
66 42
66 30
66 13
30 13
30 20
30 67
20 67
68 1
68 9
68 70
9 70
9 32
9 27
32 27
32 11
32 41
11 41
11 60
11 5
60 5
60 68
60 45
68 45
38 26
38 47
38 69
47 69
47 2
47 35
2 35
2 34
2 39
34 39
34 63
34 40
63 40
63 38
63 49
38 49
65 1
65 25
65 59
25 59
25 46
25 54
46 54
46 28
46 56
28 56
28 44
28 23
44 23
44 65
44 55
65 55
70 111
43 55
43 61
55 61
55 34
55 23
34 23
34 28
34 54
28 54
28 56
28 7
56 7
56 43
56 57
43 57
20 43
20 42
20 62
42 62
42 15
42 31
15 31
15 47
15 63
47 63
47 27
47 60
27 60
27 20
27 3
20 3
22 20
22 37
22 66
37 66
37 19
37 1
19 1
19 44
19 12
44 12
44 13
44 24
13 24
13 22
13 17
22 17
41 43
41 65
41 51
65 51
65 11
65 50
11 50
11 59
11 67
59 67
59 25
59 38
25 38
25 41
25 39
41 39
14 41
14 53
14 26
53 26
53 48
53 6
48 6
48 33
48 58
33 58
33 5
33 52
5 52
5 14
5 49
14 49
10 43
10 36
10 69
36 69
36 21
36 9
21 9
21 64
21 30
64 30
64 68
64 46
68 46
68 10
68 8
10 8
70 14
70 2
70 40
2 40
2 29
2 35
29 35
29 16
29 32
16 32
16 4
16 18
4 18
4 70
4 45
70 45
70 111
39 67
39 36
67 36
67 11
67 31
11 31
11 17
11 30
17 30
17 2
17 53
2 53
2 39
2 49
39 49
26 39
26 48
26 33
48 33
48 28
48 69
28 69
28 42
28 40
42 40
42 35
42 1
35 1
35 26
35 15
26 15
14 39
14 68
14 62
68 62
68 37
68 5
37 5
37 20
37 3
20 3
20 29
20 56
29 56
29 14
29 16
14 16
58 26
58 70
58 50
70 50
70 9
70 22
9 22
9 24
9 34
24 34
24 66
24 23
66 23
66 58
66 7
58 7
4 14
4 55
4 21
55 21
55 6
55 64
6 64
6 63
6 25
63 25
63 60
63 38
60 38
60 4
60 44
4 44
43 58
43 19
43 18
19 18
19 65
19 46
65 46
65 51
65 54
51 54
51 47
51 41
47 41
47 43
47 12
43 12
61 39
61 32
61 45
32 45
32 59
32 52
59 52
59 8
59 10
8 10
8 13
8 27
13 27
13 61
13 57
61 57
70 111
51 5
51 24
5 24
5 26
5 25
26 25
26 59
26 55
59 55
59 2
59 64
2 64
2 51
2 38
51 38
62 51
62 54
62 12
54 12
54 19
54 34
19 34
19 3
19 42
3 42
3 7
3 18
7 18
7 62
7 47
62 47
36 51
36 10
36 21
10 21
10 65
10 32
65 32
65 60
65 27
60 27
60 63
60 50
63 50
63 36
63 53
36 53
30 51
30 48
30 4
48 4
48 49
48 17
49 17
49 8
49 40
8 40
8 11
8 9
11 9
11 30
11 46
30 46
33 62
33 29
33 14
29 14
29 16
29 41
16 41
16 23
16 28
23 28
23 69
23 68
69 68
69 33
69 6
33 6
66 51
66 45
66 39
45 39
45 1
45 57
1 57
1 43
1 20
43 20
43 61
43 70
61 70
61 66
61 56
66 56
52 51
52 13
52 35
13 35
13 22
13 44
22 44
22 15
22 37
15 37
15 31
15 67
31 67
31 52
31 58
52 58
70 111
11 68
11 3
68 3
68 34
68 47
34 47
34 54
34 29
54 29
54 65
54 39
65 39
65 11
65 42
11 42
57 11
57 16
57 46
16 46
16 6
16 20
6 20
6 60
6 1
60 1
60 32
60 22
32 22
32 57
32 19
57 19
45 57
45 17
45 37
17 37
17 67
17 52
67 52
67 28
67 49
28 49
28 27
28 55
27 55
27 45
27 43
45 43
23 11
23 21
23 35
21 35
21 25
21 40
25 40
25 24
25 13
24 13
24 51
24 26
51 26
51 23
51 8
23 8
53 45
53 5
53 59
5 59
5 7
5 10
7 10
7 41
7 69
41 69
41 58
41 64
58 64
58 53
58 18
53 18
12 53
12 33
12 50
33 50
33 61
33 56
61 56
61 44
61 36
44 36
44 14
44 70
14 70
14 12
14 63
12 63
4 53
4 30
4 2
30 2
30 31
30 9
31 9
31 38
31 15
38 15
38 48
38 62
48 62
48 4
48 66
4 66
70 111
39 62
39 45
62 45
62 1
62 59
1 59
1 28
1 24
28 24
28 18
28 9
18 9
18 39
18 41
39 41
25 39
25 12
25 40
12 40
12 22
12 17
22 17
22 68
22 64
68 64
68 52
68 50
52 50
52 25
52 60
25 60
55 39
55 33
55 34
33 34
33 29
33 19
29 19
29 38
29 54
38 54
38 66
38 70
66 70
66 55
66 65
55 65
42 39
42 20
42 10
20 10
20 35
20 5
35 5
35 48
35 32
48 32
48 43
48 44
43 44
43 42
43 57
42 57
37 55
37 51
37 30
51 30
51 21
51 23
21 23
21 4
21 58
4 58
4 14
4 31
14 31
14 37
14 56
37 56
36 42
36 61
36 63
61 63
61 67
61 2
67 2
67 27
67 11
27 11
27 53
27 3
53 3
53 36
53 7
36 7
6 36
6 13
6 16
13 16
13 46
13 26
46 26
46 49
46 15
49 15
49 47
49 8
47 8
47 6
47 69
6 69
70 111
8 15
8 28
15 28
15 13
15 49
13 49
13 66
13 7
66 7
66 29
66 25
29 25
29 8
29 4
8 4
31 8
31 14
31 55
14 55
14 64
14 59
64 59
64 56
64 43
56 43
56 50
56 42
50 42
50 31
50 5
31 5
52 31
52 16
52 27
16 27
16 24
16 35
24 35
24 10
24 65
10 65
10 70
10 48
70 48
70 52
70 3
52 3
17 31
17 68
17 41
68 41
68 36
68 37
36 37
36 47
36 2
47 2
47 34
47 61
34 61
34 17
34 44
17 44
69 8
69 46
69 26
46 26
46 30
46 22
30 22
30 38
30 32
38 32
38 9
38 23
9 23
9 69
9 18
69 18
21 17
21 51
21 6
51 6
51 1
51 67
1 67
1 63
1 45
63 45
63 40
63 33
40 33
40 21
40 60
21 60
54 8
54 57
54 58
57 58
57 20
57 39
20 39
20 11
20 12
11 12
11 19
11 53
19 53
19 54
19 62
54 62
70 111
66 33
66 8
33 8
33 65
33 19
65 19
65 6
65 11
6 11
6 69
6 29
69 29
69 66
69 61
66 61
37 66
37 53
37 49
53 49
53 35
53 62
35 62
35 63
35 17
63 17
63 30
63 44
30 44
30 37
30 27
37 27
59 66
59 46
59 7
46 7
46 22
46 2
22 2
22 60
22 21
60 21
60 9
60 20
9 20
9 59
9 68
59 68
32 37
32 28
32 14
28 14
28 39
28 15
39 15
39 52
39 48
52 48
52 31
52 43
31 43
31 32
31 5
32 5
3 59
3 64
3 51
64 51
64 36
64 70
36 70
36 41
36 56
41 56
41 1
41 40
1 40
1 3
1 47
3 47
45 3
45 12
45 34
12 34
12 42
12 23
42 23
42 25
42 38
25 38
25 16
25 54
16 54
16 45
16 55
45 55
67 45
67 26
67 4
26 4
26 58
26 50
58 50
58 10
58 13
10 13
10 24
10 57
24 57
24 67
24 18
67 18
70 111
10 49
10 47
49 47
49 45
49 23
45 23
45 65
45 44
65 44
65 41
65 19
41 19
41 10
41 55
10 55
29 10
29 50
29 2
50 2
50 48
50 59
48 59
48 8
48 62
8 62
8 3
8 9
3 9
3 29
3 18
29 18
28 10
28 17
28 33
17 33
17 53
17 32
53 32
53 38
53 25
38 25
38 6
38 15
6 15
6 28
6 39
28 39
35 28
35 69
35 36
69 36
69 58
69 61
58 61
58 12
58 21
12 21
12 20
12 37
20 37
20 35
20 68
35 68
16 35
16 46
16 63
46 63
46 64
46 66
64 66
64 13
64 24
13 24
13 7
13 11
7 11
7 16
7 60
16 60
54 28
54 42
54 70
42 70
42 56
42 14
56 14
56 5
56 34
5 34
5 1
5 26
1 26
1 54
1 40
54 40
43 29
43 51
43 30
51 30
51 4
51 27
4 27
4 67
4 22
67 22
67 52
67 31
52 31
52 43
52 57
43 57
70 111
12 16
12 38
16 38
16 30
16 8
30 8
30 31
30 26
31 26
31 65
31 50
65 50
65 12
65 66
12 66
64 12
64 68
64 67
68 67
68 43
68 24
43 24
43 70
43 19
70 19
70 2
70 27
2 27
2 64
2 10
64 10
32 12
32 39
32 45
39 45
39 6
39 3
6 3
6 48
6 36
48 36
48 20
48 14
20 14
20 32
20 51
32 51
21 12
21 22
21 13
22 13
22 29
22 9
29 9
29 17
29 55
17 55
17 11
17 18
11 18
11 21
11 42
21 42
49 64
49 59
49 1
59 1
59 52
59 23
52 23
52 47
52 37
47 37
47 61
47 7
61 7
61 49
61 62
49 62
63 49
63 5
63 4
5 4
5 34
5 57
34 57
34 15
34 33
15 33
15 46
15 41
46 41
46 63
46 53
63 53
25 63
25 54
25 28
54 28
54 35
54 56
35 56
35 69
35 40
69 40
69 58
69 44
58 44
58 25
58 60
25 60
70 111
63 48
63 58
48 58
48 31
48 14
31 14
31 6
31 57
6 57
6 1
6 27
1 27
1 63
1 54
63 54
59 63
59 45
59 22
45 22
45 26
45 52
26 52
26 21
26 8
21 8
21 55
21 67
55 67
55 59
55 32
59 32
68 59
68 17
68 18
17 18
17 38
17 2
38 2
38 36
38 51
36 51
36 13
36 60
13 60
13 68
13 19
68 19
23 63
23 42
23 61
42 61
42 16
42 50
16 50
16 37
16 3
37 3
37 44
37 53
44 53
44 23
44 12
23 12
66 59
66 49
66 15
49 15
49 7
49 5
7 5
7 62
7 24
62 24
62 25
62 39
25 39
25 66
25 34
66 34
11 68
11 41
11 35
41 35
41 20
41 56
20 56
20 30
20 33
30 33
30 43
30 10
43 10
43 11
43 40
11 40
9 59
9 70
9 28
70 28
70 64
70 69
64 69
64 4
64 47
4 47
4 29
4 65
29 65
29 9
29 46
9 46
70 111
21 68
21 70
68 70
68 51
68 20
51 20
51 4
51 19
4 19
4 39
4 23
39 23
39 21
39 60
21 60
65 21
65 14
65 58
14 58
14 47
14 52
47 52
47 49
47 38
49 38
49 5
49 37
5 37
5 65
5 42
65 42
44 21
44 30
44 40
30 40
30 45
30 50
45 50
45 33
45 27
33 27
33 22
33 53
22 53
22 44
22 61
44 61
11 44
11 18
11 3
18 3
18 57
18 9
57 9
57 48
57 28
48 28
48 15
48 46
15 46
15 11
15 59
11 59
17 44
17 6
17 13
6 13
6 29
6 43
29 43
29 63
29 64
63 64
63 16
63 41
16 41
16 17
16 56
17 56
25 44
25 7
25 1
7 1
7 12
7 69
12 69
12 36
12 31
36 31
36 54
36 55
54 55
54 25
54 2
25 2
67 21
67 34
67 35
34 35
34 8
34 32
8 32
8 62
8 26
62 26
62 10
62 66
10 66
10 67
10 24
67 24
70 111
41 14
41 38
14 38
14 11
14 26
11 26
11 44
11 12
44 12
44 58
44 4
58 4
58 41
58 70
41 70
61 41
61 57
61 49
57 49
57 24
57 39
24 39
24 62
24 56
62 56
62 48
62 59
48 59
48 61
48 8
61 8
47 61
47 16
47 68
16 68
16 55
16 18
55 18
55 23
55 17
23 17
23 20
23 32
20 32
20 47
20 53
47 53
25 61
25 33
25 22
33 22
33 40
33 52
40 52
40 46
40 19
46 19
46 37
46 6
37 6
37 25
37 2
25 2
21 25
21 67
21 28
67 28
67 34
67 63
34 63
34 50
34 65
50 65
50 54
50 5
54 5
54 21
54 64
21 64
3 25
3 36
3 51
36 51
36 10
36 15
10 15
10 43
10 7
43 7
43 42
43 29
42 29
42 3
42 1
3 1
31 21
31 35
31 69
35 69
35 30
35 27
30 27
30 13
30 9
13 9
13 45
13 60
45 60
45 31
45 66
31 66
70 111
32 59
32 5
59 5
59 7
59 60
7 60
7 67
7 35
67 35
67 48
67 29
48 29
48 32
48 65
32 65
64 32
64 43
64 20
43 20
43 44
43 56
44 56
44 26
44 68
26 68
26 58
26 47
58 47
58 64
58 37
64 37
45 32
45 6
45 21
6 21
6 49
6 11
49 11
49 62
49 38
62 38
62 33
62 30
33 30
33 45
33 22
45 22
8 45
8 24
8 28
24 28
24 57
24 55
57 55
57 14
57 13
14 13
14 18
14 51
18 51
18 8
18 17
8 17
52 64
52 66
52 19
66 19
66 63
66 54
63 54
63 70
63 61
70 61
70 15
70 46
15 46
15 52
15 39
52 39
36 8
36 12
36 16
12 16
12 25
12 4
25 4
25 2
25 42
2 42
2 53
2 10
53 10
53 36
53 40
36 40
3 52
3 34
3 31
34 31
34 41
34 23
41 23
41 50
41 9
50 9
50 1
50 27
1 27
1 3
1 69
3 69
70 111
68 61
68 10
61 10
61 36
61 54
36 54
36 49
36 67
49 67
49 28
49 9
28 9
28 68
28 45
68 45
34 68
34 7
34 22
7 22
7 3
7 17
3 17
3 33
3 13
33 13
33 41
33 27
41 27
41 34
41 18
34 18
65 68
65 25
65 8
25 8
25 1
25 20
1 20
1 42
1 53
42 53
42 52
42 59
52 59
52 65
52 50
65 50
24 68
24 26
24 2
26 2
26 6
26 62
6 62
6 31
6 19
31 19
31 51
31 60
51 60
51 24
51 64
24 64
12 65
12 66
12 40
66 40
66 11
66 16
11 16
11 21
11 44
21 44
21 4
21 69
4 69
4 12
4 38
12 38
14 34
14 56
14 55
56 55
56 57
56 48
57 48
57 5
57 58
5 58
5 35
5 46
35 46
35 14
35 15
14 15
47 65
47 63
47 70
63 70
63 23
63 30
23 30
23 32
23 39
32 39
32 29
32 43
29 43
29 47
29 37
47 37
70 111
6 20
6 68
20 68
20 32
20 28
32 28
32 53
32 33
53 33
53 12
53 39
12 39
12 6
12 65
6 65
54 6
54 46
54 22
46 22
46 63
46 21
63 21
63 18
63 49
18 49
18 57
18 61
57 61
57 54
57 35
54 35
70 54
70 62
70 48
62 48
62 55
62 27
55 27
55 10
55 34
10 34
10 15
10 59
15 59
15 70
15 64
70 64
5 6
5 40
5 24
40 24
40 7
40 56
7 56
7 4
7 9
4 9
4 31
4 43
31 43
31 5
31 50
5 50
44 54
44 66
44 60
66 60
66 26
66 45
26 45
26 42
26 58
42 58
42 38
42 25
38 25
38 44
38 8
44 8
3 5
3 17
3 2
17 2
17 69
17 13
69 13
69 67
69 14
67 14
67 19
67 11
19 11
19 3
19 37
3 37
1 6
1 16
1 52
16 52
16 23
16 36
23 36
23 47
23 30
47 30
47 29
47 51
29 51
29 1
29 41
1 41
70 111
39 15
39 51
15 51
15 12
15 6
12 6
12 28
12 36
28 36
28 58
28 64
58 64
58 39
58 1
39 1
33 39
33 62
33 21
62 21
62 34
62 4
34 4
34 26
34 50
26 50
26 53
26 30
53 30
53 33
53 32
33 32
43 33
43 56
43 67
56 67
56 10
56 22
10 22
10 11
10 63
11 63
11 31
11 45
31 45
31 43
31 41
43 41
13 39
13 8
13 7
8 7
8 9
8 65
9 65
9 68
9 38
68 38
68 40
68 52
40 52
40 13
40 61
13 61
42 13
42 20
42 49
20 49
20 16
20 55
16 55
16 44
16 60
44 60
44 25
44 46
25 46
25 42
25 48
42 48
54 43
54 2
54 66
2 66
2 47
2 35
47 35
47 3
47 70
3 70
3 24
3 5
24 5
24 54
24 27
54 27
57 39
57 29
57 14
29 14
29 59
29 23
59 23
59 17
59 37
17 37
17 69
17 18
69 18
69 57
69 19
57 19
70 111
40 64
40 60
64 60
64 65
64 52
65 52
65 62
65 59
62 59
62 38
62 24
38 24
38 40
38 10
40 10
36 40
36 69
36 53
69 53
69 14
69 42
14 42
14 49
14 56
49 56
49 37
49 2
37 2
37 36
37 48
36 48
68 40
68 44
68 1
44 1
44 39
44 22
39 22
39 25
39 18
25 18
25 61
25 19
61 19
61 68
61 23
68 23
50 40
50 15
50 4
15 4
15 57
15 58
57 58
57 9
57 67
9 67
9 31
9 46
31 46
31 50
31 13
50 13
70 50
70 66
70 28
66 28
66 41
66 33
41 33
41 12
41 54
12 54
12 26
12 5
26 5
26 70
26 47
70 47
34 40
34 27
34 45
27 45
27 8
27 20
8 20
8 32
8 3
32 3
32 11
32 16
11 16
11 34
11 63
34 63
35 70
35 43
35 17
43 17
43 6
43 51
6 51
6 55
6 29
55 29
55 7
55 30
7 30
7 35
7 21
35 21
70 111
55 50
55 30
50 30
50 63
50 13
63 13
63 28
63 12
28 12
28 42
28 26
42 26
42 55
42 39
55 39
48 55
48 67
48 32
67 32
67 52
67 65
52 65
52 61
52 44
61 44
61 1
61 69
1 69
1 48
1 19
48 19
5 55
5 20
5 29
20 29
20 58
20 4
58 4
58 46
58 22
46 22
46 70
46 31
70 31
70 5
70 6
5 6
25 48
25 16
25 45
16 45
16 9
16 38
9 38
9 60
9 36
60 36
60 11
60 21
11 21
11 25
11 54
25 54
51 48
51 18
51 14
18 14
18 24
18 17
24 17
24 43
24 7
43 7
43 47
43 41
47 41
47 51
47 68
51 68
64 48
64 2
64 49
2 49
2 57
2 35
57 35
57 66
57 53
66 53
66 8
66 15
8 15
8 64
8 59
64 59
62 51
62 23
62 27
23 27
23 40
23 3
40 3
40 34
40 56
34 56
34 37
34 10
37 10
37 62
37 33
62 33
70 111
8 29
8 5
29 5
29 60
29 55
60 55
60 32
60 39
32 39
32 26
32 30
26 30
26 8
26 57
8 57
54 8
54 7
54 36
7 36
7 6
7 20
6 20
6 40
6 27
40 27
40 45
40 9
45 9
45 54
45 10
54 10
52 54
52 11
52 68
11 68
11 43
11 24
43 24
43 62
43 35
62 35
62 51
62 13
51 13
51 52
51 64
52 64
33 52
33 56
33 44
56 44
56 61
56 70
61 70
61 22
61 48
22 48
22 4
22 17
4 17
4 33
4 65
33 65
53 52
53 28
53 41
28 41
28 38
28 31
38 31
38 66
38 58
66 58
66 1
66 69
1 69
1 53
1 67
53 67
25 52
25 37
25 19
37 19
37 21
37 12
21 12
21 59
21 47
59 47
59 50
59 42
50 42
50 25
50 15
25 15
49 8
49 63
49 46
63 46
63 18
63 16
18 16
18 23
18 14
23 14
23 34
23 2
34 2
34 49
34 3
49 3
70 111
57 50
57 51
50 51
50 16
50 3
16 3
16 41
16 26
41 26
41 36
41 9
36 9
36 57
36 35
57 35
69 57
69 40
69 14
40 14
40 31
40 46
31 46
31 67
31 59
67 59
67 60
67 48
60 48
60 69
60 32
69 32
15 57
15 66
15 29
66 29
66 42
66 5
42 5
42 39
42 54
39 54
39 23
39 10
23 10
23 15
23 68
15 68
18 15
18 13
18 4
13 4
13 6
13 58
6 58
6 11
6 61
11 61
11 49
11 2
49 2
49 18
49 34
18 34
55 15
55 27
55 45
27 45
27 64
27 43
64 43
64 22
64 37
22 37
22 7
22 19
7 19
7 55
7 52
55 52
53 69
53 20
53 28
20 28
20 30
20 12
30 12
30 70
30 63
70 63
70 8
70 62
8 62
8 53
8 56
53 56
47 57
47 38
47 65
38 65
38 1
38 24
1 24
1 21
1 44
21 44
21 33
21 25
33 25
33 47
33 17
47 17
70 111
50 69
50 63
69 63
69 29
69 23
29 23
29 44
29 54
44 54
44 60
44 41
60 41
60 50
60 59
50 59
38 50
38 9
38 22
9 22
9 10
9 66
10 66
10 55
10 57
55 57
55 19
55 32
19 32
19 38
19 12
38 12
37 50
37 65
37 48
65 48
65 1
65 25
1 25
1 31
1 13
31 13
31 45
31 2
45 2
45 37
45 7
37 7
42 38
42 3
42 24
3 24
3 26
3 49
26 49
26 14
26 56
14 56
14 70
14 68
70 68
70 42
70 58
42 58
28 38
28 51
28 11
51 11
51 39
51 27
39 27
39 35
39 6
35 6
35 20
35 61
20 61
20 28
20 21
28 21
16 38
16 15
16 4
15 4
15 36
15 30
36 30
36 62
36 64
62 64
62 67
62 18
67 18
67 16
67 33
16 33
43 50
43 5
43 46
5 46
5 53
5 52
53 52
53 47
53 34
47 34
47 40
47 17
40 17
40 43
40 8
43 8
70 111
20 57
20 40
57 40
57 3
57 65
3 65
3 58
3 55
58 55
58 46
58 21
46 21
46 20
46 67
20 67
41 20
41 29
41 37
29 37
29 22
29 9
22 9
22 32
22 4
32 4
32 42
32 31
42 31
42 41
42 45
41 45
54 20
54 33
54 61
33 61
33 11
33 59
11 59
11 70
11 14
70 14
70 66
70 13
66 13
66 54
66 52
54 52
38 41
38 27
38 17
27 17
27 1
27 68
1 68
1 35
1 16
35 16
35 36
35 24
36 24
36 38
36 6
38 6
53 41
53 44
53 69
44 69
44 30
44 34
30 34
30 28
30 19
28 19
28 63
28 26
63 26
63 53
63 49
53 49
64 54
64 25
64 2
25 2
25 56
25 43
56 43
56 62
56 15
62 15
62 60
62 18
60 18
60 64
60 39
64 39
51 41
51 7
51 12
7 12
7 50
7 48
50 48
50 10
50 5
10 5
10 8
10 23
8 23
8 51
8 47
51 47
70 111
32 36
32 40
36 40
36 22
36 6
22 6
22 25
22 54
25 54
25 7
25 66
7 66
7 32
7 55
32 55
2 32
2 45
2 21
45 21
45 59
45 15
59 15
59 49
59 60
49 60
49 12
49 42
12 42
12 2
12 13
2 13
38 32
38 20
38 48
20 48
20 5
20 9
5 9
5 69
5 23
69 23
69 10
69 33
10 33
10 38
10 37
38 37
41 2
41 4
41 47
4 47
4 28
4 27
28 27
28 19
28 39
19 39
19 46
19 30
46 30
46 41
46 3
41 3
24 38
24 64
24 70
64 70
64 61
64 63
61 63
61 1
61 65
1 65
1 62
1 26
62 26
62 24
62 57
24 57
50 32
50 53
50 35
53 35
53 16
53 18
16 18
16 44
16 11
44 11
44 67
44 43
67 43
67 50
67 31
50 31
14 32
14 58
14 34
58 34
58 29
58 51
29 51
29 17
29 68
17 68
17 8
17 52
8 52
8 14
8 56
14 56
70 111
16 61
16 63
61 63
61 14
61 53
14 53
14 66
14 15
66 15
66 12
66 47
12 47
12 16
12 55
16 55
31 16
31 19
31 11
19 11
19 21
19 36
21 36
21 17
21 10
17 10
17 9
17 24
9 24
9 31
9 22
31 22
44 31
44 60
44 33
60 33
60 26
60 34
26 34
26 38
26 28
38 28
38 62
38 6
62 6
62 44
62 18
44 18
3 44
3 57
3 8
57 8
57 45
57 20
45 20
45 51
45 7
51 7
51 67
51 4
67 4
67 3
67 41
3 41
32 3
32 23
32 68
23 68
23 65
23 48
65 48
65 35
65 43
35 43
35 27
35 69
27 69
27 32
27 40
32 40
25 32
25 52
25 49
52 49
52 58
52 42
58 42
58 39
58 46
39 46
39 59
39 54
59 54
59 25
59 56
25 56
29 16
29 30
29 2
30 2
30 13
30 1
13 1
13 37
13 70
37 70
37 64
37 50
64 50
64 29
64 5
29 5
70 111
7 50
7 40
50 40
50 38
50 22
38 22
38 41
38 65
41 65
41 23
41 28
23 28
23 7
23 12
7 12
25 7
25 57
25 48
57 48
57 33
57 51
33 51
33 21
33 47
21 47
21 55
21 63
55 63
55 25
55 2
25 2
19 7
19 68
19 52
68 52
68 69
68 16
69 16
69 67
69 44
67 44
67 32
67 39
32 39
32 19
32 14
19 14
20 7
20 8
20 15
8 15
8 42
8 13
42 13
42 60
42 35
60 35
60 11
60 26
11 26
11 20
11 9
20 9
64 25
64 3
64 66
3 66
3 4
3 61
4 61
4 56
4 17
56 17
56 31
56 45
31 45
31 64
31 53
64 53
24 64
24 1
24 30
1 30
1 29
1 49
29 49
29 37
29 6
37 6
37 27
37 46
27 46
27 24
27 62
24 62
59 25
59 18
59 43
18 43
18 70
18 34
70 34
70 58
70 5
58 5
58 10
58 36
10 36
10 59
10 54
59 54
70 111
38 69
38 49
69 49
69 51
69 52
51 52
51 20
51 64
20 64
20 46
20 32
46 32
46 38
46 40
38 40
23 38
23 24
23 70
24 70
24 4
24 54
4 54
4 42
4 10
42 10
42 43
42 47
43 47
43 23
43 56
23 56
18 23
18 26
18 12
26 12
26 15
26 7
15 7
15 22
15 1
22 1
22 34
22 50
34 50
34 18
34 59
18 59
33 23
33 29
33 2
29 2
29 60
29 35
60 35
60 53
60 66
53 66
53 14
53 48
14 48
14 33
14 36
33 36
9 33
9 13
9 39
13 39
13 41
13 17
41 17
41 61
41 62
61 62
61 57
61 44
57 44
57 9
57 25
9 25
28 33
28 6
28 45
6 45
6 31
6 37
31 37
31 30
31 16
30 16
30 5
30 3
5 3
5 28
5 11
28 11
63 18
63 68
63 58
68 58
68 65
68 21
65 21
65 27
65 55
27 55
27 8
27 67
8 67
8 63
8 19
63 19
