70 151
12 14
14 57
57 43
43 37
37 66
66 15
15 5
5 31
31 32
32 47
47 29
29 30
30 70
70 68
68 44
44 27
27 13
13 46
46 59
59 41
41 20
20 50
50 45
45 8
8 60
60 3
3 52
52 65
65 67
67 7
7 22
22 38
38 10
10 42
42 28
28 69
69 6
6 49
49 4
4 62
62 16
16 11
11 39
39 23
23 48
48 58
58 51
51 24
24 19
19 21
21 40
40 54
54 61
61 36
36 9
9 53
53 55
55 18
18 17
17 2
2 25
25 26
26 34
34 56
56 35
35 63
63 1
1 64
64 33
33 12
27 21
47 65
31 61
65 32
12 7
30 28
69 54
63 4
57 19
27 67
59 25
52 14
45 36
3 29
28 18
5 19
28 52
25 39
33 57
43 33
26 10
20 49
24 1
12 26
31 4
53 29
15 8
42 38
19 8
48 29
11 47
29 51
63 27
45 15
68 67
64 4
64 25
28 16
8 16
49 8
40 35
5 8
53 39
48 22
26 69
1 48
68 66
38 30
64 69
51 50
50 53
2 53
27 69
70 35
5 24
48 64
34 21
53 14
60 16
7 45
65 6
63 37
52 32
63 48
15 11
23 2
46 32
5 65
41 54
70 7
18 35
68 5
54 21
47 54
46 39
30 40
41 46
33 47
68 11
13 42
38 69
70 225
50 65
65 18
18 54
54 8
8 12
12 2
2 13
13 62
62 24
24 32
32 5
5 41
41 38
38 31
31 28
28 34
34 17
17 21
21 6
6 46
46 3
3 51
51 66
66 14
14 27
27 48
48 44
44 29
29 57
57 35
35 26
26 4
4 47
47 39
39 56
56 40
40 58
58 16
16 53
53 52
52 61
61 42
42 25
25 7
7 59
59 68
68 67
67 22
22 33
33 60
60 9
9 55
55 1
1 11
11 43
43 20
20 45
45 64
64 36
36 23
23 69
69 30
30 37
37 70
70 49
49 10
10 19
19 63
63 15
15 50
25 48
49 30
36 4
29 13
54 7
18 3
47 52
60 15
32 25
6 68
52 70
29 17
31 69
4 49
47 65
26 9
24 20
69 17
51 12
30 8
44 31
55 6
28 4
8 68
35 19
25 61
7 21
6 30
63 69
9 17
33 70
36 22
49 51
31 46
17 68
28 43
20 47
36 42
28 5
66 65
65 5
8 22
62 17
12 20
5 14
10 22
40 41
11 12
6 12
32 36
49 64
25 8
9 49
47 32
12 7
24 64
50 56
20 54
19 33
2 9
47 23
43 38
43 60
35 13
16 14
9 63
30 10
58 26
50 9
61 13
64 12
20 70
34 67
32 45
5 8
23 52
1 17
54 39
36 70
17 2
30 67
12 39
23 37
52 31
59 11
61 35
19 64
41 32
29 64
37 20
57 60
12 52
49 16
14 64
63 18
60 49
18 40
12 18
66 68
12 48
31 48
53 6
35 44
24 61
69 39
45 21
22 59
62 29
68 31
50 61
69 19
29 21
36 33
21 1
58 60
33 66
65 48
62 56
48 11
32 66
3 21
10 5
46 5
26 69
52 60
23 31
66 2
46 35
40 2
2 25
28 15
9 28
33 11
37 62
69 11
11 50
40 20
50 8
17 22
64 6
43 34
8 21
10 39
2 45
7 27
65 52
35 32
2 36
43 18
34 24
52 5
33 65
63 51
21 69
64 35
70 112
39 60
60 3
3 8
8 56
56 31
31 9
9 4
4 23
23 55
55 15
15 43
43 34
34 7
7 52
52 2
2 36
36 18
18 42
42 17
17 45
45 47
47 25
25 62
62 41
41 13
13 61
61 51
51 57
57 11
11 6
6 70
70 19
19 33
33 26
26 5
5 28
28 48
48 64
64 53
53 44
44 67
67 58
58 29
29 32
32 14
14 20
20 59
59 27
27 54
54 30
30 1
1 24
24 37
37 38
38 21
21 69
69 66
66 22
22 68
68 40
40 63
63 65
65 10
10 12
12 50
50 46
46 49
49 35
35 16
16 39
64 45
34 41
70 53
62 47
16 4
47 6
48 50
7 1
62 3
70 4
50 49
32 33
9 44
59 67
64 3
56 35
10 30
21 1
43 39
56 1
9 33
43 20
10 57
5 23
41 51
64 49
34 70
57 50
25 70
17 53
49 26
10 11
6 29
68 15
32 67
11 1
63 22
12 20
9 37
59 19
10 61
51 4
70 171
40 41
41 33
33 42
42 4
4 38
38 20
20 13
13 31
31 23
23 67
67 60
60 10
10 18
18 7
7 45
45 37
37 17
17 12
12 30
30 54
54 28
28 48
48 58
58 69
69 55
55 35
35 51
51 43
43 19
19 66
66 3
3 62
62 25
25 68
68 26
26 14
14 70
70 65
65 44
44 1
1 15
15 49
49 5
5 52
52 46
46 59
59 63
63 64
64 61
61 22
22 53
53 56
56 2
2 21
21 36
36 34
34 11
11 50
50 24
24 9
9 27
27 16
16 8
8 6
6 29
29 57
57 32
32 47
47 39
39 40
37 33
30 38
49 36
9 38
19 38
44 32
18 59
46 44
56 61
23 3
67 56
67 51
41 19
4 47
63 41
48 12
24 26
25 23
10 9
10 41
11 60
28 14
57 24
29 54
61 45
43 62
3 14
22 41
53 31
58 44
15 7
12 52
10 1
4 68
61 66
14 62
20 12
32 23
10 44
32 55
34 13
21 5
70 48
38 36
19 60
35 25
8 49
46 63
63 68
9 30
31 46
23 18
2 49
62 20
29 52
2 16
35 2
66 48
15 12
23 63
49 66
63 65
41 39
37 10
12 61
63 39
24 59
67 34
42 48
35 9
64 32
2 5
63 28
65 40
39 49
55 54
40 51
11 49
13 41
8 48
65 8
15 13
3 24
50 58
40 62
31 44
26 47
38 17
66 10
47 63
68 54
64 11
12 67
49 1
54 31
42 22
20 44
2 36
40 66
51 30
2 61
70 73
55 46
46 12
12 6
6 70
70 33
33 15
15 27
27 52
52 7
7 56
56 38
38 19
19 4
4 44
44 49
49 68
68 50
50 2
2 40
40 26
26 24
24 14
14 20
20 3
3 5
5 47
47 54
54 39
39 9
9 37
37 48
48 1
1 66
66 45
45 30
30 43
43 34
34 65
65 28
28 17
17 62
62 10
10 42
42 64
64 63
63 41
41 51
51 57
57 53
53 23
23 18
18 22
22 36
36 25
25 31
31 11
11 67
67 60
60 61
61 59
59 29
29 69
69 58
58 21
21 32
32 16
16 13
13 8
8 35
35 55
49 62
15 1
29 67
70 78
42 66
66 61
61 49
49 3
3 23
23 32
32 54
54 28
28 63
63 22
22 12
12 31
31 50
50 21
21 51
51 9
9 36
36 17
17 10
10 68
68 59
59 53
53 2
2 20
20 25
25 14
14 35
35 18
18 45
45 56
56 13
13 58
58 60
60 52
52 64
64 55
55 27
27 15
15 46
46 38
38 26
26 34
34 11
11 19
19 5
5 57
57 67
67 7
7 69
69 29
29 70
70 40
40 44
44 30
30 33
33 41
41 24
24 48
48 65
65 37
37 6
6 4
4 39
39 16
16 43
43 47
47 1
1 8
8 62
62 42
32 44
16 54
7 62
22 61
44 39
70 32
69 39
39 35
70 155
46 35
35 64
64 25
25 28
28 55
55 69
69 34
34 32
32 18
18 14
14 1
1 56
56 61
61 59
59 44
44 16
16 47
47 70
70 53
53 21
21 54
54 67
67 51
51 33
33 52
52 4
4 60
60 27
27 36
36 66
66 29
29 49
49 22
22 12
12 6
6 2
2 48
48 20
20 11
11 43
43 19
19 38
38 30
30 13
13 39
39 62
62 57
57 58
58 23
23 24
24 65
65 8
8 37
37 26
26 41
41 9
9 50
50 3
3 10
10 63
63 45
45 5
5 40
40 17
17 68
68 31
31 15
15 7
7 42
42 46
57 54
13 41
23 68
2 15
17 41
37 50
59 45
65 43
35 36
67 13
19 5
45 4
61 36
29 31
8 57
36 62
37 55
59 60
11 29
53 16
65 48
50 27
5 68
42 14
68 52
48 13
18 66
17 50
8 55
37 67
25 48
20 38
67 39
34 65
68 12
66 8
19 68
5 46
68 35
68 28
4 44
5 18
22 10
47 1
39 12
51 7
21 24
61 16
42 45
23 51
46 17
8 22
19 65
58 56
12 8
62 25
43 13
62 34
40 23
33 50
32 21
6 7
17 55
57 22
4 21
26 57
34 52
39 57
47 67
30 50
26 45
12 47
41 5
39 38
45 50
32 58
60 68
20 51
41 14
27 58
51 21
63 64
18 23
66 67
23 29
70 237
4 48
48 15
15 34
34 16
16 10
10 22
22 14
14 24
24 9
9 46
46 11
11 32
32 61
61 3
3 44
44 1
1 12
12 69
69 55
55 30
30 8
8 66
66 56
56 31
31 50
50 53
53 39
39 27
27 58
58 43
43 70
70 38
38 25
25 59
59 52
52 42
42 2
2 63
63 26
26 33
33 17
17 35
35 20
20 18
18 64
64 13
13 68
68 45
45 5
5 41
41 47
47 60
60 36
36 23
23 19
19 37
37 49
49 57
57 29
29 21
21 54
54 28
28 62
62 40
40 67
67 7
7 6
6 65
65 51
51 4
25 35
15 17
1 29
69 8
25 49
16 28
68 43
44 38
67 20
9 58
39 46
52 44
52 67
23 28
6 21
65 57
48 27
64 66
47 26
47 36
51 31
66 50
58 28
25 3
13 66
60 55
21 69
26 24
64 44
25 53
16 45
63 23
22 50
35 51
67 56
30 9
25 31
18 51
66 26
67 12
56 58
49 47
38 49
68 36
48 61
7 8
55 51
27 18
4 52
53 65
11 33
53 70
59 8
17 46
70 47
69 34
2 62
15 3
40 11
23 14
41 70
17 60
43 40
54 50
15 40
46 31
56 27
67 26
40 8
45 14
16 52
11 65
62 51
38 9
45 64
4 22
37 28
23 62
67 9
31 38
55 57
10 49
52 39
26 2
28 52
53 36
39 32
26 20
19 45
65 33
45 36
24 44
40 35
69 7
57 6
18 47
59 30
2 56
66 42
4 45
61 35
15 18
66 60
60 14
6 29
33 25
69 42
9 21
48 26
52 49
22 43
9 63
15 41
25 70
15 28
12 16
55 66
58 16
60 52
54 14
60 13
27 14
35 65
60 40
23 68
52 62
38 62
46 35
63 14
38 26
29 5
44 69
23 34
31 37
12 20
7 17
6 47
11 56
20 69
7 9
69 23
13 51
29 33
41 11
26 37
10 40
67 47
41 24
14 69
2 61
39 20
60 29
35 38
62 42
15 37
37 9
28 47
52 9
58 35
49 20
62 22
34 68
68 28
27 55
58 50
67 65
21 59
70 202
26 15
15 16
16 31
31 47
47 53
53 35
35 4
4 27
27 12
12 7
7 6
6 17
17 2
2 40
40 34
34 51
51 55
55 60
60 39
39 42
42 43
43 21
21 62
62 32
32 5
5 10
10 68
68 28
28 65
65 67
67 69
69 50
50 38
38 24
24 63
63 37
37 46
46 70
70 45
45 14
14 61
61 56
56 22
22 9
9 57
57 66
66 54
54 36
36 1
1 29
29 23
23 19
19 52
52 44
44 30
30 25
25 49
49 59
59 18
18 41
41 58
58 13
13 20
20 8
8 64
64 48
48 33
33 11
11 3
3 26
49 60
30 51
23 56
26 42
11 30
54 52
14 60
28 9
44 31
47 61
38 4
65 39
34 3
20 23
68 2
54 3
55 34
15 50
43 12
25 21
52 65
37 48
37 1
69 3
69 68
68 20
52 67
33 9
34 61
33 44
13 61
31 18
35 45
17 12
39 13
52 41
15 56
61 66
29 20
70 27
4 59
13 14
40 23
11 70
23 14
31 56
36 45
70 64
18 30
59 45
60 41
45 69
47 21
65 47
60 36
29 2
69 56
8 44
28 24
13 56
58 30
56 19
21 9
55 53
5 55
31 42
38 58
31 40
7 51
20 34
9 46
1 25
49 51
40 4
13 25
11 40
22 20
53 58
55 32
34 4
60 17
32 49
62 6
31 39
50 23
22 64
7 40
11 56
32 26
55 15
41 42
9 1
7 68
35 7
21 66
15 64
40 13
47 5
54 38
39 24
14 7
2 11
50 26
33 35
64 62
55 56
6 44
61 36
23 58
63 25
8 56
29 54
31 50
8 51
54 8
31 51
20 67
12 19
21 49
8 11
37 24
50 13
47 70
37 53
48 51
49 44
51 1
4 67
42 4
45 15
42 18
29 62
70 101
69 20
20 9
9 57
57 45
45 52
52 40
40 24
24 33
33 55
55 5
5 1
1 44
44 68
68 32
32 47
47 62
62 13
13 53
53 19
19 10
10 36
36 16
16 39
39 63
63 37
37 48
48 34
34 60
60 21
21 27
27 15
15 64
64 43
43 14
14 61
61 4
4 67
67 56
56 11
11 58
58 17
17 22
22 51
51 6
6 54
54 31
31 65
65 38
38 23
23 46
46 8
8 7
7 41
41 50
50 30
30 18
18 26
26 29
29 35
35 28
28 59
59 70
70 3
3 49
49 2
2 25
25 66
66 12
12 42
42 69
20 44
42 19
55 52
53 14
1 46
69 41
24 55
47 63
2 69
5 27
2 15
12 28
11 67
45 68
59 22
57 16
62 28
1 57
64 13
18 61
18 70
36 65
32 11
27 25
2 35
55 14
44 19
15 69
11 29
31 12
42 2
70 147
59 32
32 39
39 48
48 24
24 2
2 18
18 67
67 8
8 30
30 13
13 49
49 52
52 36
36 40
40 1
1 50
50 57
57 9
9 51
51 65
65 17
17 10
10 15
15 54
54 53
53 70
70 25
25 43
43 58
58 37
37 14
14 68
68 62
62 42
42 19
19 3
3 23
23 26
26 66
66 4
4 44
44 21
21 46
46 7
7 5
5 55
55 20
20 6
6 38
38 64
64 29
29 61
61 11
11 60
60 31
31 33
33 47
47 12
12 22
22 56
56 35
35 41
41 63
63 69
69 45
45 16
16 28
28 34
34 27
27 59
51 3
65 68
22 11
11 49
46 59
5 64
2 15
40 54
8 60
64 59
63 51
19 20
14 53
50 4
9 5
32 69
43 26
70 17
30 2
47 67
9 11
37 32
68 50
53 22
57 58
61 2
13 62
47 16
3 5
10 69
5 65
16 63
38 46
20 61
11 27
68 43
3 68
14 45
66 21
9 69
2 31
10 45
66 51
1 42
43 60
60 12
22 1
58 4
9 29
23 18
57 31
30 39
42 29
9 41
52 68
41 48
40 27
2 65
58 32
4 26
56 59
37 12
28 24
43 29
41 51
12 70
44 36
37 66
31 59
64 36
6 59
69 3
70 26
2 14
68 24
17 42
66 12
70 225
33 63
63 41
41 61
61 42
42 62
62 66
66 46
46 21
21 29
29 44
44 53
53 58
58 17
17 64
64 15
15 20
20 19
19 2
2 22
22 34
34 14
14 11
11 54
54 7
7 35
35 18
18 27
27 8
8 16
16 69
69 60
60 56
56 24
24 50
50 30
30 68
68 4
4 39
39 55
55 49
49 47
47 3
3 36
36 40
40 13
13 28
28 25
25 65
65 37
37 12
12 5
5 67
67 70
70 9
9 23
23 57
57 38
38 31
31 45
45 6
6 10
10 52
52 59
59 1
1 43
43 51
51 26
26 32
32 48
48 33
15 58
38 62
58 61
56 63
11 29
19 9
64 47
10 7
4 57
64 69
2 14
48 59
3 9
45 12
45 68
16 27
16 40
48 56
13 65
3 5
18 13
26 25
34 42
10 13
33 44
57 53
70 62
31 20
32 62
27 30
28 8
65 44
31 29
32 13
49 29
62 61
66 47
55 47
56 43
57 18
66 65
65 35
3 2
4 35
34 66
44 50
43 62
62 19
30 38
38 41
46 70
37 15
54 3
10 60
69 23
41 55
20 53
35 44
27 4
58 32
9 4
5 63
60 49
29 8
59 53
34 33
32 12
38 7
53 15
35 13
61 69
69 9
16 62
61 52
34 49
39 42
25 24
32 31
32 5
70 23
67 31
39 53
3 64
33 27
5 2
67 49
38 47
51 54
47 16
2 24
38 56
32 68
31 63
59 57
12 28
45 21
37 40
6 36
34 32
16 48
45 27
37 43
33 9
12 6
53 8
16 9
14 6
54 69
70 53
52 36
10 57
29 35
27 63
12 54
28 22
39 14
55 56
58 46
40 10
50 26
9 8
69 24
22 37
66 44
33 24
64 33
64 11
54 15
63 52
53 37
15 48
70 58
55 57
20 49
39 28
3 37
48 64
22 54
55 27
40 1
38 70
7 49
26 29
49 32
49 44
8 43
3 4
22 48
1 54
9 51
60 30
56 16
62 23
56 18
53 47
70 224
46 33
33 27
27 42
42 59
59 61
61 30
30 56
56 35
35 4
4 19
19 20
20 60
60 23
23 11
11 55
55 49
49 34
34 22
22 29
29 1
1 53
53 14
14 36
36 58
58 39
39 67
67 9
9 51
51 28
28 5
5 37
37 41
41 50
50 7
7 25
25 69
69 31
31 18
18 12
12 32
32 2
2 47
47 64
64 43
43 63
63 6
6 3
3 52
52 15
15 66
66 44
44 10
10 70
70 8
8 48
48 40
40 57
57 26
26 38
38 68
68 13
13 16
16 17
17 62
62 24
24 21
21 65
65 45
45 54
54 46
68 65
68 47
63 31
49 63
6 22
3 19
48 61
35 5
37 36
58 9
58 32
28 64
46 9
36 38
27 40
43 48
13 53
25 66
38 42
48 41
36 2
48 44
34 55
6 58
46 37
10 69
55 32
2 17
43 10
69 64
18 44
32 66
59 45
8 4
2 20
37 10
15 53
18 3
39 16
35 29
22 45
5 70
35 30
27 19
69 15
5 66
43 55
34 19
14 49
57 16
22 32
8 67
59 39
38 17
8 5
54 22
2 44
54 67
50 59
19 12
65 49
13 63
53 6
65 2
44 60
11 67
49 70
55 54
65 11
57 59
32 68
58 65
4 52
27 18
59 10
51 44
47 21
48 52
18 48
35 26
10 2
38 33
65 16
15 22
12 52
26 45
42 4
3 54
64 16
3 17
8 40
24 48
40 12
12 2
28 19
36 62
42 30
43 31
27 8
19 45
53 50
57 47
66 10
17 8
38 64
54 1
27 6
24 14
70 7
52 55
15 56
22 31
48 49
49 41
45 11
59 29
59 1
63 28
15 36
51 39
56 48
53 46
38 15
36 48
36 22
38 60
7 42
57 36
25 57
46 13
5 9
1 39
24 52
14 23
24 6
24 68
12 8
19 67
67 69
30 26
56 53
28 50
46 34
31 4
9 69
56 8
44 5
37 33
15 61
27 47
4 28
14 51
65 66
22 56
70 164
38 40
40 54
54 13
13 6
6 57
57 16
16 25
25 35
35 50
50 32
32 5
5 67
67 69
69 29
29 27
27 26
26 39
39 51
51 55
55 31
31 58
58 3
3 52
52 43
43 59
59 8
8 42
42 4
4 34
34 14
14 60
60 65
65 49
49 30
30 61
61 68
68 15
15 22
22 36
36 7
7 56
56 1
1 64
64 44
44 41
41 53
53 10
10 63
63 28
28 37
37 24
24 9
9 47
47 12
12 17
17 62
62 18
18 66
66 23
23 21
21 70
70 19
19 11
11 46
46 45
45 33
33 2
2 20
20 48
48 38
41 30
10 43
61 4
22 44
41 39
42 63
48 36
13 10
67 59
28 68
51 33
6 14
7 62
6 17
69 46
61 53
31 37
1 58
6 41
16 30
18 11
48 9
60 52
12 66
59 25
70 29
1 69
7 60
14 16
66 57
68 46
14 61
70 54
18 21
46 36
6 7
19 33
7 48
16 69
31 7
10 57
21 48
28 20
52 12
64 25
44 51
60 4
68 39
63 56
35 64
6 27
43 48
29 63
22 23
10 66
66 7
43 24
2 3
29 67
66 26
11 3
29 44
8 10
32 56
24 65
70 22
29 32
8 12
6 70
50 5
18 65
57 11
46 64
27 47
1 34
59 28
25 60
26 33
10 9
22 65
6 25
48 28
24 7
41 42
55 37
69 66
62 60
33 37
57 51
30 64
60 47
46 12
65 31
68 51
70 99
13 24
24 8
8 53
53 38
38 44
44 36
36 43
43 29
29 16
16 59
59 48
48 52
52 23
23 47
47 54
54 35
35 37
37 28
28 34
34 5
5 39
39 26
26 50
50 55
55 3
3 17
17 64
64 32
32 40
40 42
42 62
62 46
46 7
7 69
69 15
15 18
18 30
30 49
49 27
27 45
45 68
68 41
41 11
11 6
6 14
14 70
70 19
19 10
10 25
25 9
9 33
33 63
63 2
2 4
4 51
51 31
31 1
1 20
20 12
12 56
56 22
22 66
66 65
65 67
67 58
58 61
61 57
57 21
21 60
60 13
43 49
18 51
57 33
18 36
66 55
34 4
35 8
47 63
49 45
31 41
36 10
29 64
26 61
66 68
6 10
26 12
43 34
30 11
26 41
12 64
61 21
49 12
68 36
65 17
56 23
29 58
61 55
6 59
4 39
70 179
11 4
4 55
55 58
58 64
64 51
51 50
50 7
7 34
34 20
20 31
31 29
29 19
19 63
63 18
18 24
24 52
52 3
3 28
28 48
48 25
25 44
44 27
27 23
23 17
17 40
40 37
37 15
15 45
45 66
66 32
32 33
33 61
61 12
12 30
30 10
10 68
68 42
42 60
60 53
53 26
26 2
2 46
46 47
47 14
14 69
69 43
43 57
57 6
6 62
62 38
38 5
5 1
1 13
13 54
54 59
59 16
16 67
67 49
49 35
35 70
70 41
41 56
56 9
9 22
22 21
21 8
8 65
65 36
36 39
39 11
25 8
42 13
24 68
34 6
56 16
60 57
12 37
62 19
22 15
61 43
29 66
46 45
26 4
43 7
35 11
13 30
25 30
45 19
33 67
41 66
31 57
13 48
27 8
69 25
5 23
15 38
34 33
35 54
34 59
47 13
5 21
58 20
9 37
69 58
54 34
61 17
60 23
48 70
20 25
69 7
2 28
5 46
22 30
13 66
43 36
54 1
21 61
58 18
64 6
61 64
69 50
4 17
51 19
29 21
49 28
49 60
34 1
17 24
24 8
36 53
6 55
14 64
9 45
54 65
38 11
19 65
6 16
15 60
46 3
34 37
7 59
19 17
47 29
19 1
18 37
24 23
69 68
42 25
19 57
37 31
59 25
20 11
41 19
31 53
43 59
47 22
63 70
9 67
1 9
15 21
62 21
50 2
36 17
20 50
19 32
38 23
46 9
42 36
53 38
53 44
48 4
2 40
4 63
38 30
39 27
21 60
22 39
68 63
62 57
70 120
40 33
33 57
57 16
16 69
69 49
49 45
45 24
24 41
41 26
26 1
1 67
67 14
14 42
42 9
9 64
64 68
68 18
18 56
56 22
22 23
23 61
61 51
51 60
60 15
15 48
48 53
53 43
43 13
13 46
46 31
31 2
2 47
47 20
20 29
29 44
44 54
54 35
35 17
17 32
32 39
39 19
19 27
27 21
21 30
30 62
62 5
5 4
4 34
34 12
12 25
25 11
11 6
6 70
70 36
36 3
3 50
50 37
37 58
58 59
59 28
28 8
8 7
7 52
52 63
63 55
55 65
65 38
38 10
10 66
66 40
11 22
21 58
34 9
65 25
53 15
55 6
54 18
37 55
37 51
48 46
69 45
58 61
62 31
44 35
12 65
58 65
70 38
31 59
38 21
8 48
12 62
12 60
25 16
32 23
61 49
67 19
37 59
38 13
1 43
7 61
52 51
34 48
2 49
30 61
50 39
19 24
29 42
28 61
41 34
51 35
62 38
66 69
54 43
50 49
6 56
27 46
29 50
23 70
56 32
8 41
70 140
65 38
38 37
37 40
40 45
45 7
7 41
41 16
16 42
42 52
52 64
64 5
5 26
26 24
24 17
17 67
67 51
51 1
1 33
33 68
68 69
69 3
3 20
20 55
55 44
44 28
28 12
12 18
18 19
19 25
25 50
50 49
49 70
70 30
30 9
9 2
2 53
53 54
54 66
66 48
48 61
61 6
6 60
60 59
59 36
36 10
10 15
15 58
58 32
32 23
23 8
8 57
57 22
22 46
46 39
39 56
56 43
43 29
29 31
31 11
11 27
27 35
35 14
14 4
4 63
63 13
13 62
62 47
47 21
21 34
34 65
51 21
58 4
40 62
56 38
17 66
57 37
58 26
50 30
40 55
16 3
14 55
28 52
23 59
45 1
18 15
54 11
11 32
28 1
27 32
22 49
34 16
64 27
13 44
5 42
52 39
32 63
59 46
18 20
27 13
49 25
56 65
6 33
61 54
54 43
4 41
52 68
15 29
4 32
27 30
20 15
44 25
9 38
69 55
27 60
38 70
34 59
18 4
8 12
11 61
25 1
40 27
63 22
10 40
39 61
44 38
32 38
58 49
27 10
19 20
36 29
26 21
24 23
9 11
39 18
6 14
26 59
35 21
19 16
45 55
29 5
70 101
29 49
49 67
67 7
7 39
39 45
45 51
51 3
3 66
66 52
52 54
54 30
30 32
32 10
10 12
12 22
22 57
57 70
70 44
44 34
34 56
56 60
60 50
50 19
19 38
38 40
40 31
31 69
69 26
26 63
63 65
65 47
47 58
58 17
17 14
14 27
27 20
20 59
59 5
5 1
1 46
46 61
61 16
16 42
42 43
43 8
8 28
28 36
36 37
37 33
33 4
4 23
23 35
35 11
11 25
25 2
2 18
18 53
53 9
9 41
41 6
6 13
13 24
24 68
68 55
55 15
15 21
21 48
48 64
64 62
62 29
40 41
46 35
4 3
21 49
23 50
16 37
17 68
56 12
37 3
31 28
2 40
8 24
43 63
12 11
20 63
39 58
29 45
68 25
32 50
5 47
20 65
19 8
70 55
5 60
58 62
1 61
65 11
7 32
1 19
24 54
61 19
70 183
1 38
38 9
9 29
29 39
39 13
13 41
41 2
2 60
60 52
52 47
47 58
58 65
65 12
12 31
31 17
17 67
67 10
10 70
70 4
4 42
42 11
11 33
33 20
20 69
69 30
30 21
21 37
37 50
50 5
5 14
14 27
27 43
43 16
16 63
63 53
53 6
6 57
57 62
62 59
59 8
8 44
44 66
66 23
23 61
61 40
40 49
49 48
48 36
36 46
46 35
35 68
68 64
64 22
22 26
26 34
34 24
24 25
25 15
15 45
45 54
54 7
7 3
3 18
18 55
55 28
28 51
51 19
19 32
32 56
56 1
53 16
18 25
22 20
41 67
32 34
44 47
69 44
43 62
45 4
31 4
34 51
40 42
16 27
20 42
58 4
39 61
68 14
64 60
10 2
17 16
11 7
14 16
55 64
53 57
52 64
49 41
4 16
70 68
40 24
21 39
32 47
40 70
64 48
39 63
34 36
61 58
29 35
39 18
46 27
38 36
33 36
69 54
9 43
44 58
42 24
61 53
66 6
68 47
18 27
62 11
64 53
25 50
49 36
34 46
44 2
3 23
14 48
7 65
53 59
65 1
37 26
21 4
6 39
16 41
45 36
54 44
53 42
69 33
4 65
39 31
56 30
40 1
5 70
13 24
56 21
11 2
36 47
31 63
47 63
5 29
65 25
58 3
52 29
31 42
17 64
62 61
27 64
58 38
62 13
50 48
44 38
11 50
65 64
48 18
50 39
16 25
33 52
21 10
14 11
58 57
31 50
36 41
57 60
25 21
38 52
30 54
67 61
39 36
4 43
29 68
54 36
43 19
25 29
70 126
3 46
46 10
10 29
29 70
70 14
14 57
57 38
38 4
4 32
32 61
61 62
62 8
8 11
11 33
33 42
42 1
1 39
39 44
44 58
58 43
43 6
6 64
64 20
20 9
9 53
53 52
52 45
45 41
41 31
31 47
47 69
69 22
22 19
19 48
48 13
13 30
30 2
2 18
18 56
56 7
7 51
51 65
65 34
34 15
15 37
37 63
63 26
26 27
27 67
67 28
28 25
25 54
54 55
55 35
35 68
68 5
5 21
21 12
12 50
50 60
60 40
40 59
59 17
17 24
24 36
36 16
16 49
49 66
66 23
23 3
41 20
67 38
15 13
29 51
24 47
19 16
14 41
52 27
42 3
14 3
39 42
38 39
21 13
60 3
29 39
1 25
21 66
62 41
25 26
70 64
56 53
65 29
6 67
20 10
31 18
56 38
5 29
64 56
25 13
5 55
37 47
4 19
11 50
45 59
11 41
53 25
36 40
58 64
31 27
59 66
62 37
7 69
15 61
48 18
24 56
1 33
30 24
67 63
19 70
22 12
32 44
69 52
34 17
23 42
35 20
12 67
70 134
61 47
47 37
37 69
69 19
19 27
27 23
23 64
64 39
39 50
50 31
31 15
15 3
3 55
55 22
22 57
57 38
38 54
54 17
17 18
18 36
36 52
52 8
8 11
11 10
10 21
21 59
59 49
49 12
12 16
16 5
5 43
43 34
34 25
25 35
35 56
56 20
20 40
40 13
13 24
24 4
4 63
63 6
6 60
60 32
32 30
30 66
66 51
51 65
65 29
29 41
41 58
58 2
2 45
45 7
7 44
44 26
26 42
42 53
53 33
33 1
1 9
9 28
28 68
68 62
62 70
70 46
46 14
14 48
48 67
67 61
58 6
14 22
63 23
70 6
50 47
33 7
18 2
62 32
61 4
56 6
66 58
41 24
59 18
23 33
2 50
62 1
67 26
53 30
51 29
41 33
34 32
16 56
13 22
4 69
60 69
21 69
37 65
47 26
3 25
39 13
40 59
70 38
23 8
48 13
70 32
41 9
69 61
27 39
12 38
5 15
57 53
7 62
15 9
7 11
6 16
37 3
5 62
47 30
55 69
13 32
41 12
61 25
62 50
62 14
40 50
26 31
57 43
22 45
25 6
54 42
22 44
41 51
44 68
70 15
70 235
49 8
8 9
9 30
30 36
36 60
60 38
38 26
26 15
15 17
17 28
28 64
64 67
67 33
33 10
10 12
12 57
57 56
56 53
53 13
13 21
21 2
2 63
63 61
61 24
24 4
4 44
44 18
18 25
25 1
1 70
70 52
52 22
22 42
42 19
19 11
11 47
47 32
32 48
48 29
29 14
14 50
50 31
31 23
23 34
34 37
37 62
62 59
59 45
45 68
68 40
40 20
20 43
43 58
58 51
51 39
39 35
35 66
66 5
5 69
69 41
41 27
27 46
46 16
16 6
6 55
55 3
3 65
65 54
54 7
7 49
69 38
35 7
33 44
34 65
60 48
21 61
39 46
48 70
27 21
1 51
34 36
28 54
44 45
70 5
25 11
2 37
18 36
24 48
7 39
56 5
53 12
31 29
20 64
33 31
70 11
39 23
4 12
56 8
41 16
7 27
46 40
52 21
69 32
51 24
30 4
22 21
64 42
36 66
32 34
22 17
28 59
25 26
13 43
26 56
38 53
47 46
8 2
25 62
23 50
24 3
23 45
30 33
61 35
33 63
14 44
70 68
59 1
7 37
60 56
35 54
70 49
12 67
60 49
29 26
59 10
44 16
68 30
55 24
70 38
25 7
21 55
48 35
65 43
17 44
4 47
64 54
40 62
19 58
33 20
48 13
27 13
66 32
1 50
21 69
31 17
31 60
18 22
69 1
62 15
40 4
7 47
58 16
43 23
18 20
16 1
43 60
65 45
17 69
4 53
11 62
55 16
36 44
54 5
34 20
64 47
29 30
2 1
50 8
25 63
18 40
62 46
27 57
3 39
64 15
59 63
61 53
17 30
60 39
66 24
40 69
57 53
53 69
56 67
45 50
2 68
67 49
39 8
47 58
56 33
64 59
5 22
47 5
22 34
52 64
23 54
31 61
37 47
37 22
21 43
58 52
2 13
21 3
30 13
19 66
61 29
21 14
62 38
37 36
20 47
17 50
43 17
57 59
54 8
37 66
34 19
44 20
49 1
18 7
11 48
8 36
9 43
51 15
25 46
40 3
51 37
70 175
41 38
38 43
43 58
58 53
53 23
23 47
47 35
35 15
15 52
52 65
65 4
4 5
5 10
10 17
17 14
14 51
51 2
2 6
6 37
37 60
60 39
39 20
20 3
3 8
8 22
22 31
31 21
21 9
9 27
27 24
24 34
34 62
62 25
25 63
63 29
29 45
45 18
18 40
40 46
46 59
59 28
28 36
36 44
44 1
1 56
56 26
26 7
7 30
30 54
54 50
50 64
64 66
66 49
49 33
33 68
68 70
70 11
11 48
48 61
61 19
19 57
57 67
67 55
55 16
16 69
69 12
12 13
13 42
42 32
32 41
3 31
57 26
63 28
70 56
37 67
53 29
29 68
58 2
55 44
40 38
39 47
43 5
22 68
46 42
11 56
50 36
11 5
57 46
65 26
47 58
33 46
42 50
56 55
59 6
3 62
23 37
49 21
60 52
13 37
60 70
53 60
65 50
46 36
45 25
6 18
40 3
30 65
68 52
52 45
48 70
1 40
30 48
17 28
51 65
32 66
44 4
12 27
55 6
69 65
67 46
56 32
20 8
59 63
28 61
56 53
55 9
12 17
35 62
47 65
51 33
28 31
62 28
42 43
66 37
48 13
17 53
1 48
44 62
67 24
55 14
56 28
64 19
29 66
1 29
5 50
45 15
63 69
5 49
26 51
13 17
63 50
67 51
28 58
19 67
40 51
26 69
54 34
17 29
14 20
2 8
8 51
53 10
64 41
3 13
70 63
49 56
47 50
34 68
59 56
48 28
10 62
1 22
41 1
37 33
24 50
70 154
65 1
1 60
60 45
45 61
61 52
52 68
68 62
62 48
48 28
28 12
12 67
67 24
24 55
55 40
40 6
6 23
23 46
46 50
50 66
66 42
42 18
18 36
36 69
69 70
70 32
32 21
21 34
34 22
22 31
31 39
39 54
54 63
63 8
8 64
64 30
30 14
14 25
25 3
3 19
19 49
49 20
20 16
16 57
57 37
37 38
38 35
35 10
10 26
26 7
7 59
59 47
47 44
44 9
9 51
51 5
5 27
27 4
4 41
41 53
53 2
2 13
13 29
29 11
11 15
15 33
33 56
56 17
17 43
43 58
58 65
68 9
13 60
64 68
26 70
9 70
48 9
17 54
14 42
10 40
47 39
67 39
69 18
8 66
8 29
19 32
9 2
62 67
52 47
20 4
7 54
45 28
38 40
65 44
17 13
51 16
41 8
34 49
45 21
55 58
25 60
50 4
55 66
32 36
7 37
39 20
57 32
63 45
50 9
27 65
5 50
15 18
33 3
30 42
19 17
16 65
16 4
56 53
68 28
54 47
5 47
57 1
14 23
64 6
65 9
20 34
70 7
49 8
16 5
43 33
9 47
12 68
32 65
26 19
7 15
58 29
22 40
52 7
30 54
35 60
7 31
68 63
2 27
6 1
70 4
47 10
20 60
39 27
29 39
18 54
16 69
68 4
25 39
32 54
63 12
70 162
38 59
59 25
25 3
3 40
40 12
12 65
65 11
11 51
51 46
46 58
58 19
19 32
32 2
2 23
23 68
68 41
41 24
24 49
49 16
16 67
67 5
5 48
48 30
30 6
6 13
13 7
7 42
42 18
18 54
54 55
55 15
15 63
63 56
56 20
20 53
53 21
21 52
52 50
50 36
36 60
60 44
44 9
9 26
26 45
45 28
28 1
1 29
29 17
17 43
43 22
22 62
62 64
64 57
57 35
35 8
8 10
10 4
4 27
27 61
61 34
34 14
14 66
66 69
69 33
33 37
37 31
31 47
47 70
70 39
39 38
15 56
53 10
30 9
6 18
24 11
36 22
29 24
44 34
18 49
41 8
65 34
54 63
56 7
41 2
7 68
66 56
32 14
2 58
45 2
37 56
44 49
48 32
17 18
56 16
16 34
3 27
4 30
34 11
62 18
22 42
20 54
39 40
51 14
5 25
64 10
36 52
21 17
7 5
45 31
52 13
18 55
20 11
15 67
25 61
41 22
11 59
43 3
43 70
1 36
8 13
56 48
18 11
19 2
59 30
50 48
68 29
14 56
60 57
4 25
4 49
47 45
70 10
43 44
14 45
68 5
68 11
9 31
10 35
24 38
6 11
63 9
40 25
37 48
39 4
33 26
69 20
27 17
48 64
9 70
17 13
7 70
32 31
70 52
15 7
68 3
20 24
47 53
66 62
14 50
64 26
26 61
8 29
70 211
56 26
26 50
50 9
9 51
51 4
4 7
7 28
28 31
31 19
19 27
27 25
25 24
24 6
6 23
23 21
21 45
45 63
63 59
59 67
67 34
34 64
64 54
54 15
15 57
57 39
39 37
37 10
10 20
20 38
38 65
65 29
29 13
13 44
44 35
35 16
16 42
42 55
55 18
18 3
3 52
52 58
58 14
14 61
61 53
53 11
11 47
47 2
2 60
60 40
40 5
5 49
49 36
36 30
30 17
17 32
32 69
69 33
33 48
48 12
12 70
70 43
43 68
68 1
1 8
8 22
22 41
41 62
62 46
46 66
66 56
4 47
23 27
33 18
51 41
66 45
45 16
54 5
13 51
37 68
30 25
48 21
38 33
63 35
41 5
57 31
20 19
37 19
28 17
19 61
21 49
40 3
38 54
26 51
70 68
50 60
10 57
56 15
7 21
43 11
15 4
15 49
33 34
46 2
55 7
26 63
54 35
55 10
69 61
68 2
11 4
10 66
52 67
34 54
22 47
42 24
30 18
47 37
42 61
14 21
52 39
31 27
5 61
34 53
22 32
41 50
68 63
31 15
30 13
22 37
60 44
70 28
17 54
27 8
61 37
47 10
34 59
58 23
46 49
44 42
38 43
12 43
18 51
66 43
30 37
19 44
65 52
48 17
28 22
8 41
18 66
57 62
21 42
34 51
20 16
27 62
21 39
43 48
58 22
54 55
23 1
66 58
1 47
9 6
13 64
5 16
41 68
52 31
65 40
16 18
58 50
5 8
62 18
52 2
44 56
5 67
15 40
36 25
57 30
42 28
37 67
23 20
44 10
43 61
59 40
4 45
2 10
53 55
65 10
14 3
68 33
65 25
44 53
66 29
64 56
69 4
32 25
33 40
68 54
52 36
3 25
28 18
32 68
48 25
14 2
70 20
29 37
39 12
12 40
15 39
47 35
11 21
70 154
33 48
48 47
47 28
28 5
5 62
62 41
41 1
1 40
40 51
51 38
38 56
56 18
18 7
7 27
27 59
59 53
53 61
61 15
15 50
50 13
13 14
14 69
69 60
60 11
11 36
36 43
43 25
25 34
34 45
45 12
12 68
68 9
9 24
24 46
46 66
66 58
58 49
49 22
22 31
31 64
64 55
55 21
21 57
57 19
19 54
54 35
35 65
65 8
8 67
67 42
42 3
3 29
29 26
26 70
70 39
39 4
4 23
23 2
2 20
20 44
44 52
52 63
63 30
30 17
17 37
37 10
10 6
6 16
16 32
32 33
40 41
43 58
41 5
26 49
54 14
70 48
37 38
64 11
25 18
45 23
63 68
37 67
36 50
63 15
40 63
11 37
22 67
1 2
31 55
48 62
66 70
42 19
54 60
17 38
53 14
12 43
68 3
6 56
30 32
33 49
51 2
68 51
12 56
40 26
4 9
51 7
53 9
43 32
8 40
8 46
42 54
26 31
52 48
21 45
45 1
43 61
34 8
10 58
42 12
41 56
8 20
37 8
59 21
62 51
14 44
7 63
23 42
35 46
58 30
54 61
70 17
32 20
52 54
11 62
42 15
53 11
23 35
51 66
48 8
1 29
33 4
36 20
58 65
39 24
40 15
27 13
31 59
10 2
30 25
64 9
63 21
54 67
69 5
7 30
70 164
16 33
33 65
65 19
19 54
54 31
31 70
70 26
26 30
30 47
47 43
43 34
34 56
56 60
60 66
66 6
6 2
2 35
35 18
18 14
14 10
10 23
23 69
69 25
25 64
64 61
61 11
11 29
29 22
22 1
1 40
40 20
20 24
24 59
59 41
41 53
53 46
46 44
44 3
3 32
32 52
52 15
15 55
55 4
4 62
62 13
13 49
49 38
38 67
67 50
50 37
37 48
48 39
39 12
12 17
17 21
21 63
63 36
36 45
45 5
5 51
51 8
8 68
68 42
42 58
58 9
9 57
57 27
27 7
7 28
28 16
58 28
3 7
57 18
42 30
62 55
30 44
18 34
62 61
27 6
24 39
57 54
62 6
64 56
22 65
58 20
70 19
37 68
51 35
20 37
23 42
21 65
42 62
2 41
12 43
3 18
58 43
41 29
24 29
60 52
56 26
21 44
16 29
37 58
57 30
30 10
25 39
43 35
25 58
41 64
30 46
21 9
13 67
18 7
5 23
31 63
54 12
14 53
24 63
67 11
48 15
53 8
14 67
33 59
41 5
6 14
18 15
63 28
59 38
34 47
39 43
56 5
70 57
5 42
21 69
3 50
19 10
2 67
48 42
53 22
35 53
24 40
15 16
15 37
6 59
21 16
4 45
62 10
69 6
25 1
62 24
2 9
67 25
61 6
1 49
12 19
44 38
22 20
31 15
27 14
32 60
29 20
54 29
56 6
70 32
70 206
66 14
14 11
11 55
55 58
58 38
38 17
17 70
70 9
9 62
62 35
35 61
61 40
40 49
49 30
30 34
34 43
43 18
18 8
8 13
13 2
2 12
12 25
25 39
39 59
59 36
36 28
28 52
52 45
45 23
23 63
63 50
50 22
22 51
51 56
56 41
41 42
42 53
53 21
21 26
26 4
4 16
16 3
3 44
44 48
48 6
6 64
64 1
1 33
33 20
20 31
31 10
10 7
7 32
32 19
19 37
37 68
68 29
29 27
27 47
47 54
54 65
65 5
5 69
69 57
57 67
67 46
46 15
15 60
60 24
24 66
43 45
61 52
25 48
29 13
64 19
14 18
45 9
20 37
39 12
2 65
62 46
59 34
22 29
3 7
28 12
38 5
41 22
19 59
39 66
31 28
49 65
12 37
37 61
35 26
17 28
56 52
48 4
56 11
32 58
70 46
24 53
23 58
52 34
57 5
48 62
59 32
14 67
14 22
15 37
65 6
69 48
7 38
7 24
38 59
35 15
1 30
19 10
16 2
34 40
24 6
40 35
66 55
42 60
63 26
69 15
51 27
54 57
67 58
38 36
28 67
54 7
2 26
57 36
46 26
68 23
39 63
63 35
23 67
28 1
45 65
25 63
48 14
47 17
31 63
11 24
69 53
66 63
40 50
35 53
18 41
37 58
30 61
3 18
25 53
65 35
12 9
57 56
1 10
37 66
31 49
48 24
21 17
54 62
58 19
66 8
38 47
66 21
70 24
68 49
35 31
16 11
15 47
47 1
67 48
1 16
57 17
2 19
15 53
11 53
29 42
26 23
44 59
47 21
43 31
3 26
50 36
65 56
55 41
59 31
47 31
37 41
37 43
2 48
15 2
58 56
20 7
57 38
26 37
70 26
6 16
16 22
21 6
12 21
56 10
19 49
59 61
70 116
39 1
1 48
48 26
26 4
4 59
59 30
30 47
47 27
27 43
43 16
16 54
54 52
52 55
55 34
34 5
5 69
69 46
46 25
25 7
7 42
42 68
68 45
45 29
29 53
53 17
17 50
50 18
18 35
35 63
63 13
13 57
57 60
60 61
61 19
19 32
32 44
44 38
38 20
20 56
56 2
2 58
58 15
15 33
33 70
70 11
11 37
37 28
28 8
8 22
22 66
66 67
67 31
31 40
40 49
49 14
14 41
41 3
3 36
36 6
6 23
23 51
51 64
64 9
9 62
62 65
65 21
21 10
10 12
12 24
24 39
5 58
18 3
31 66
58 51
28 34
15 21
50 34
51 38
48 33
48 64
31 14
2 67
60 7
49 63
63 1
52 56
40 48
31 52
31 19
19 33
34 40
5 17
41 43
51 2
28 21
55 68
14 17
57 30
5 16
58 54
19 11
49 28
44 43
50 58
52 13
52 14
7 20
55 69
35 25
23 40
14 48
18 2
21 40
11 65
20 41
62 67
70 137
56 3
3 8
8 17
17 21
21 15
15 39
39 31
31 12
12 1
1 45
45 29
29 44
44 49
49 68
68 20
20 18
18 30
30 42
42 26
26 19
19 28
28 58
58 22
22 52
52 70
70 11
11 37
37 59
59 6
6 32
32 36
36 14
14 16
16 65
65 13
13 46
46 43
43 27
27 66
66 33
33 50
50 40
40 5
5 25
25 9
9 53
53 2
2 69
69 61
61 47
47 41
41 4
4 51
51 62
62 64
64 24
24 57
57 38
38 54
54 35
35 48
48 60
60 10
10 23
23 67
67 55
55 7
7 34
34 63
63 56
35 61
8 1
29 1
59 30
12 70
33 59
62 39
5 6
33 61
4 47
14 53
10 8
29 3
53 20
19 69
44 20
52 35
5 18
33 41
19 23
17 64
43 29
35 41
66 49
13 64
62 52
28 10
47 29
49 38
20 21
53 17
18 19
1 16
54 22
36 60
68 17
52 42
59 57
51 43
54 8
2 40
18 10
18 14
55 64
39 3
17 35
29 38
64 36
14 37
63 5
54 11
68 29
52 8
9 60
42 58
68 52
41 69
24 54
44 52
5 35
14 3
54 17
65 3
63 60
12 42
31 37
51 33
70 225
40 46
46 16
16 2
2 59
59 48
48 9
9 45
45 56
56 8
8 6
6 30
30 26
26 25
25 5
5 67
67 62
62 13
13 38
38 22
22 57
57 42
42 36
36 52
52 63
63 64
64 41
41 33
33 50
50 18
18 15
15 43
43 32
32 21
21 27
27 11
11 39
39 61
61 44
44 31
31 4
4 53
53 1
1 51
51 49
49 65
65 23
23 66
66 58
58 3
3 14
14 47
47 20
20 37
37 17
17 24
24 35
35 28
28 7
7 19
19 54
54 10
10 12
12 68
68 70
70 60
60 29
29 69
69 34
34 55
55 40
52 6
35 30
2 10
49 33
3 15
4 33
43 11
38 4
61 15
44 5
58 60
35 33
57 70
44 32
2 7
49 57
36 69
14 27
20 14
28 4
42 60
48 24
29 21
48 38
28 54
45 68
36 54
16 3
30 48
33 64
23 37
23 14
35 69
49 22
63 20
19 55
14 50
41 59
64 42
38 27
55 25
18 5
4 27
60 1
3 30
49 48
41 21
36 22
55 29
52 22
15 52
35 39
68 39
36 16
5 4
38 65
4 70
53 63
59 8
50 10
45 41
17 63
70 62
19 17
19 67
18 19
51 29
2 56
6 64
17 9
37 22
17 69
52 30
51 34
64 1
35 22
61 69
67 48
47 61
50 15
17 18
9 3
63 38
55 23
51 66
2 43
12 32
23 64
19 63
2 28
11 65
68 23
48 63
54 11
20 15
21 5
36 10
65 6
3 1
36 26
41 8
52 66
34 57
61 66
61 10
46 4
56 20
63 60
51 39
42 29
55 59
39 54
63 65
9 16
34 40
50 7
55 5
23 13
23 48
24 55
17 38
55 46
6 21
58 46
19 45
3 59
33 65
1 56
27 5
44 20
45 65
24 9
20 46
61 25
12 62
32 51
11 12
49 7
58 15
40 3
37 70
37 12
5 43
10 19
52 33
56 27
29 44
40 11
62 16
54 14
63 36
67 2
32 25
31 27
65 69
70 152
2 19
19 31
31 16
16 68
68 35
35 20
20 13
13 52
52 65
65 59
59 41
41 63
63 5
5 27
27 45
45 32
32 34
34 40
40 17
17 26
26 29
29 23
23 56
56 18
18 51
51 30
30 55
55 60
60 24
24 37
37 50
50 58
58 7
7 44
44 36
36 33
33 1
1 22
22 54
54 69
69 25
25 10
10 28
28 6
6 8
8 64
64 39
39 43
43 48
48 3
3 67
67 14
14 11
11 38
38 12
12 70
70 66
66 49
49 46
46 62
62 61
61 15
15 9
9 21
21 53
53 47
47 42
42 4
4 57
57 2
55 34
7 21
28 9
60 7
25 12
34 2
64 25
63 19
51 48
44 20
56 17
40 47
28 56
18 16
11 31
57 67
68 19
70 36
52 54
60 52
26 33
57 53
55 61
4 21
59 36
52 16
4 61
59 40
14 62
2 24
66 64
57 27
59 50
4 11
35 63
24 69
38 65
18 39
41 31
3 30
10 45
65 8
67 23
25 16
47 49
13 1
58 25
34 68
41 9
7 46
22 44
20 63
52 42
69 14
13 48
68 70
3 52
42 49
45 17
56 7
1 59
46 63
61 10
63 39
23 68
67 42
64 59
45 43
22 32
61 29
55 47
27 12
68 17
4 59
27 53
31 62
43 50
65 15
11 7
21 1
53 28
31 69
70 229
65 17
17 27
27 42
42 9
9 8
8 54
54 41
41 50
50 68
68 25
25 51
51 7
7 34
34 59
59 2
2 67
67 57
57 21
21 61
61 66
66 20
20 5
5 64
64 70
70 33
33 62
62 31
31 47
47 26
26 40
40 43
43 52
52 29
29 37
37 1
1 36
36 14
14 53
53 13
13 38
38 56
56 49
49 3
3 44
44 60
60 4
4 18
18 10
10 39
39 69
69 15
15 6
6 45
45 32
32 23
23 46
46 30
30 24
24 16
16 35
35 48
48 63
63 22
22 11
11 12
12 55
55 58
58 28
28 19
19 65
53 22
17 44
2 70
12 52
14 29
69 11
7 49
28 62
3 58
8 65
16 52
56 15
36 5
52 32
3 17
40 34
26 63
50 19
66 24
51 33
69 17
53 41
22 68
16 17
30 13
56 1
53 61
32 18
13 25
16 11
33 27
33 13
21 70
63 19
19 1
1 22
3 20
13 7
54 48
10 1
21 66
28 70
43 62
8 53
67 38
27 53
46 50
8 11
6 47
38 24
7 45
68 51
57 19
18 13
38 55
68 23
25 19
52 36
31 42
28 14
1 45
69 22
24 44
23 63
51 5
27 43
17 13
2 39
50 45
8 5
47 23
15 22
11 21
57 28
4 16
70 62
49 28
64 25
13 32
20 51
30 1
17 12
9 45
68 60
45 12
21 60
46 7
24 60
62 6
42 25
61 6
27 63
46 31
47 42
67 23
2 56
20 48
54 68
61 62
4 54
57 6
46 54
28 36
59 63
56 61
4 58
36 57
54 39
58 8
62 53
9 4
30 59
5 44
17 67
6 3
28 11
61 47
50 65
65 13
39 31
8 52
57 8
39 30
27 14
50 7
18 20
68 27
63 67
50 64
39 64
20 31
39 11
4 3
2 49
39 70
47 69
7 11
20 41
15 47
17 53
50 29
70 65
56 5
26 60
14 35
47 32
7 3
28 29
30 54
22 43
62 24
33 31
60 6
31 44
27 25
19 70
55 50
4 56
15 37
70 72
26 35
35 53
53 56
56 51
51 25
25 11
11 18
18 30
30 58
58 46
46 54
54 5
5 37
37 57
57 29
29 19
19 17
17 62
62 21
21 69
69 4
4 14
14 43
43 16
16 50
50 13
13 59
59 63
63 64
64 42
42 3
3 7
7 31
31 39
39 9
9 47
47 67
67 8
8 10
10 55
55 44
44 70
70 20
20 24
24 28
28 22
22 6
6 34
34 23
23 1
1 49
49 68
68 65
65 41
41 32
32 66
66 27
27 61
61 52
52 12
12 33
33 40
40 45
45 15
15 38
38 36
36 60
60 48
48 2
2 26
28 69
17 58
70 92
39 46
46 40
40 58
58 54
54 44
44 49
49 12
12 6
6 52
52 30
30 35
35 22
22 55
55 41
41 31
31 53
53 11
11 13
13 51
51 57
57 1
1 26
26 69
69 5
5 50
50 68
68 19
19 7
7 25
25 62
62 33
33 56
56 47
47 61
61 70
70 8
8 27
27 36
36 18
18 37
37 9
9 21
21 59
59 3
3 32
32 29
29 48
48 28
28 65
65 63
63 20
20 2
2 64
64 60
60 43
43 42
42 14
14 16
16 4
4 66
66 17
17 34
34 24
24 15
15 45
45 23
23 38
38 10
10 67
67 39
43 8
67 40
7 43
16 60
33 30
20 70
37 59
18 16
43 59
40 43
9 22
58 41
22 15
44 62
33 43
46 3
29 5
21 1
46 55
23 17
16 46
14 24
70 126
37 66
66 26
26 44
44 31
31 30
30 19
19 42
42 51
51 28
28 20
20 27
27 43
43 62
62 3
3 53
53 70
70 24
24 13
13 67
67 47
47 16
16 4
4 45
45 6
6 36
36 59
59 18
18 55
55 7
7 41
41 22
22 57
57 46
46 11
11 10
10 64
64 14
14 65
65 52
52 69
69 39
39 63
63 34
34 35
35 2
2 38
38 56
56 48
48 25
25 68
68 40
40 29
29 33
33 58
58 15
15 23
23 17
17 12
12 1
1 60
60 5
5 8
8 49
49 54
54 9
9 32
32 61
61 21
21 50
50 37
22 26
31 2
3 36
44 5
57 42
32 47
23 48
25 47
29 23
59 51
46 61
70 31
53 66
47 35
29 32
28 41
47 57
51 40
52 34
6 65
32 59
58 19
43 14
61 23
33 41
3 31
23 7
13 30
18 5
44 69
32 4
25 3
41 37
29 34
9 25
57 15
5 6
41 46
27 51
53 4
28 69
10 49
63 19
25 27
33 28
24 11
19 68
3 67
36 2
22 19
51 15
70 33
9 49
53 40
17 1
62 57
70 143
45 19
19 55
55 5
5 66
66 42
42 33
33 35
35 15
15 11
11 38
38 13
13 29
29 52
52 8
8 65
65 61
61 10
10 49
49 59
59 46
46 36
36 44
44 14
14 28
28 25
25 4
4 7
7 17
17 26
26 31
31 9
9 16
16 67
67 32
32 54
54 30
30 60
60 50
50 37
37 21
21 41
41 3
3 48
48 68
68 64
64 18
18 20
20 63
63 24
24 23
23 62
62 40
40 51
51 70
70 27
27 12
12 69
69 57
57 43
43 2
2 56
56 6
6 22
22 53
53 34
34 39
39 1
1 58
58 47
47 45
4 11
54 64
59 14
10 7
68 28
54 39
67 20
24 41
67 69
43 7
62 14
30 41
42 68
52 7
41 68
24 38
55 13
13 56
59 65
49 29
30 23
6 64
68 23
17 61
46 1
56 31
14 46
20 53
2 37
39 14
52 30
67 25
45 51
66 30
70 7
23 37
37 36
64 62
31 46
27 60
69 14
17 1
1 13
13 63
37 18
14 45
39 61
50 35
25 9
36 65
20 62
52 60
38 67
41 56
62 38
4 31
33 67
17 14
50 58
45 18
13 44
36 3
45 23
41 7
13 18
21 58
61 8
57 2
38 54
17 33
2 12
51 27
9 39
70 214
19 16
16 68
68 11
11 12
12 49
49 10
10 61
61 33
33 55
55 17
17 6
6 48
48 3
3 22
22 20
20 45
45 28
28 47
47 14
14 50
50 43
43 42
42 29
29 2
2 51
51 8
8 62
62 69
69 5
5 23
23 30
30 26
26 7
7 15
15 38
38 44
44 67
67 40
40 9
9 32
32 18
18 57
57 64
64 39
39 24
24 52
52 25
25 63
63 66
66 70
70 37
37 46
46 54
54 59
59 27
27 60
60 56
56 35
35 65
65 58
58 36
36 13
13 31
31 53
53 21
21 34
34 1
1 41
41 4
4 19
70 1
8 69
39 54
70 69
52 59
11 44
28 33
28 19
63 32
10 18
4 1
23 10
21 67
27 4
21 19
42 18
49 48
28 68
7 13
6 35
56 44
56 54
41 45
8 23
45 36
31 20
38 21
18 12
23 3
10 63
16 56
18 5
56 39
31 48
3 60
56 32
16 18
55 26
25 27
45 54
25 55
24 30
5 38
21 37
66 55
46 32
13 46
35 20
70 2
16 15
7 21
58 29
50 21
55 67
5 57
13 68
25 12
70 14
5 39
58 32
32 33
30 41
51 18
16 34
22 58
56 24
29 70
69 37
36 63
43 57
65 52
25 50
32 59
16 14
35 51
52 49
62 29
33 4
68 21
24 2
21 40
17 13
54 22
5 59
4 43
3 68
28 22
42 58
26 9
62 23
15 41
40 65
17 36
41 48
9 57
43 65
55 47
28 1
59 66
55 31
11 63
9 67
53 69
2 1
59 16
49 44
65 24
9 46
14 3
51 31
32 36
16 11
23 58
5 40
61 47
34 55
11 22
1 17
30 46
51 64
31 28
2 26
3 7
25 57
22 69
52 62
49 61
19 7
23 2
23 54
33 63
35 16
18 50
50 16
24 8
46 5
37 14
3 56
47 15
14 39
39 20
68 51
68 64
16 25
70 180
59 17
17 48
48 18
18 11
11 28
28 2
2 58
58 61
61 36
36 53
53 39
39 16
16 4
4 27
27 7
7 67
67 9
9 19
19 1
1 60
60 33
33 52
52 45
45 5
5 38
38 30
30 47
47 42
42 35
35 43
43 26
26 14
14 12
12 46
46 50
50 29
29 23
23 66
66 34
34 21
21 68
68 15
15 24
24 55
55 31
31 25
25 3
3 64
64 10
10 40
40 57
57 13
13 51
51 65
65 20
20 8
8 49
49 41
41 6
6 37
37 44
44 69
69 56
56 70
70 32
32 62
62 63
63 22
22 54
54 59
47 50
59 29
19 57
57 61
56 45
26 37
59 20
57 23
6 31
69 62
27 18
13 11
42 15
29 46
5 31
28 9
21 20
26 42
50 60
28 44
50 7
34 48
14 7
14 22
15 45
6 33
2 14
47 36
37 38
55 41
13 9
13 30
2 27
18 67
58 43
33 47
57 44
27 12
16 47
17 36
38 17
46 40
68 56
31 52
57 39
41 43
8 43
35 15
14 4
45 4
27 24
19 58
9 66
13 43
2 59
50 39
3 46
43 19
34 39
67 11
42 55
30 56
28 15
20 32
32 46
67 43
39 1
32 44
58 47
53 60
32 54
38 10
50 56
33 49
63 46
42 65
62 22
28 55
28 39
67 29
17 53
30 22
44 12
8 1
54 4
66 25
67 62
54 48
34 50
8 23
1 69
59 62
29 55
52 65
31 61
35 21
37 52
68 55
4 40
25 37
51 30
56 26
29 8
23 34
9 24
14 65
62 31
69 30
42 64
36 51
70 197
16 55
55 34
34 22
22 57
57 36
36 41
41 19
19 67
67 5
5 7
7 20
20 31
31 14
14 51
51 8
8 11
11 46
46 15
15 39
39 28
28 37
37 58
58 47
47 66
66 13
13 43
43 24
24 70
70 26
26 4
4 64
64 32
32 56
56 52
52 54
54 60
60 17
17 44
44 65
65 1
1 35
35 30
30 2
2 27
27 21
21 18
18 53
53 33
33 48
48 63
63 45
45 29
29 6
6 49
49 50
50 10
10 23
23 69
69 68
68 9
9 61
61 38
38 12
12 40
40 62
62 3
3 25
25 59
59 42
42 16
21 57
1 54
44 43
31 17
65 61
58 35
1 19
43 42
5 34
19 36
48 47
25 46
43 51
56 3
17 70
52 58
10 40
54 24
49 31
32 50
47 24
14 9
16 35
42 68
2 39
70 5
55 41
23 14
45 22
32 2
48 31
27 3
11 33
51 37
15 38
68 53
50 37
34 14
43 34
32 11
6 20
60 53
55 5
12 5
3 45
6 25
47 45
13 35
17 55
18 42
22 19
37 55
4 34
51 66
61 44
48 2
29 57
36 4
56 66
45 32
29 18
18 69
13 17
36 42
12 41
7 53
47 59
38 52
40 34
60 35
61 40
21 63
60 69
21 11
49 60
57 67
44 20
67 62
23 57
21 19
30 40
36 3
32 39
12 53
14 7
31 52
25 56
29 62
70 35
22 51
56 47
43 61
45 11
15 27
53 38
42 26
56 1
55 62
8 23
25 57
42 58
33 27
36 56
54 33
68 66
20 45
18 22
35 52
39 1
34 47
58 50
29 46
13 67
20 9
48 65
1 60
62 36
66 67
41 40
34 31
50 57
5 6
43 19
22 50
60 63
5 16
50 44
70 133
33 8
8 27
27 6
6 7
7 49
49 23
23 26
26 55
55 32
32 68
68 36
36 42
42 24
24 69
69 9
9 40
40 52
52 64
64 41
41 37
37 4
4 56
56 44
44 57
57 34
34 16
16 12
12 10
10 54
54 3
3 18
18 59
59 48
48 21
21 13
13 20
20 15
15 47
47 5
5 11
11 39
39 22
22 14
14 19
19 62
62 66
66 30
30 28
28 63
63 1
1 45
45 35
35 65
65 53
53 61
61 51
51 58
58 50
50 29
29 60
60 25
25 31
31 67
67 46
46 17
17 38
38 70
70 43
43 2
2 33
9 30
22 15
1 9
39 8
41 55
55 8
52 8
43 67
28 21
60 62
48 37
7 29
8 37
24 45
55 51
69 53
51 13
31 54
26 44
62 4
13 55
5 27
43 30
50 38
28 37
19 56
29 24
57 19
43 4
60 41
70 20
62 63
16 23
52 51
8 56
27 10
7 8
36 70
26 30
50 15
61 10
65 46
65 47
37 33
70 26
54 46
47 68
37 13
31 37
3 56
29 70
36 34
9 28
11 38
63 5
5 26
57 21
14 69
3 57
21 69
44 18
58 22
10 23
70 230
53 37
37 70
70 32
32 23
23 39
39 12
12 18
18 49
49 59
59 5
5 27
27 28
28 13
13 15
15 24
24 60
60 62
62 20
20 44
44 36
36 2
2 51
51 68
68 34
34 10
10 52
52 58
58 30
30 56
56 19
19 64
64 7
7 11
11 25
25 41
41 26
26 67
67 38
38 42
42 14
14 48
48 54
54 6
6 55
55 43
43 45
45 16
16 61
61 66
66 1
1 9
9 8
8 46
46 4
4 3
3 57
57 22
22 65
65 17
17 31
31 63
63 69
69 33
33 35
35 50
50 29
29 47
47 21
21 40
40 53
25 6
2 32
18 50
36 18
20 48
54 29
27 55
10 69
3 15
23 55
18 62
23 59
4 28
18 51
64 65
25 53
10 23
63 10
15 28
57 30
51 40
27 30
41 24
9 49
55 18
59 21
15 61
32 63
15 65
61 53
13 6
9 44
6 3
34 25
9 23
56 62
12 48
48 16
59 31
33 62
1 11
63 38
18 52
14 44
33 29
3 14
19 41
37 68
17 38
66 37
37 55
7 61
40 25
37 54
3 38
37 7
48 15
57 60
20 42
55 67
55 22
34 57
45 31
34 66
65 45
11 57
47 44
21 17
54 68
50 11
48 9
56 28
63 45
37 62
25 18
60 25
68 40
46 39
44 61
25 58
63 17
45 21
43 66
69 68
67 68
2 11
9 43
25 67
18 23
10 7
51 8
41 54
24 64
3 54
51 45
24 58
8 24
12 15
19 60
49 24
9 7
26 31
31 33
57 43
10 24
11 39
17 34
68 41
33 12
14 54
25 42
52 27
51 63
41 15
34 24
14 25
63 44
28 26
47 39
43 46
46 36
69 60
61 58
5 45
42 5
2 7
4 47
18 5
39 33
65 18
22 69
19 27
26 19
59 54
40 57
6 21
24 23
12 45
67 46
18 34
30 22
51 64
58 38
24 40
36 64
66 8
36 51
19 23
63 65
58 21
67 32
59 43
49 51
13 1
66 12
60 35
13 4
60 12
64 30
42 4
70 168
23 70
70 58
58 45
45 35
35 29
29 55
55 20
20 69
69 15
15 3
3 59
59 26
26 10
10 1
1 19
19 36
36 4
4 25
25 54
54 39
39 68
68 50
50 33
33 27
27 6
6 66
66 57
57 11
11 62
62 52
52 16
16 41
41 2
2 37
37 46
46 24
24 34
34 28
28 47
47 63
63 61
61 49
49 60
60 38
38 5
5 32
32 17
17 64
64 9
9 22
22 53
53 31
31 42
42 18
18 65
65 48
48 40
40 7
7 44
44 67
67 14
14 12
12 21
21 30
30 8
8 51
51 56
56 43
43 13
13 23
52 32
31 41
35 57
21 53
47 30
9 44
33 19
9 57
44 15
22 26
35 19
32 15
4 34
42 39
9 27
64 53
52 31
36 57
66 11
26 33
34 9
41 56
15 18
5 44
60 58
39 63
35 59
55 27
29 23
65 31
25 3
57 39
31 69
51 7
13 11
48 14
33 69
17 15
21 18
55 26
16 37
2 7
22 62
56 2
68 43
3 64
58 34
23 47
61 33
5 11
63 18
22 20
59 50
22 19
18 66
22 12
9 49
58 2
68 19
35 22
60 2
4 3
20 9
46 10
66 22
34 14
54 53
9 33
61 58
51 11
40 33
11 15
2 28
24 2
10 4
9 38
37 63
34 19
26 69
68 9
11 68
5 17
21 14
25 8
14 26
31 2
41 53
62 5
2 61
2 9
37 36
58 65
12 69
35 18
51 21
60 65
22 32
40 52
70 113
16 63
63 32
32 29
29 46
46 10
10 11
11 20
20 18
18 38
38 47
47 43
43 17
17 8
8 65
65 59
59 42
42 67
67 45
45 61
61 4
4 54
54 25
25 24
24 26
26 52
52 53
53 28
28 2
2 6
6 21
21 48
48 37
37 31
31 14
14 56
56 58
58 69
69 22
22 9
9 33
33 62
62 41
41 50
50 15
15 68
68 3
3 40
40 55
55 19
19 51
51 30
30 57
57 39
39 1
1 44
44 12
12 64
64 27
27 5
5 60
60 36
36 49
49 34
34 66
66 13
13 7
7 23
23 70
70 35
35 16
28 39
30 40
65 22
27 70
45 46
60 34
25 29
64 30
13 44
5 47
63 53
56 41
51 27
16 9
39 15
4 26
2 63
55 69
15 2
57 54
53 49
60 4
64 42
49 15
28 15
45 31
45 70
22 50
20 4
2 17
37 57
26 59
67 10
10 61
18 4
16 61
39 25
8 66
1 64
42 61
38 9
10 64
20 63
70 243
64 28
28 11
11 33
33 48
48 54
54 61
61 15
15 38
38 44
44 4
4 20
20 25
25 52
52 1
1 17
17 12
12 37
37 56
56 49
49 40
40 70
70 10
10 7
7 39
39 2
2 31
31 53
53 22
22 43
43 26
26 9
9 46
46 66
66 63
63 5
5 16
16 23
23 57
57 47
47 6
6 27
27 24
24 8
8 65
65 32
32 62
62 45
45 67
67 41
41 69
69 68
68 3
3 58
58 42
42 14
14 34
34 19
19 13
13 51
51 55
55 18
18 50
50 36
36 60
60 30
30 59
59 29
29 35
35 21
21 64
53 41
2 20
5 53
28 63
7 56
55 44
42 18
69 28
30 33
21 36
32 63
34 63
18 51
25 49
40 8
61 7
43 5
26 34
15 44
65 43
2 52
38 51
50 49
40 27
50 38
9 29
60 19
67 62
66 12
24 6
20 19
62 48
29 56
59 11
25 21
61 63
47 28
38 62
4 50
45 38
42 61
8 29
31 67
31 51
59 36
14 22
15 51
22 56
14 30
55 43
29 28
10 2
16 62
68 28
54 13
48 52
45 70
64 4
4 22
25 59
61 11
33 46
38 37
29 27
55 40
57 7
34 5
4 54
66 40
64 6
37 42
6 52
59 51
34 60
29 60
61 40
53 20
62 28
59 17
32 12
62 64
26 57
48 41
62 37
42 51
32 46
22 16
38 68
67 46
6 45
49 4
23 9
6 69
14 70
21 54
16 56
5 18
31 44
8 47
7 24
43 31
57 68
26 50
25 37
42 29
67 40
42 66
39 27
26 54
47 53
28 5
40 20
30 16
63 9
41 2
38 13
22 63
26 64
18 20
30 22
67 63
2 55
30 21
65 39
50 57
31 9
14 52
33 2
65 58
13 69
13 58
16 38
11 36
35 13
52 17
19 55
35 42
8 54
69 23
15 64
3 60
20 24
37 13
64 48
37 66
32 24
46 7
36 12
69 15
37 49
60 66
22 57
39 70
8 15
17 6
17 20
11 65
13 24
19 35
40 47
45 7
59 53
33 58
68 63
18 26
3 64
27 58
9 12
40 65
12 1
48 21
38 31
64 67
70 218
40 43
43 46
46 17
17 32
32 13
13 26
26 3
3 9
9 57
57 14
14 22
22 29
29 47
47 16
16 49
49 34
34 7
7 68
68 10
10 4
4 41
41 5
5 50
50 28
28 23
23 39
39 54
54 69
69 70
70 27
27 42
42 12
12 25
25 45
45 53
53 63
63 24
24 60
60 19
19 58
58 21
21 52
52 36
36 15
15 30
30 66
66 48
48 2
2 1
1 44
44 18
18 64
64 33
33 51
51 55
55 37
37 38
38 8
8 11
11 56
56 31
31 67
67 6
6 61
61 62
62 59
59 20
20 35
35 65
65 40
6 64
66 26
19 5
60 27
5 14
13 63
59 10
64 45
18 42
35 31
17 64
1 45
19 69
23 24
35 39
23 7
35 15
68 37
36 63
18 56
35 54
44 28
17 42
17 36
33 46
54 33
53 35
42 48
9 16
52 56
17 53
56 68
51 38
48 44
24 50
43 8
21 54
48 20
16 44
59 21
21 11
39 49
22 10
20 4
32 50
38 48
41 15
17 14
33 1
25 40
29 36
4 13
11 60
17 24
43 37
11 34
69 34
19 38
58 57
51 17
14 23
31 60
65 63
27 36
39 5
49 44
55 15
42 25
54 30
17 4
60 53
17 3
24 34
27 41
42 4
22 3
65 47
30 6
45 68
13 69
12 6
57 25
53 6
40 7
46 47
56 41
6 62
37 57
4 31
38 39
36 39
10 3
8 49
12 2
15 57
50 52
14 36
61 52
12 68
44 17
48 45
4 40
56 64
18 8
8 58
63 19
1 60
39 60
19 18
30 11
21 53
47 51
11 49
45 61
25 26
70 52
12 37
62 48
34 46
65 8
26 11
44 33
16 56
51 67
65 22
15 29
42 51
25 64
50 12
10 6
52 2
38 1
9 14
7 12
18 61
56 4
67 18
10 1
34 29
58 66
32 30
6 42
70 66
42 26
15 60
61 59
24 30
35 18
70 163
61 41
41 7
7 32
32 49
49 36
36 15
15 42
42 69
69 5
5 57
57 3
3 50
50 40
40 4
4 2
2 10
10 24
24 56
56 58
58 19
19 53
53 52
52 60
60 67
67 18
18 9
9 30
30 39
39 34
34 43
43 38
38 46
46 1
1 26
26 63
63 8
8 59
59 35
35 33
33 20
20 55
55 47
47 66
66 22
22 70
70 12
12 13
13 27
27 21
21 44
44 62
62 37
37 51
51 65
65 23
23 29
29 11
11 31
31 17
17 64
64 28
28 16
16 45
45 68
68 48
48 25
25 54
54 14
14 6
6 61
70 54
70 38
44 35
16 61
53 67
14 55
52 5
15 68
9 15
30 46
48 49
13 18
41 35
53 16
70 1
66 67
21 53
3 4
15 29
9 56
4 62
61 39
66 26
49 26
45 56
52 8
49 16
64 11
43 4
16 51
54 62
13 17
7 11
59 55
25 45
61 45
6 20
44 29
8 22
44 70
46 33
60 15
25 1
37 24
43 14
68 28
59 32
16 42
24 6
59 46
33 22
67 11
48 61
53 8
49 8
13 37
68 57
37 28
1 63
66 30
50 61
2 35
68 31
56 14
21 48
20 4
14 25
21 23
25 4
41 10
63 55
39 68
44 5
41 20
35 57
8 3
9 1
2 12
26 41
37 26
55 7
36 4
41 49
69 49
56 29
7 9
8 39
66 62
63 41
43 44
69 14
25 15
19 46
70 203
6 59
59 41
41 51
51 7
7 1
1 33
33 21
21 34
34 69
69 24
24 35
35 42
42 55
55 65
65 2
2 66
66 58
58 46
46 17
17 3
3 28
28 10
10 49
49 67
67 68
68 53
53 15
15 22
22 19
19 39
39 38
38 40
40 25
25 27
27 37
37 63
63 36
36 13
13 70
70 29
29 32
32 52
52 18
18 16
16 50
50 57
57 30
30 64
64 48
48 4
4 60
60 20
20 9
9 61
61 8
8 31
31 26
26 45
45 62
62 12
12 5
5 56
56 23
23 43
43 47
47 11
11 54
54 44
44 14
14 6
15 62
30 27
61 29
6 58
54 25
24 26
21 28
29 8
66 42
68 15
42 48
12 21
31 18
41 24
70 52
24 38
25 19
65 57
17 61
56 33
13 33
5 2
34 13
12 38
33 61
7 66
39 68
49 55
54 38
8 22
18 21
51 62
1 59
14 38
32 10
62 58
12 47
51 11
56 10
60 51
70 25
40 68
54 2
56 13
64 29
68 7
42 39
11 36
34 49
8 16
8 5
48 69
32 16
4 28
19 38
10 37
69 31
6 70
69 27
53 48
15 41
26 54
14 29
6 62
66 51
7 64
43 8
30 69
6 64
66 31
20 65
48 35
21 54
18 6
28 13
46 32
50 6
54 4
16 45
28 67
33 63
31 5
58 13
30 36
18 46
16 54
16 37
40 29
2 43
12 48
12 69
14 30
28 51
68 45
8 63
56 14
41 27
59 36
2 19
41 18
54 61
20 15
59 55
9 39
65 48
29 5
34 46
25 12
39 54
17 7
4 30
51 43
34 64
23 44
29 10
32 2
21 23
13 9
30 22
33 4
33 6
16 42
54 13
11 33
52 16
43 6
27 20
30 41
32 25
4 15
29 45
19 57
16 14
70 75
6 20
20 39
39 67
67 55
55 63
63 1
1 42
42 69
69 40
40 16
16 49
49 19
19 51
51 27
27 10
10 50
50 59
59 44
44 18
18 11
11 26
26 8
8 47
47 31
31 7
7 46
46 35
35 56
56 58
58 17
17 41
41 68
68 52
52 23
23 64
64 61
61 38
38 21
21 66
66 53
53 65
65 24
24 43
43 12
12 3
3 15
15 48
48 54
54 30
30 36
36 34
34 70
70 14
14 5
5 9
9 45
45 22
22 2
2 57
57 13
13 32
32 33
33 4
4 62
62 28
28 29
29 25
25 37
37 60
60 6
25 24
20 25
36 4
40 39
5 17
70 228
26 36
36 35
35 33
33 20
20 47
47 61
61 39
39 42
42 21
21 59
59 49
49 5
5 24
24 25
25 58
58 38
38 34
34 4
4 50
50 2
2 64
64 30
30 43
43 32
32 3
3 23
23 63
63 51
51 41
41 28
28 19
19 56
56 13
13 70
70 18
18 69
69 7
7 67
67 16
16 10
10 27
27 54
54 17
17 14
14 53
53 57
57 46
46 15
15 60
60 55
55 52
52 22
22 6
6 65
65 31
31 12
12 40
40 44
44 62
62 8
8 29
29 66
66 9
9 45
45 68
68 1
1 37
37 11
11 48
48 26
8 13
69 43
50 64
22 33
32 22
32 24
65 66
17 49
9 47
48 54
55 70
33 14
65 33
16 14
69 28
22 55
33 2
3 48
38 7
50 48
64 25
22 69
1 60
23 55
48 20
23 16
30 57
41 43
62 41
54 51
21 48
5 41
66 67
29 45
70 27
66 61
67 1
36 3
69 62
49 37
45 11
30 32
52 60
66 3
62 31
60 44
42 28
44 3
63 17
6 30
6 44
13 66
56 33
51 3
25 66
4 28
52 18
12 66
3 64
66 35
23 60
61 4
26 52
39 51
37 17
29 69
28 7
19 23
50 52
53 6
69 47
52 46
15 37
6 18
63 64
69 17
41 21
60 8
69 38
9 6
52 9
23 13
58 50
50 44
2 18
10 66
56 46
66 26
8 40
12 51
37 58
8 18
67 11
3 49
37 45
19 32
59 42
29 4
52 47
21 47
25 38
35 32
62 39
54 57
30 58
5 3
35 65
51 61
58 35
33 53
30 61
55 21
7 70
40 67
41 26
46 45
63 70
39 43
37 55
62 38
52 54
1 5
59 70
14 10
62 35
53 4
55 26
15 21
40 3
8 36
48 60
24 51
3 47
55 12
35 19
70 29
67 69
28 51
31 33
54 36
52 24
27 3
50 6
37 53
28 53
32 66
47 50
38 36
51 68
16 9
1 57
7 61
16 32
34 14
14 1
1 3
40 70
13 15
70 80
14 4
4 69
69 29
29 5
5 37
37 36
36 68
68 15
15 27
27 31
31 43
43 61
61 34
34 32
32 8
8 55
55 41
41 18
18 9
9 66
66 64
64 58
58 62
62 20
20 70
70 50
50 13
13 39
39 10
10 19
19 6
6 1
1 46
46 3
3 59
59 12
12 22
22 24
24 42
42 48
48 51
51 26
26 47
47 30
30 49
49 40
40 2
2 28
28 53
53 52
52 63
63 21
21 44
44 54
54 67
67 16
16 11
11 35
35 33
33 45
45 17
17 25
25 38
38 56
56 65
65 23
23 7
7 57
57 60
60 14
57 16
45 64
57 15
47 64
18 48
7 28
41 69
61 11
43 4
8 30
70 151
70 32
32 1
1 54
54 57
57 29
29 35
35 63
63 25
25 4
4 28
28 8
8 19
19 65
65 39
39 51
51 2
2 23
23 49
49 60
60 47
47 37
37 68
68 45
45 58
58 43
43 26
26 5
5 11
11 52
52 62
62 41
41 67
67 16
16 36
36 21
21 27
27 40
40 55
55 14
14 6
6 24
24 17
17 12
12 42
42 33
33 56
56 69
69 22
22 31
31 59
59 34
34 66
66 44
44 3
3 9
9 7
7 38
38 10
10 20
20 61
61 64
64 46
46 30
30 48
48 50
50 18
18 53
53 13
13 15
15 70
57 24
30 29
63 59
20 41
62 33
24 38
3 19
44 65
40 26
35 65
1 45
16 62
49 20
8 18
55 70
60 65
6 31
35 6
67 23
42 23
26 65
1 31
3 41
2 18
35 18
30 1
40 56
24 14
53 39
51 17
50 60
8 12
58 28
56 68
10 15
36 35
45 29
47 35
34 56
47 27
42 43
50 51
47 28
14 21
6 63
10 26
15 51
25 54
32 3
27 3
42 31
35 32
2 43
14 52
62 28
3 56
16 51
52 16
42 70
66 54
57 45
28 6
66 57
9 10
47 50
68 16
20 39
31 28
32 12
6 26
39 46
57 59
44 54
63 46
64 50
14 53
10 58
7 17
15 54
59 33
42 60
70 116
37 4
4 65
65 3
3 47
47 60
60 46
46 69
69 44
44 14
14 54
54 12
12 5
5 18
18 51
51 20
20 17
17 30
30 62
62 11
11 56
56 1
1 53
53 67
67 7
7 16
16 22
22 6
6 52
52 13
13 21
21 36
36 28
28 55
55 32
32 29
29 57
57 34
34 39
39 61
61 27
27 41
41 50
50 15
15 31
31 35
35 25
25 9
9 42
42 63
63 48
48 24
24 23
23 45
45 64
64 10
10 59
59 8
8 26
26 66
66 40
40 2
2 33
33 38
38 19
19 58
58 43
43 49
49 68
68 70
70 37
47 34
24 66
19 2
12 36
30 20
48 31
55 24
6 64
64 25
50 10
64 13
61 11
7 26
15 22
27 39
7 17
2 66
69 33
36 61
29 8
57 19
38 11
19 46
3 1
34 46
10 60
42 15
22 2
43 2
55 40
3 67
64 58
39 12
64 9
19 31
32 38
58 62
45 5
34 21
48 35
45 70
16 52
58 20
21 6
55 36
69 56
70 215
30 4
4 36
36 18
18 59
59 27
27 16
16 57
57 9
9 50
50 21
21 68
68 52
52 53
53 32
32 3
3 7
7 70
70 40
40 12
12 10
10 42
42 26
26 66
66 33
33 55
55 64
64 23
23 17
17 29
29 43
43 41
41 49
49 56
56 13
13 67
67 6
6 63
63 46
46 34
34 61
61 48
48 54
54 47
47 38
38 5
5 19
19 25
25 39
39 20
20 44
44 62
62 2
2 15
15 1
1 31
31 69
69 45
45 60
60 24
24 11
11 14
14 35
35 65
65 28
28 37
37 8
8 51
51 58
58 22
22 30
60 68
10 6
45 70
66 11
23 12
42 61
26 39
44 43
45 19
50 33
46 36
4 15
32 36
50 40
65 7
27 39
2 58
29 20
6 69
57 25
7 64
8 28
37 9
67 23
41 13
60 42
55 58
35 40
38 54
63 36
70 4
21 20
8 4
69 1
32 68
2 35
63 58
35 18
67 35
45 14
47 60
9 34
56 17
69 61
61 67
35 31
56 19
41 30
24 36
49 22
66 47
37 13
14 43
31 46
66 36
3 29
21 30
62 53
9 68
66 62
12 38
45 52
57 21
45 65
21 59
54 16
9 10
42 48
47 15
13 31
54 36
54 2
44 28
58 27
47 27
22 33
66 34
54 69
38 53
69 30
39 54
25 54
28 1
40 65
3 54
38 29
65 41
51 13
25 31
36 64
68 50
70 53
43 35
2 65
22 34
11 4
69 5
64 57
36 42
30 64
24 34
20 48
65 69
1 19
61 24
41 10
37 64
23 47
39 45
45 55
25 22
20 11
56 11
42 54
57 49
21 33
52 16
51 12
22 52
6 70
60 46
32 59
8 39
6 27
34 4
24 54
44 67
19 31
59 69
16 46
7 19
68 69
44 2
28 61
36 5
13 14
47 40
41 35
25 62
42 50
7 15
4 25
24 68
28 23
4 48
70 103
13 12
12 30
30 41
41 36
36 33
33 46
46 4
4 17
17 29
29 68
68 8
8 27
27 65
65 52
52 37
37 44
44 34
34 14
14 3
3 48
48 53
53 42
42 26
26 43
43 38
38 18
18 15
15 55
55 63
63 22
22 58
58 61
61 56
56 51
51 25
25 57
57 28
28 60
60 16
16 62
62 2
2 47
47 54
54 39
39 45
45 24
24 40
40 59
59 7
7 31
31 1
1 49
49 19
19 50
50 6
6 23
23 64
64 69
69 32
32 20
20 9
9 10
10 70
70 21
21 11
11 35
35 66
66 67
67 5
5 13
57 49
51 30
69 3
59 1
47 23
19 68
37 68
34 2
18 69
15 38
70 51
24 56
44 8
69 67
32 15
22 59
1 20
40 37
53 61
7 23
20 4
40 8
37 48
31 65
45 58
15 66
19 60
17 70
26 70
64 15
7 27
62 57
53 16
70 146
69 10
10 47
47 12
12 17
17 55
55 14
14 19
19 29
29 67
67 42
42 68
68 1
1 11
11 32
32 70
70 44
44 28
28 63
63 65
65 49
49 26
26 9
9 27
27 31
31 15
15 36
36 5
5 52
52 53
53 20
20 50
50 66
66 16
16 24
24 8
8 37
37 35
35 22
22 40
40 48
48 13
13 60
60 45
45 46
46 25
25 34
34 51
51 33
33 23
23 54
54 2
2 57
57 30
30 43
43 3
3 59
59 7
7 18
18 6
6 64
64 58
58 41
41 56
56 21
21 62
62 61
61 39
39 4
4 38
38 69
48 8
11 10
51 44
70 35
46 27
40 41
20 28
50 44
20 37
48 62
48 55
12 14
67 54
39 11
36 39
40 57
49 27
56 47
13 56
64 69
32 42
33 53
40 54
46 23
7 54
11 50
30 21
29 8
55 3
16 69
40 24
49 7
16 37
55 64
20 43
46 10
53 66
21 49
49 58
46 50
48 56
31 53
20 67
44 55
13 54
12 38
24 23
38 46
13 46
7 6
42 31
53 38
33 15
31 48
17 26
70 31
60 63
67 65
38 19
58 28
42 10
41 46
68 2
32 55
51 46
64 21
56 59
26 58
17 13
54 38
6 31
65 29
23 37
30 36
27 17
63 68
70 177
1 36
36 63
63 55
55 18
18 43
43 65
65 35
35 31
31 15
15 34
34 24
24 14
14 60
60 59
59 62
62 22
22 41
41 29
29 10
10 64
64 39
39 30
30 67
67 44
44 70
70 27
27 33
33 6
6 19
19 53
53 46
46 37
37 20
20 50
50 2
2 51
51 56
56 58
58 4
4 28
28 42
42 52
52 16
16 25
25 57
57 40
40 11
11 9
9 49
49 66
66 61
61 3
3 8
8 45
45 48
48 68
68 5
5 12
12 23
23 13
13 47
47 38
38 32
32 54
54 21
21 69
69 7
7 26
26 17
17 1
64 37
69 10
5 41
64 63
19 21
3 10
39 44
44 24
27 67
47 61
64 25
50 6
28 43
45 70
65 50
49 43
69 29
61 37
56 36
30 70
35 12
49 44
56 69
55 34
29 36
3 59
44 36
31 19
38 64
63 19
3 57
7 55
22 30
30 66
69 19
21 64
29 43
6 20
15 48
9 4
65 62
40 29
38 27
2 17
51 57
14 62
58 65
8 50
22 56
33 19
64 31
48 61
33 70
10 25
55 25
59 29
27 16
65 17
55 42
50 40
9 12
59 8
7 46
9 13
28 24
39 54
12 17
27 61
53 31
33 23
51 9
26 27
29 11
28 38
45 2
31 50
53 47
68 53
60 56
16 4
39 66
7 42
47 41
68 49
56 27
37 70
62 15
52 30
60 46
70 32
38 66
1 59
48 34
55 45
51 47
14 19
37 54
51 39
50 42
43 2
30 12
5 30
40 36
14 57
13 66
69 28
54 31
70 127
40 60
60 4
4 51
51 24
24 63
63 53
53 62
62 18
18 45
45 1
1 15
15 20
20 58
58 8
8 9
9 21
21 66
66 30
30 34
34 46
46 13
13 56
56 31
31 47
47 19
19 11
11 59
59 57
57 41
41 36
36 69
69 61
61 44
44 29
29 49
49 39
39 17
17 54
54 2
2 67
67 37
37 7
7 35
35 68
68 28
28 26
26 22
22 55
55 42
42 5
5 6
6 12
12 70
70 25
25 16
16 27
27 3
3 52
52 43
43 50
50 33
33 32
32 23
23 48
48 64
64 10
10 38
38 14
14 65
65 40
67 20
41 39
56 25
16 3
70 35
53 66
57 21
37 12
70 31
37 43
43 9
61 25
55 38
11 55
63 9
40 48
19 42
32 67
11 12
67 19
14 43
14 7
1 47
17 37
38 60
3 2
44 1
51 41
61 14
9 53
38 32
54 5
63 66
69 31
43 4
5 32
54 12
45 28
70 20
21 45
22 16
40 61
18 3
58 55
9 15
2 48
58 14
45 55
63 41
70 56
13 41
57 46
21 23
34 48
70 51
49 58
19 21
70 221
56 25
25 8
8 14
14 36
36 35
35 22
22 38
38 46
46 13
13 66
66 43
43 37
37 61
61 30
30 21
21 27
27 4
4 44
44 48
48 28
28 11
11 32
32 54
54 6
6 12
12 24
24 49
49 40
40 17
17 18
18 20
20 3
3 1
1 15
15 39
39 67
67 29
29 10
10 2
2 45
45 57
57 60
60 31
31 52
52 65
65 16
16 9
9 34
34 7
7 47
47 33
33 68
68 50
50 69
69 23
23 51
51 5
5 53
53 62
62 63
63 70
70 59
59 42
42 58
58 41
41 55
55 64
64 26
26 19
19 56
61 41
12 21
49 65
46 6
2 53
14 27
57 63
64 8
55 10
66 67
31 36
13 62
57 54
19 27
50 33
8 22
19 1
21 56
48 35
54 35
48 49
10 51
9 25
3 59
29 27
70 3
52 38
2 55
61 56
21 36
49 30
27 16
14 17
42 11
59 33
26 1
41 50
16 59
43 70
62 7
6 19
58 56
42 12
50 34
29 55
21 28
23 29
10 17
34 21
4 46
15 18
46 2
66 65
24 42
29 53
27 30
19 42
63 59
64 20
5 26
39 4
51 50
60 34
61 29
41 24
2 67
36 16
34 63
38 35
5 44
6 35
12 15
59 22
32 2
42 15
23 14
56 14
45 43
28 7
18 55
59 69
60 54
28 3
8 15
4 56
18 46
5 18
5 47
68 12
5 42
5 29
28 13
48 26
2 20
57 19
2 50
41 25
50 14
59 58
67 40
24 51
6 50
44 55
68 35
33 14
40 59
25 39
5 8
14 32
15 51
15 66
12 25
57 49
21 53
36 28
40 9
18 39
21 50
17 34
50 58
12 41
13 2
28 37
52 42
70 12
11 18
65 60
5 50
23 6
53 64
26 58
29 49
10 6
17 41
30 3
51 17
59 54
12 19
59 34
40 47
42 23
28 41
36 10
16 37
53 51
24 32
57 61
21 66
37 10
42 7
53 40
70 162
30 21
21 25
25 4
4 48
48 9
9 49
49 51
51 50
50 45
45 3
3 14
14 15
15 29
29 10
10 37
37 1
1 53
53 41
41 16
16 68
68 23
23 59
59 19
19 8
8 20
20 70
70 35
35 67
67 22
22 18
18 32
32 47
47 52
52 7
7 69
69 36
36 26
26 2
2 6
6 46
46 11
11 34
34 44
44 62
62 66
66 39
39 61
61 64
64 54
54 58
58 17
17 28
28 65
65 56
56 55
55 63
63 12
12 33
33 43
43 42
42 27
27 31
31 5
5 24
24 57
57 13
13 60
60 38
38 40
40 30
64 12
67 5
25 9
29 35
64 32
36 19
39 52
43 17
34 28
17 32
29 30
44 15
25 12
55 39
63 9
33 24
41 7
54 50
67 50
62 1
45 35
40 31
44 17
64 70
49 37
2 65
48 32
25 52
50 61
38 35
24 67
21 39
62 47
8 17
59 7
61 4
13 19
18 41
66 27
47 48
5 22
31 8
29 33
35 24
25 49
33 11
61 31
23 70
17 27
23 15
31 57
51 18
7 5
5 27
26 27
33 50
22 19
68 53
49 35
11 25
21 64
70 48
36 68
54 20
27 69
59 34
7 63
15 39
37 7
63 33
27 47
54 66
44 37
9 46
55 32
26 6
12 67
15 48
32 57
57 10
21 35
38 3
67 61
47 61
69 24
37 42
4 53
62 67
60 19
25 10
10 63
70 5
70 217
69 51
51 11
11 8
8 60
60 59
59 67
67 1
1 27
27 63
63 2
2 66
66 53
53 19
19 23
23 10
10 38
38 54
54 41
41 64
64 47
47 49
49 13
13 18
18 7
7 30
30 43
43 28
28 26
26 52
52 3
3 46
46 61
61 56
56 68
68 70
70 44
44 58
58 14
14 31
31 36
36 37
37 33
33 34
34 24
24 22
22 48
48 65
65 35
35 6
6 62
62 12
12 40
40 39
39 42
42 25
25 55
55 16
16 17
17 9
9 50
50 20
20 5
5 21
21 57
57 32
32 15
15 4
4 29
29 45
45 69
60 7
38 36
20 13
8 28
35 51
59 4
17 52
7 22
64 33
29 30
62 10
1 56
12 10
66 43
4 54
65 28
40 38
5 22
63 20
27 70
3 10
10 22
46 48
30 52
54 51
24 23
64 11
24 63
40 10
1 31
29 64
16 53
42 65
58 1
45 43
62 24
42 46
19 17
29 10
57 26
53 51
16 20
16 47
36 19
51 60
39 62
20 4
61 29
35 31
12 2
15 28
32 16
1 63
64 12
69 60
12 19
35 68
18 5
58 18
51 32
11 42
27 28
11 29
59 64
60 14
17 5
2 36
69 34
38 1
23 49
42 4
48 40
36 48
11 47
45 36
8 30
17 25
5 45
42 12
66 59
49 54
55 14
16 18
34 3
52 29
23 33
31 33
15 47
26 1
46 43
56 39
31 10
63 30
63 23
70 21
12 52
6 56
16 40
52 58
67 33
65 70
40 30
34 28
21 64
68 18
22 49
27 2
41 25
23 43
20 51
56 25
29 2
7 67
2 32
17 10
43 37
23 59
36 20
47 39
56 23
46 14
23 51
4 69
53 23
6 63
46 8
20 25
69 9
46 51
66 14
55 24
14 36
43 31
59 68
61 59
11 6
9 20
26 36
1 40
5 46
64 67
19 29
67 47
70 60
26 64
35 45
38 44
70 237
35 19
19 69
69 6
6 57
57 58
58 1
1 54
54 43
43 67
67 23
23 28
28 65
65 26
26 37
37 17
17 25
25 10
10 39
39 16
16 36
36 33
33 50
50 56
56 7
7 2
2 18
18 62
62 59
59 66
66 60
60 11
11 38
38 64
64 52
52 5
5 9
9 45
45 70
70 49
49 15
15 41
41 34
34 27
27 63
63 31
31 53
53 29
29 3
3 24
24 46
46 47
47 32
32 61
61 30
30 13
13 4
4 12
12 22
22 42
42 21
21 68
68 8
8 14
14 44
44 40
40 20
20 48
48 51
51 55
55 35
57 68
66 32
18 70
57 38
19 26
32 15
9 46
23 31
46 50
40 6
17 29
26 49
1 8
21 61
25 63
32 26
37 67
3 21
34 23
3 20
7 4
29 50
62 63
10 11
43 45
32 50
62 6
68 9
39 25
12 46
34 28
50 51
26 25
13 43
16 53
16 6
58 42
3 11
41 50
34 3
26 2
32 22
12 26
65 7
21 36
64 70
10 32
61 44
28 10
33 66
42 29
45 59
70 62
18 15
7 66
30 60
57 11
30 58
40 52
49 48
29 5
37 64
32 39
44 60
68 37
64 33
55 60
49 57
53 64
1 59
64 34
24 40
68 29
39 18
54 66
19 8
5 41
34 56
3 8
38 37
26 39
38 19
19 41
2 68
55 68
1 21
38 35
2 51
31 6
38 59
40 67
19 54
3 41
68 32
20 55
24 33
40 34
26 3
66 16
56 39
32 19
10 19
34 18
21 4
14 22
60 52
24 39
62 22
41 17
35 1
29 58
48 43
68 51
8 67
14 60
36 42
58 15
47 56
21 22
2 12
26 52
21 58
23 62
41 70
38 41
35 39
26 64
34 44
10 55
18 68
62 26
11 34
14 58
54 42
55 9
20 57
46 32
34 29
31 44
28 18
38 8
46 5
47 14
42 34
59 57
64 6
11 26
31 10
47 21
70 46
58 59
43 39
21 60
55 61
36 56
39 59
14 59
70 11
53 57
14 21
10 42
14 32
41 10
53 8
29 57
63 35
36 45
70 77
11 61
61 60
60 13
13 41
41 42
42 49
49 24
24 36
36 15
15 23
23 48
48 31
31 20
20 68
68 12
12 54
54 59
59 39
39 14
14 63
63 26
26 33
33 25
25 52
52 16
16 37
37 2
2 51
51 57
57 27
27 35
35 7
7 58
58 55
55 66
66 67
67 64
64 69
69 6
6 65
65 70
70 4
4 18
18 56
56 38
38 46
46 28
28 53
53 8
8 17
17 22
22 3
3 29
29 62
62 19
19 43
43 10
10 50
50 30
30 5
5 1
1 21
21 40
40 44
44 47
47 9
9 45
45 32
32 34
34 11
47 70
34 12
70 26
54 30
1 16
63 48
42 45
70 115
16 65
65 30
30 53
53 24
24 45
45 59
59 21
21 56
56 11
11 9
9 29
29 44
44 6
6 40
40 8
8 49
49 61
61 55
55 28
28 1
1 41
41 52
52 60
60 39
39 69
69 46
46 48
48 3
3 54
54 43
43 37
37 57
57 35
35 2
2 23
23 10
10 64
64 33
33 26
26 31
31 25
25 58
58 47
47 66
66 17
17 67
67 13
13 27
27 63
63 19
19 34
34 62
62 4
4 5
5 32
32 22
22 68
68 36
36 20
20 50
50 42
42 12
12 18
18 38
38 15
15 14
14 7
7 51
51 70
70 16
34 16
43 65
22 7
20 2
8 43
7 15
6 45
4 65
55 40
66 62
6 60
19 49
10 48
41 39
61 9
37 35
27 29
25 36
57 28
58 59
57 10
63 13
14 54
52 30
14 41
32 13
10 61
49 23
64 30
10 65
14 3
38 40
58 14
42 37
33 57
61 40
6 35
50 58
61 22
25 63
59 39
7 9
39 4
6 27
12 45
70 84
27 59
59 60
60 33
33 38
38 46
46 4
4 29
29 66
66 32
32 65
65 35
35 70
70 30
30 26
26 53
53 3
3 23
23 61
61 14
14 5
5 57
57 50
50 55
55 54
54 11
11 17
17 13
13 44
44 52
52 16
16 45
45 62
62 22
22 1
1 6
6 68
68 49
49 9
9 67
67 40
40 24
24 69
69 56
56 63
63 47
47 41
41 64
64 19
19 25
25 10
10 36
36 28
28 15
15 48
48 2
2 39
39 51
51 8
8 34
34 42
42 43
43 58
58 7
7 12
12 21
21 20
20 37
37 31
31 18
18 27
58 45
23 26
2 33
53 9
33 23
64 3
28 5
23 37
60 49
68 13
35 23
34 44
55 24
18 3
70 134
31 57
57 27
27 20
20 3
3 52
52 47
47 37
37 55
55 42
42 63
63 6
6 24
24 39
39 68
68 30
30 5
5 70
70 11
11 32
32 10
10 16
16 58
58 22
22 67
67 62
62 41
41 48
48 53
53 13
13 12
12 17
17 29
29 65
65 44
44 59
59 14
14 9
9 43
43 56
56 61
61 34
34 19
19 40
40 15
15 64
64 50
50 46
46 25
25 1
1 18
18 54
54 21
21 7
7 49
49 4
4 60
60 51
51 28
28 8
8 35
35 36
36 66
66 33
33 38
38 45
45 69
69 26
26 2
2 23
23 31
46 5
37 65
34 64
20 40
6 19
46 57
33 59
42 6
15 62
52 5
9 44
10 4
26 3
44 17
7 62
15 16
43 1
27 41
22 52
68 26
69 32
32 26
12 69
18 70
46 38
38 5
33 56
61 51
15 52
30 31
57 9
29 11
26 57
46 70
16 39
63 19
41 21
11 12
69 18
13 1
51 34
62 51
1 29
6 56
47 45
42 3
37 60
46 66
2 24
12 26
6 55
23 70
64 20
14 63
35 29
62 69
35 60
34 46
37 30
11 6
54 46
45 41
18 53
59 40
70 79
14 6
6 66
66 39
39 62
62 37
37 46
46 45
45 7
7 50
50 69
69 2
2 55
55 27
27 54
54 58
58 57
57 3
3 67
67 29
29 47
47 28
28 13
13 65
65 8
8 60
60 21
21 43
43 48
48 5
5 30
30 49
49 61
61 15
15 52
52 11
11 18
18 38
38 10
10 41
41 1
1 33
33 40
40 23
23 53
53 42
42 70
70 24
24 63
63 59
59 34
34 25
25 16
16 51
51 56
56 20
20 35
35 26
26 32
32 68
68 64
64 4
4 17
17 12
12 9
9 36
36 44
44 19
19 22
22 31
31 14
22 15
59 16
64 61
47 46
20 42
46 32
54 64
51 41
65 45
70 75
66 27
27 13
13 59
59 21
21 44
44 49
49 3
3 70
70 34
34 58
58 37
37 61
61 50
50 67
67 30
30 45
45 5
5 23
23 46
46 32
32 38
38 62
62 35
35 39
39 52
52 57
57 63
63 29
29 10
10 36
36 40
40 6
6 69
69 31
31 25
25 4
4 54
54 65
65 42
42 43
43 68
68 22
22 47
47 18
18 1
1 8
8 20
20 7
7 33
33 12
12 11
11 26
26 2
2 28
28 41
41 9
9 53
53 24
24 48
48 51
51 19
19 56
56 60
60 17
17 15
15 16
16 64
64 55
55 14
14 66
67 19
14 50
39 4
15 61
7 64
70 228
10 57
57 1
1 48
48 23
23 26
26 67
67 13
13 19
19 54
54 45
45 28
28 42
42 64
64 43
43 20
20 12
12 15
15 51
51 68
68 40
40 47
47 32
32 8
8 9
9 37
37 70
70 33
33 34
34 55
55 17
17 53
53 4
4 5
5 58
58 6
6 16
16 63
63 56
56 65
65 49
49 44
44 11
11 41
41 18
18 66
66 50
50 30
30 35
35 38
38 27
27 29
29 3
3 60
60 61
61 22
22 14
14 7
7 69
69 46
46 24
24 52
52 62
62 36
36 25
25 2
2 21
21 39
39 31
31 59
59 10
28 27
43 3
28 26
52 41
51 56
37 40
10 22
8 55
57 68
14 69
25 70
61 59
27 2
51 64
21 63
55 51
10 23
50 45
47 31
17 16
8 62
49 3
47 11
61 37
18 57
13 54
28 55
55 15
59 13
28 25
57 38
19 52
37 16
60 24
49 14
59 2
41 9
53 2
64 40
58 28
4 9
65 38
31 30
7 2
32 38
22 63
43 45
60 39
33 5
40 18
10 45
44 59
59 15
24 47
14 9
21 58
42 56
31 60
41 8
63 3
59 34
63 18
40 7
10 38
7 23
48 55
25 69
53 69
18 19
13 41
67 42
20 44
26 58
60 26
64 2
25 40
8 54
42 15
17 11
56 30
14 57
65 24
34 44
4 28
53 43
9 19
36 58
30 10
62 24
41 5
22 42
34 4
14 4
27 47
5 37
36 21
2 52
60 57
8 34
50 67
62 4
13 35
68 50
18 36
46 20
9 25
62 12
63 48
39 19
23 18
49 47
24 38
9 64
54 55
14 67
58 56
50 11
28 17
55 43
13 56
43 63
18 29
64 3
70 17
65 39
39 1
18 15
68 65
36 50
41 17
65 25
12 70
29 4
56 12
42 23
49 42
12 32
4 16
15 21
1 21
62 15
57 33
13 37
43 29
46 9
12 53
42 25
53 18
64 54
54 1
38 4
6 30
2 68
62 69
38 40
9 58
7 53
47 8
70 122
10 7
7 68
68 32
32 4
4 53
53 58
58 69
69 51
51 21
21 14
14 28
28 3
3 59
59 20
20 1
1 49
49 66
66 16
16 13
13 24
24 44
44 9
9 30
30 42
42 33
33 19
19 34
34 15
15 36
36 39
39 27
27 22
22 6
6 56
56 29
29 26
26 31
31 45
45 47
47 35
35 25
25 67
67 62
62 41
41 11
11 37
37 46
46 8
8 43
43 57
57 55
55 64
64 17
17 52
52 61
61 65
65 23
23 18
18 2
2 60
60 50
50 40
40 12
12 54
54 5
5 70
70 48
48 63
63 38
38 10
15 26
14 57
52 48
25 47
8 69
70 14
51 18
25 43
53 29
55 31
46 57
66 38
57 65
48 3
41 19
44 33
11 58
6 38
30 7
46 67
22 24
19 57
9 40
12 37
44 16
24 54
55 39
9 20
33 10
16 12
27 19
27 63
36 18
1 35
57 49
58 43
32 39
10 61
19 24
64 34
14 31
13 31
62 52
25 26
46 27
5 68
11 31
36 10
43 42
39 35
61 63
68 34
70 198
26 10
10 60
60 41
41 70
70 16
16 30
30 21
21 69
69 2
2 6
6 5
5 47
47 46
46 34
34 4
4 31
31 56
56 54
54 66
66 44
44 7
7 53
53 28
28 67
67 13
13 23
23 59
59 57
57 27
27 24
24 58
58 32
32 50
50 19
19 3
3 35
35 68
68 48
48 45
45 14
14 20
20 64
64 22
22 42
42 25
25 43
43 12
12 36
36 51
51 11
11 63
63 55
55 52
52 33
33 18
18 9
9 15
15 39
39 65
65 62
62 40
40 1
1 17
17 29
29 49
49 61
61 37
37 38
38 8
8 26
20 1
25 7
7 47
4 26
66 25
47 25
31 45
43 22
69 29
70 14
12 25
32 4
12 54
18 60
69 70
65 7
70 30
9 56
9 66
16 31
14 66
48 17
32 39
11 43
24 33
31 50
26 6
12 11
41 31
43 28
45 35
70 50
49 53
37 13
51 14
62 12
50 57
44 33
5 27
22 33
52 15
26 39
15 19
25 1
1 29
47 33
8 62
10 61
27 3
49 9
17 30
43 6
61 18
34 42
38 9
55 67
9 42
28 21
55 32
47 24
21 62
33 10
33 19
43 68
61 52
20 3
22 9
55 20
12 63
28 4
30 51
34 10
18 41
36 2
9 46
29 34
56 24
25 14
53 6
9 7
48 9
31 58
53 42
11 67
70 49
25 58
70 46
57 68
15 50
51 53
3 70
7 8
25 56
8 57
48 44
50 17
63 5
38 31
67 26
24 10
42 1
55 58
63 60
64 18
45 2
16 43
21 48
68 5
69 33
36 28
62 1
61 45
53 1
59 24
25 46
57 4
7 68
70 51
59 52
37 51
70 27
24 15
23 5
36 63
1 44
29 39
14 16
4 10
70 169
45 3
3 51
51 21
21 32
32 44
44 18
18 6
6 42
42 1
1 4
4 8
8 38
38 20
20 9
9 13
13 26
26 14
14 22
22 50
50 69
69 61
61 34
34 12
12 33
33 15
15 49
49 40
40 43
43 5
5 27
27 56
56 59
59 54
54 48
48 29
29 39
39 60
60 57
57 62
62 23
23 37
37 46
46 7
7 63
63 47
47 64
64 67
67 17
17 52
52 16
16 66
66 53
53 30
30 10
10 36
36 55
55 70
70 2
2 35
35 58
58 19
19 25
25 65
65 28
28 31
31 68
68 24
24 11
11 41
41 45
48 20
5 12
56 50
28 10
29 33
63 6
48 25
2 15
12 54
62 50
70 26
5 69
23 18
15 27
44 31
50 2
69 15
16 8
45 62
50 65
35 26
46 3
64 6
43 58
48 15
26 15
30 56
29 22
10 21
22 5
34 25
27 31
10 1
55 34
24 69
49 51
11 61
30 59
11 50
53 50
43 27
40 5
62 6
55 19
44 70
65 61
67 42
41 37
32 24
26 20
4 33
17 40
15 45
34 44
66 62
68 44
4 39
10 19
15 23
5 29
52 18
16 20
37 56
44 55
70 3
53 48
23 2
3 64
27 33
54 32
66 59
39 64
1 27
20 1
10 5
30 70
62 54
34 1
62 65
47 44
18 4
43 48
14 27
60 38
42 3
17 7
59 20
5 11
56 23
6 65
43 32
6 4
12 48
16 67
34 58
2 60
14 12
56 16
9 40
70 232
28 55
55 61
61 34
34 66
66 22
22 23
23 33
33 46
46 24
24 40
40 37
37 65
65 57
57 60
60 30
30 26
26 58
58 12
12 21
21 56
56 36
36 63
63 19
19 39
39 32
32 47
47 44
44 5
5 52
52 70
70 16
16 14
14 67
67 45
45 27
27 68
68 18
18 51
51 41
41 35
35 20
20 62
62 64
64 1
1 31
31 25
25 6
6 17
17 49
49 9
9 15
15 69
69 48
48 38
38 50
50 53
53 13
13 4
4 54
54 11
11 29
29 8
8 10
10 59
59 43
43 2
2 3
3 7
7 42
42 28
56 30
32 40
59 61
17 56
37 58
69 65
63 46
5 68
61 36
28 27
26 4
36 29
7 13
47 7
58 66
40 20
49 12
23 63
1 41
64 4
67 39
30 33
69 9
37 29
52 41
15 44
26 45
54 69
25 12
55 22
6 5
5 31
57 5
63 55
30 12
70 8
33 35
52 59
34 69
66 25
45 28
32 55
50 20
11 53
56 13
28 64
2 60
3 4
29 5
61 7
62 12
2 12
57 49
17 21
57 66
22 43
14 59
5 2
22 35
14 34
50 64
46 69
40 70
65 48
48 55
63 14
22 50
19 6
10 46
48 41
59 50
7 48
65 28
26 35
23 27
42 63
13 24
61 47
41 70
12 13
27 44
44 25
59 20
1 50
23 38
58 57
13 2
36 60
67 52
48 51
16 26
29 47
22 4
70 23
4 61
8 20
9 34
17 36
5 35
19 27
22 67
65 54
3 45
1 58
39 37
8 66
39 30
55 3
14 32
27 60
45 18
3 17
5 67
62 11
1 16
68 31
67 42
9 4
70 7
21 6
60 15
14 70
62 28
22 7
12 35
33 27
43 45
59 57
24 55
50 41
38 12
39 68
15 61
43 17
55 47
57 28
7 58
18 52
7 59
56 64
40 25
40 47
9 47
66 13
48 49
29 61
3 23
69 11
25 63
52 44
53 4
25 10
59 51
57 25
59 37
7 24
30 25
3 36
53 29
2 22
38 70
21 63
70 120
45 8
8 15
15 46
46 36
36 28
28 14
14 2
2 44
44 10
10 49
49 5
5 42
42 60
60 34
34 53
53 66
66 67
67 17
17 6
6 19
19 12
12 43
43 3
3 61
61 33
33 1
1 63
63 54
54 50
50 31
31 11
11 27
27 51
51 13
13 26
26 9
9 4
4 47
47 23
23 58
58 7
7 64
64 70
70 22
22 65
65 56
56 41
41 69
69 24
24 38
38 68
68 62
62 32
32 52
52 16
16 59
59 48
48 39
39 40
40 30
30 55
55 25
25 37
37 57
57 20
20 29
29 21
21 35
35 18
18 45
33 3
5 57
42 4
30 32
33 42
29 1
28 10
32 29
20 41
39 70
13 68
34 41
50 38
60 69
19 17
63 26
3 17
56 66
43 28
53 20
45 52
69 22
2 51
23 13
40 67
50 34
69 12
56 53
47 59
56 33
42 67
22 68
26 39
16 55
58 20
32 69
5 18
9 48
39 56
12 57
57 69
61 5
58 6
45 29
14 24
36 8
31 7
28 48
52 27
62 37
70 151
13 29
29 65
65 20
20 41
41 53
53 22
22 39
39 47
47 6
6 36
36 32
32 17
17 31
31 64
64 42
42 30
30 23
23 58
58 55
55 70
70 61
61 43
43 7
7 40
40 5
5 16
16 2
2 59
59 9
9 24
24 35
35 28
28 14
14 66
66 57
57 51
51 37
37 10
10 49
49 46
46 15
15 60
60 21
21 68
68 38
38 63
63 62
62 44
44 4
4 25
25 48
48 12
12 19
19 8
8 26
26 3
3 1
1 33
33 27
27 11
11 69
69 34
34 56
56 50
50 54
54 67
67 18
18 52
52 45
45 13
13 51
63 11
2 7
56 23
3 4
18 24
13 27
62 34
39 49
39 36
25 8
7 68
10 59
27 46
45 67
53 47
55 22
50 22
6 2
54 64
50 5
29 49
70 49
9 43
33 54
67 35
35 12
12 30
27 2
35 69
20 60
27 48
47 67
16 49
64 57
24 54
64 59
68 12
34 60
20 49
31 35
60 19
23 27
63 47
29 55
15 52
24 57
28 62
4 35
11 67
39 32
8 20
23 21
6 48
3 65
54 65
36 26
55 2
65 56
55 37
41 21
14 24
25 44
63 66
35 39
17 57
62 9
3 21
47 31
22 4
33 52
10 9
34 47
38 56
65 19
62 41
6 44
15 29
36 12
33 20
26 68
70 85
5 69
69 31
31 32
32 52
52 12
12 18
18 59
59 29
29 19
19 30
30 61
61 68
68 49
49 44
44 70
70 2
2 63
63 8
8 25
25 27
27 14
14 50
50 42
42 60
60 36
36 22
22 62
62 40
40 55
55 7
7 23
23 65
65 21
21 54
54 9
9 28
28 1
1 56
56 26
26 48
48 3
3 46
46 57
57 51
51 4
4 58
58 13
13 66
66 41
41 16
16 43
43 6
6 24
24 35
35 53
53 47
47 38
38 45
45 17
17 10
10 20
20 39
39 34
34 64
64 33
33 67
67 37
37 15
15 11
11 5
67 13
35 67
15 31
6 69
45 56
35 39
7 21
9 38
36 70
16 1
6 48
17 21
24 31
40 5
46 52
70 197
50 21
21 64
64 24
24 28
28 23
23 10
10 17
17 34
34 9
9 63
63 49
49 48
48 13
13 3
3 69
69 35
35 22
22 12
12 52
52 15
15 47
47 61
61 60
60 29
29 32
32 30
30 54
54 43
43 4
4 18
18 14
14 51
51 38
38 19
19 27
27 2
2 36
36 1
1 42
42 11
11 37
37 26
26 68
68 57
57 6
6 56
56 65
65 41
41 66
66 7
7 16
16 20
20 33
33 67
67 25
25 58
58 44
44 59
59 70
70 62
62 5
5 39
39 8
8 46
46 55
55 31
31 53
53 45
45 40
40 50
14 61
14 9
67 62
9 28
61 53
45 52
66 47
49 1
62 37
31 15
55 36
59 38
22 45
16 13
28 43
3 26
26 27
41 50
14 16
30 64
15 8
14 37
59 2
35 59
7 40
8 22
7 64
60 7
16 1
42 26
24 19
62 52
11 36
32 27
43 57
32 55
20 30
66 33
29 6
38 65
69 28
14 69
33 46
2 14
54 29
53 64
60 17
29 46
5 10
48 57
24 58
8 56
48 68
13 34
41 63
6 15
12 9
8 24
25 7
26 64
43 9
39 22
25 13
38 60
31 47
69 27
24 69
22 17
24 40
36 54
62 16
16 37
66 67
69 13
28 37
27 61
13 44
63 47
56 26
34 32
25 63
43 5
43 26
41 18
33 57
65 64
43 47
67 46
39 32
57 34
6 55
1 23
47 67
8 14
45 18
38 5
37 5
60 70
68 1
14 38
69 38
62 3
42 50
14 32
27 65
13 35
52 14
50 61
35 52
63 55
62 32
48 37
50 9
18 56
35 50
17 50
46 52
38 57
61 48
49 31
15 53
36 46
9 64
20 3
21 51
14 35
37 9
70 207
38 70
70 69
69 17
17 67
67 46
46 11
11 47
47 30
30 57
57 51
51 58
58 50
50 14
14 44
44 54
54 18
18 6
6 45
45 63
63 36
36 62
62 25
25 35
35 52
52 41
41 12
12 29
29 22
22 56
56 65
65 8
8 2
2 7
7 19
19 68
68 13
13 27
27 53
53 3
3 37
37 33
33 61
61 32
32 15
15 42
42 48
48 34
34 26
26 20
20 59
59 16
16 5
5 21
21 39
39 55
55 64
64 1
1 24
24 10
10 9
9 4
4 43
43 28
28 66
66 60
60 40
40 23
23 49
49 31
31 38
9 64
4 68
61 45
55 38
70 11
20 17
47 20
5 30
27 60
63 37
16 19
38 5
51 13
57 2
40 48
57 21
64 2
6 32
23 4
36 68
34 4
13 48
36 9
41 29
42 61
50 54
22 9
47 27
11 38
46 13
31 6
17 40
46 35
26 32
5 68
67 57
60 51
45 65
14 31
51 4
30 33
58 43
51 36
68 15
51 14
8 22
35 20
55 33
33 54
65 42
56 26
20 56
70 33
63 2
19 23
40 22
37 58
38 13
10 22
31 53
19 49
4 48
6 47
11 27
7 29
10 35
28 5
59 24
3 38
18 24
59 55
47 32
9 24
56 53
36 39
52 15
18 63
44 68
45 34
30 67
34 50
70 47
66 54
11 48
7 42
47 8
65 68
20 3
38 68
63 31
64 62
7 5
6 26
41 67
54 5
22 30
32 38
21 13
24 12
8 64
10 52
59 68
44 45
62 56
18 58
32 63
21 61
53 12
44 66
30 63
40 53
9 60
45 25
61 39
67 22
52 61
60 70
57 18
67 47
23 65
58 2
34 66
19 12
57 43
41 20
28 40
16 33
55 11
36 23
31 40
34 61
3 68
26 16
32 10
32 59
11 61
44 7
70 151
16 23
23 2
2 58
58 36
36 8
8 39
39 68
68 69
69 63
63 61
61 24
24 6
6 52
52 17
17 62
62 43
43 50
50 38
38 34
34 53
53 49
49 1
1 10
10 66
66 42
42 18
18 13
13 37
37 44
44 35
35 28
28 64
64 47
47 30
30 20
20 67
67 22
22 59
59 26
26 9
9 21
21 70
70 57
57 65
65 60
60 51
51 54
54 12
12 41
41 45
45 11
11 55
55 4
4 14
14 25
25 3
3 48
48 46
46 15
15 5
5 29
29 56
56 27
27 40
40 33
33 32
32 7
7 31
31 19
19 16
3 69
48 13
20 49
4 19
17 49
43 19
16 37
9 63
38 26
70 44
10 44
20 53
36 53
67 13
46 42
63 26
69 13
70 1
44 41
65 39
44 61
59 10
61 40
6 29
36 64
63 48
32 18
17 20
35 13
22 4
2 55
58 50
20 3
52 65
53 63
63 17
38 35
52 35
58 47
7 24
8 46
70 4
43 70
29 19
36 19
25 23
69 34
64 54
69 56
34 9
55 67
9 23
44 23
21 67
65 13
37 34
14 68
40 6
47 8
16 51
27 5
42 63
57 14
53 19
3 57
65 29
42 36
60 42
5 2
61 39
62 68
26 60
20 69
24 67
7 37
55 29
69 42
35 2
37 21
43 49
16 58
70 120
63 41
41 26
26 39
39 45
45 28
28 8
8 42
42 52
52 11
11 62
62 20
20 17
17 27
27 4
4 31
31 51
51 67
67 21
21 57
57 1
1 69
69 6
6 12
12 38
38 3
3 18
18 46
46 37
37 48
48 50
50 43
43 61
61 55
55 29
29 58
58 47
47 25
25 5
5 15
15 70
70 32
32 64
64 13
13 65
65 44
44 14
14 22
22 33
33 2
2 54
54 36
36 68
68 53
53 9
9 34
34 49
49 24
24 35
35 16
16 10
10 23
23 30
30 56
56 66
66 19
19 40
40 7
7 59
59 60
60 63
26 49
49 45
44 46
57 59
56 15
63 67
20 27
59 50
37 47
8 35
66 67
11 33
68 40
23 33
36 20
45 15
64 66
45 46
27 47
36 53
10 3
20 67
35 46
30 50
7 33
40 39
19 64
64 5
44 60
18 7
20 25
60 1
46 16
55 38
49 51
38 39
30 35
55 28
34 43
45 31
26 22
31 32
10 64
27 52
41 42
44 58
47 64
8 36
26 33
68 58
70 115
18 58
58 70
70 17
17 59
59 11
11 9
9 39
39 35
35 36
36 66
66 27
27 48
48 47
47 50
50 1
1 24
24 60
60 49
49 4
4 52
52 13
13 32
32 5
5 25
25 44
44 2
2 45
45 23
23 68
68 7
7 55
55 20
20 64
64 28
28 54
54 67
67 53
53 14
14 15
15 56
56 65
65 21
21 61
61 3
3 37
37 62
62 46
46 30
30 51
51 57
57 16
16 22
22 26
26 38
38 33
33 43
43 19
19 40
40 31
31 42
42 63
63 69
69 29
29 10
10 41
41 8
8 34
34 6
6 12
12 18
21 70
58 69
67 60
52 56
56 29
20 52
10 22
1 38
29 53
60 55
11 3
32 56
65 69
16 29
55 53
21 46
15 35
59 5
17 1
55 36
33 46
51 65
8 22
14 60
69 27
18 25
47 59
9 38
31 50
43 10
5 29
16 38
70 7
62 61
49 28
25 47
21 42
15 22
13 37
38 19
39 66
4 27
7 62
15 7
13 41
70 179
7 8
8 1
1 17
17 25
25 64
64 28
28 14
14 67
67 35
35 5
5 4
4 26
26 40
40 45
45 12
12 69
69 9
9 33
33 13
13 50
50 68
68 34
34 54
54 3
3 61
61 48
48 30
30 41
41 57
57 65
65 31
31 56
56 55
55 21
21 22
22 66
66 70
70 52
52 37
37 29
29 51
51 53
53 43
43 6
6 10
10 62
62 58
58 32
32 60
60 42
42 46
46 19
19 36
36 16
16 18
18 27
27 15
15 2
2 47
47 38
38 44
44 20
20 23
23 39
39 24
24 63
63 11
11 59
59 49
49 7
22 63
47 65
69 19
8 54
18 9
53 33
37 46
63 56
32 61
25 31
44 42
64 16
42 34
32 51
10 2
15 58
46 53
46 35
69 40
1 19
53 3
8 70
15 31
43 63
54 25
24 59
57 5
6 4
31 60
44 4
61 11
58 14
33 14
5 23
56 48
70 12
21 19
66 52
44 56
44 65
19 29
67 21
60 41
24 64
59 50
24 5
11 38
55 13
7 51
49 6
70 24
17 2
52 4
8 29
68 45
39 11
26 65
13 58
36 68
41 23
51 1
48 60
56 28
24 65
51 2
43 8
34 43
45 55
36 40
48 68
9 15
3 25
57 26
59 1
44 61
42 18
39 8
58 39
57 53
68 66
65 12
26 62
25 18
66 18
49 61
33 20
50 65
31 64
43 54
52 62
47 16
22 15
59 41
70 15
14 8
6 36
62 41
26 42
43 51
53 18
42 10
25 37
51 35
52 42
39 34
65 5
6 35
34 65
58 37
70 242
20 2
2 56
56 13
13 33
33 7
7 3
3 18
18 32
32 59
59 15
15 55
55 41
41 48
48 29
29 22
22 44
44 5
5 63
63 57
57 42
42 10
10 60
60 58
58 45
45 21
21 39
39 70
70 69
69 47
47 34
34 65
65 11
11 17
17 27
27 64
64 40
40 28
28 51
51 49
49 4
4 36
36 38
38 31
31 12
12 54
54 26
26 43
43 62
62 14
14 37
37 50
50 1
1 16
16 67
67 6
6 68
68 46
46 66
66 30
30 23
23 25
25 24
24 61
61 35
35 52
52 9
9 53
53 8
8 19
19 20
56 31
18 11
43 59
41 45
25 66
55 22
46 33
33 12
53 25
2 65
7 23
32 70
43 52
51 53
2 26
17 9
7 68
11 31
55 9
17 48
30 27
28 48
6 16
3 19
36 41
53 7
52 24
69 41
47 46
53 57
31 15
17 7
45 31
39 18
25 58
53 39
32 60
37 43
24 53
36 5
6 2
41 26
45 65
42 24
42 50
66 65
68 44
50 21
12 8
31 18
14 28
66 39
55 70
44 39
26 46
12 38
6 39
40 46
26 34
1 17
3 34
24 37
12 65
56 7
37 70
47 6
58 68
65 32
63 34
16 12
11 33
30 63
58 56
16 57
46 25
57 26
36 32
44 12
55 49
42 52
23 18
23 36
46 34
10 52
22 28
34 57
27 4
42 14
39 40
64 33
14 34
66 41
1 53
6 66
51 16
68 62
32 38
24 58
15 29
16 59
10 62
22 70
29 41
18 12
18 29
31 5
54 27
54 8
6 36
5 16
5 25
70 63
40 27
59 65
41 37
53 13
29 27
29 50
28 26
47 32
37 26
43 60
23 56
47 23
34 41
13 25
62 18
58 57
10 31
24 68
26 29
47 54
4 51
68 49
30 50
23 6
4 5
44 47
43 35
52 8
37 49
25 34
55 27
19 38
22 66
15 54
7 19
54 61
4 57
32 67
26 70
70 62
37 15
36 58
6 31
6 33
67 42
57 11
68 18
46 17
8 33
7 29
57 51
23 61
60 5
65 33
26 49
23 59
39 30
63 16
24 19
65 19
70 142
9 36
36 10
10 12
12 63
63 37
37 19
19 42
42 62
62 24
24 14
14 11
11 25
25 54
54 69
69 31
31 15
15 40
40 29
29 56
56 53
53 67
67 38
38 68
68 45
45 33
33 6
6 59
59 8
8 46
46 5
5 23
23 70
70 44
44 64
64 20
20 4
4 7
7 61
61 21
21 34
34 41
41 27
27 51
51 47
47 52
52 26
26 1
1 13
13 57
57 30
30 16
16 49
49 2
2 3
3 18
18 32
32 28
28 50
50 58
58 65
65 48
48 43
43 17
17 66
66 55
55 35
35 39
39 60
60 22
22 9
56 13
41 29
42 57
2 46
8 20
57 47
17 70
17 2
69 6
59 12
40 5
14 13
63 14
47 27
13 40
21 17
20 47
70 51
47 7
69 30
60 66
26 23
19 61
14 67
40 32
69 56
63 58
18 51
60 27
10 22
10 26
10 18
64 37
45 7
61 9
22 13
28 60
70 47
22 38
6 70
64 5
37 35
20 23
2 16
56 27
8 67
17 52
29 22
37 46
70 15
33 13
24 56
31 13
7 2
66 19
43 51
43 3
25 19
56 34
10 17
53 40
14 34
66 22
17 1
29 18
62 20
14 26
64 18
43 41
7 36
3 70
26 59
70 167
26 34
34 15
15 61
61 23
23 59
59 45
45 11
11 64
64 67
67 70
70 39
39 69
69 28
28 48
48 10
10 29
29 8
8 18
18 43
43 63
63 60
60 14
14 51
51 32
32 21
21 52
52 50
50 54
54 9
9 6
6 13
13 44
44 27
27 58
58 47
47 20
20 65
65 7
7 37
37 31
31 56
56 17
17 5
5 57
57 46
46 12
12 40
40 3
3 38
38 55
55 53
53 22
22 42
42 49
49 4
4 19
19 24
24 30
30 68
68 66
66 25
25 2
2 1
1 16
16 33
33 35
35 62
62 41
41 36
36 26
53 61
37 51
27 17
24 17
5 15
55 27
12 27
57 9
48 61
41 35
6 42
37 34
37 68
40 60
6 28
30 9
60 27
10 36
22 55
39 11
24 45
55 35
56 23
70 12
33 63
51 24
68 8
30 46
37 65
43 29
48 37
50 51
54 19
59 42
19 36
27 15
66 54
12 14
17 29
7 19
45 38
66 2
66 24
21 42
57 27
54 68
22 5
19 67
35 17
9 45
51 60
55 58
9 12
25 53
31 51
61 5
22 62
69 8
55 56
70 30
67 35
40 26
30 41
66 47
16 59
36 68
36 5
65 46
54 44
20 70
35 25
1 30
39 16
46 39
28 35
2 50
58 2
55 47
49 6
32 31
50 12
39 45
21 53
56 68
14 53
53 62
54 60
33 53
11 37
27 19
38 56
5 64
6 22
6 69
43 34
29 18
38 54
70 208
41 8
8 56
56 2
2 50
50 54
54 59
59 24
24 34
34 40
40 69
69 4
4 3
3 21
21 68
68 38
38 17
17 12
12 7
7 52
52 61
61 27
27 19
19 46
46 23
23 70
70 29
29 66
66 51
51 22
22 57
57 67
67 11
11 42
42 26
26 47
47 15
15 9
9 25
25 1
1 48
48 14
14 64
64 45
45 65
65 58
58 10
10 63
63 18
18 62
62 55
55 5
5 35
35 28
28 43
43 49
49 60
60 36
36 44
44 30
30 37
37 53
53 33
33 39
39 13
13 6
6 20
20 31
31 32
32 16
16 41
27 13
36 68
62 11
13 51
36 51
28 61
24 30
3 14
66 64
52 66
2 3
12 67
4 39
70 42
8 12
55 59
52 9
8 9
70 41
48 67
15 19
65 67
3 65
3 6
33 18
26 43
36 33
13 25
39 40
31 46
61 59
50 45
25 37
12 14
16 5
70 22
17 63
64 60
24 35
46 9
37 58
12 9
48 61
60 37
56 68
9 29
50 32
62 8
30 63
59 18
35 23
63 40
67 30
34 65
33 28
61 25
27 42
18 34
64 13
55 23
43 53
61 31
45 67
6 8
47 35
1 21
59 58
63 22
20 61
38 57
6 5
63 31
21 34
66 11
67 55
24 3
62 68
47 45
26 31
18 42
70 14
33 46
38 43
56 64
51 42
26 45
63 5
17 6
39 41
62 63
55 13
59 23
8 35
4 16
28 7
54 32
55 27
11 3
51 58
61 19
63 33
19 32
51 12
43 6
58 69
49 44
2 40
29 33
49 55
35 69
27 4
43 36
41 46
26 66
11 59
55 15
3 10
3 30
54 21
68 5
16 38
60 46
49 61
59 35
35 33
68 65
58 15
27 22
39 35
40 46
44 25
68 32
70 48
25 23
1 56
30 17
36 9
27 7
70 223
45 64
64 70
70 4
4 5
5 66
66 65
65 24
24 31
31 30
30 37
37 19
19 7
7 39
39 60
60 29
29 49
49 9
9 42
42 47
47 57
57 48
48 28
28 67
67 43
43 36
36 21
21 69
69 18
18 54
54 2
2 56
56 34
34 46
46 52
52 27
27 68
68 17
17 3
3 15
15 41
41 55
55 50
50 6
6 58
58 51
51 33
33 25
25 16
16 20
20 11
11 62
62 61
61 44
44 26
26 22
22 32
32 63
63 59
59 13
13 53
53 12
12 1
1 8
8 40
40 23
23 38
38 35
35 14
14 10
10 45
6 39
44 23
6 10
14 31
51 35
26 59
38 14
65 16
49 3
63 1
38 8
3 31
44 32
4 52
43 4
17 43
27 51
10 23
12 25
30 1
39 2
63 58
51 50
43 47
51 30
50 11
38 30
70 16
37 51
66 67
38 21
23 7
57 25
47 35
47 56
10 52
24 34
41 18
48 39
32 3
32 6
4 67
16 64
34 14
64 57
20 67
65 3
68 8
59 10
34 26
70 68
53 26
23 47
29 64
63 57
27 2
5 50
32 60
44 29
33 35
68 57
14 63
57 9
44 8
7 51
4 51
62 69
67 8
29 34
13 30
59 64
66 3
48 35
63 9
39 1
57 55
69 66
27 25
24 37
8 7
65 20
49 5
10 42
26 7
69 37
64 42
7 35
61 55
12 34
14 12
18 65
42 52
32 5
11 39
47 58
23 65
25 66
1 60
46 62
60 58
47 21
8 63
24 25
68 28
12 52
70 47
13 20
49 61
21 59
33 30
58 48
21 11
65 26
65 1
21 41
24 6
40 24
29 43
53 28
63 3
60 24
2 15
69 58
63 30
69 7
61 33
10 17
38 18
5 8
54 26
48 50
53 15
64 22
3 46
31 48
50 64
61 11
19 43
6 8
2 20
50 53
31 28
46 25
34 27
40 51
39 47
8 51
29 67
20 46
61 38
17 14
69 70
39 62
70 132
19 35
35 23
23 58
58 44
44 56
56 25
25 34
34 21
21 55
55 45
45 49
49 2
2 64
64 6
6 51
51 9
9 33
33 16
16 43
43 5
5 60
60 69
69 47
47 7
7 36
36 29
29 68
68 17
17 40
40 39
39 18
18 70
70 24
24 59
59 57
57 65
65 63
63 48
48 10
10 13
13 4
4 62
62 46
46 31
31 3
3 8
8 14
14 66
66 20
20 54
54 30
30 50
50 32
32 11
11 38
38 53
53 42
42 12
12 26
26 27
27 67
67 15
15 1
1 61
61 37
37 28
28 52
52 41
41 22
22 19
7 53
29 28
42 51
2 68
37 39
29 49
54 68
63 7
54 64
47 13
27 29
50 42
28 6
45 61
44 43
38 58
46 58
34 41
54 6
37 68
59 25
7 12
24 49
33 18
58 39
25 69
47 44
55 17
18 57
65 39
19 37
57 3
9 19
48 9
34 10
51 57
31 11
60 4
6 67
41 15
22 7
14 64
33 70
13 16
44 22
38 41
4 22
51 36
58 1
10 36
10 27
37 66
30 45
49 23
16 20
18 26
24 17
36 65
25 28
6 45
68 6
66 52
70 238
59 42
42 35
35 63
63 66
66 8
8 20
20 10
10 29
29 30
30 25
25 56
56 64
64 58
58 32
32 43
43 41
41 39
39 6
6 57
57 34
34 67
67 24
24 27
27 60
60 70
70 13
13 18
18 5
5 47
47 68
68 50
50 48
48 7
7 31
31 11
11 14
14 37
37 17
17 26
26 62
62 65
65 49
49 9
9 51
51 19
19 16
16 46
46 38
38 22
22 40
40 23
23 69
69 21
21 36
36 55
55 52
52 12
12 4
4 15
15 45
45 28
28 33
33 3
3 1
1 61
61 53
53 44
44 2
2 54
54 59
70 29
33 69
53 50
23 1
58 20
34 28
11 46
22 21
9 19
4 7
6 58
19 49
45 51
69 35
4 14
8 47
54 16
15 25
19 47
36 15
59 28
37 48
19 10
70 2
42 5
61 7
68 3
23 25
69 37
56 67
35 37
54 47
42 50
14 38
59 15
51 53
28 49
12 25
31 69
13 29
40 24
54 53
49 14
11 19
69 63
37 41
11 37
30 65
19 69
56 35
50 4
39 23
15 16
56 42
33 51
4 5
39 45
61 63
29 34
59 23
30 13
52 19
69 41
17 28
56 39
58 27
66 1
36 30
21 58
22 46
26 14
52 35
67 47
10 23
16 50
7 70
16 28
69 65
57 37
51 40
30 17
61 57
2 49
23 14
32 4
43 2
25 55
10 5
14 13
69 17
46 15
2 26
34 44
60 28
39 37
46 48
70 47
29 51
6 65
41 18
37 19
29 16
38 15
12 8
32 31
55 29
44 33
64 11
11 43
36 43
29 43
46 47
7 58
66 37
67 38
30 60
64 42
32 52
54 32
53 18
1 30
21 37
62 48
46 24
25 46
50 32
10 57
64 4
18 45
47 30
43 14
12 31
9 46
15 33
21 60
52 15
51 20
61 21
65 4
62 42
52 57
27 2
37 59
1 49
29 25
6 2
50 5
10 35
47 2
24 37
6 19
54 38
26 55
65 3
55 48
9 14
43 51
28 58
67 8
31 14
34 50
8 17
70 16
24 7
32 28
59 55
66 35
40 52
70 148
49 35
35 9
9 38
38 25
25 59
59 65
65 2
2 41
41 11
11 6
6 64
64 60
60 66
66 20
20 56
56 47
47 68
68 8
8 34
34 52
52 7
7 36
36 61
61 43
43 37
37 4
4 24
24 1
1 16
16 28
28 30
30 13
13 26
26 55
55 31
31 42
42 33
33 44
44 17
17 40
40 18
18 12
12 63
63 67
67 50
50 21
21 46
46 70
70 62
62 3
3 23
23 29
29 53
53 57
57 27
27 48
48 51
51 54
54 15
15 19
19 10
10 58
58 22
22 32
32 5
5 69
69 39
39 45
45 14
14 49
37 50
27 53
15 25
59 2
19 36
34 55
41 27
30 19
30 61
59 60
33 25
11 37
3 36
15 67
32 65
11 60
56 46
2 16
3 67
47 38
55 18
23 17
9 60
32 35
5 51
47 19
7 3
67 29
60 32
68 40
4 50
14 59
33 43
64 22
59 26
70 41
66 61
23 50
45 42
6 29
23 27
67 64
15 58
4 22
33 4
22 9
13 16
20 45
19 33
20 4
69 10
7 69
17 38
48 28
28 36
53 30
56 45
22 57
55 59
42 15
13 62
21 15
61 11
53 47
22 14
37 63
29 57
37 42
37 15
56 15
57 39
11 33
58 50
4 52
52 49
52 37
31 15
59 53
70 213
26 59
59 17
17 25
25 22
22 33
33 56
56 11
11 53
53 40
40 19
19 68
68 21
21 45
45 38
38 42
42 65
65 69
69 62
62 44
44 14
14 47
47 3
3 16
16 49
49 54
54 6
6 12
12 29
29 35
35 58
58 28
28 13
13 70
70 37
37 66
66 1
1 30
30 36
36 20
20 31
31 55
55 41
41 52
52 18
18 46
46 61
61 57
57 34
34 64
64 2
2 27
27 39
39 4
4 50
50 48
48 23
23 5
5 8
8 51
51 15
15 63
63 9
9 7
7 60
60 32
32 24
24 43
43 10
10 67
67 26
13 30
39 53
27 8
45 56
19 5
20 25
59 64
64 23
16 12
39 43
59 58
70 51
6 3
60 20
46 27
6 30
34 30
8 11
51 28
62 13
59 65
38 65
55 48
62 25
47 65
9 48
45 19
58 53
15 49
15 45
25 9
54 38
39 41
55 70
14 9
53 14
51 20
20 26
6 45
24 16
22 64
55 49
68 35
2 53
60 41
50 49
15 16
24 21
17 30
10 3
18 44
66 56
46 59
66 39
67 2
11 67
7 15
45 70
47 31
50 55
8 47
25 42
58 55
17 8
14 15
46 63
41 16
60 29
20 2
12 68
45 54
69 41
1 67
17 32
12 45
19 34
37 23
58 6
17 46
50 17
66 40
3 20
31 51
1 13
8 26
47 68
5 11
17 37
30 44
35 66
35 63
61 9
3 27
46 4
50 29
67 47
15 31
2 34
57 47
10 38
48 66
7 6
12 47
37 27
60 12
26 48
7 42
19 67
28 38
48 28
20 43
10 48
60 40
63 45
52 23
63 41
28 30
49 69
18 22
20 40
10 25
26 33
64 18
57 13
38 62
34 26
37 53
55 27
16 25
17 5
18 19
50 6
5 57
7 23
20 66
34 36
44 49
30 22
34 52
25 24
17 27
44 10
66 8
70 172
16 8
8 9
9 57
57 45
45 47
47 1
1 13
13 61
61 20
20 68
68 25
25 58
58 2
2 38
38 67
67 59
59 62
62 12
12 70
70 23
23 17
17 56
56 39
39 4
4 27
27 34
34 30
30 29
29 65
65 35
35 66
66 53
53 60
60 64
64 49
49 15
15 31
31 32
32 54
54 24
24 44
44 36
36 7
7 19
19 51
51 5
5 3
3 22
22 37
37 63
63 14
14 11
11 69
69 26
26 41
41 55
55 46
46 28
28 43
43 50
50 40
40 42
42 6
6 10
10 33
33 18
18 52
52 48
48 21
21 16
15 37
67 44
69 42
35 50
45 34
19 20
28 50
33 37
65 17
18 9
6 46
26 17
57 54
70 6
7 22
14 28
34 69
61 18
9 21
52 4
14 6
40 2
36 57
3 45
52 26
28 3
47 43
48 8
8 40
28 33
2 56
64 56
24 49
22 69
33 11
12 41
9 30
41 54
18 66
57 19
58 7
34 16
9 13
52 66
35 57
42 43
44 30
24 48
6 55
28 25
61 28
1 9
54 13
3 52
65 54
60 22
11 62
49 70
22 31
15 44
15 23
33 17
29 42
39 60
1 30
36 4
1 60
69 27
61 65
61 39
42 41
14 9
33 35
13 36
25 51
37 18
59 50
50 31
52 60
47 5
65 27
51 18
53 20
4 58
36 56
57 56
44 42
63 62
63 6
66 2
9 47
51 66
27 44
45 33
59 56
6 37
65 5
70 28
15 19
28 31
22 10
38 11
70 182
42 67
67 31
31 68
68 11
11 29
29 62
62 12
12 26
26 5
5 15
15 52
52 33
33 48
48 53
53 24
24 21
21 70
70 46
46 36
36 49
49 27
27 45
45 28
28 20
20 16
16 56
56 55
55 9
9 44
44 19
19 51
51 63
63 32
32 30
30 39
39 64
64 34
34 7
7 8
8 2
2 35
35 43
43 25
25 1
1 50
50 6
6 41
41 37
37 65
65 59
59 3
3 38
38 10
10 18
18 60
60 22
22 66
66 13
13 14
14 69
69 4
4 47
47 58
58 57
57 40
40 54
54 23
23 17
17 61
61 42
34 24
67 37
61 28
65 26
11 56
17 10
67 66
4 61
30 4
56 49
47 37
8 54
40 68
32 28
59 15
50 53
32 3
65 57
48 42
5 20
46 13
27 47
50 21
35 60
13 37
70 8
21 11
25 22
2 37
52 39
28 51
39 66
32 36
20 24
5 9
48 30
13 48
51 7
70 56
36 22
20 65
46 29
37 16
30 19
43 33
58 8
64 44
22 26
21 43
42 51
39 51
9 59
47 17
29 42
45 34
52 35
11 35
32 68
57 32
63 19
56 68
38 42
6 3
48 2
63 16
19 35
20 52
30 50
37 19
16 3
58 41
7 32
60 33
39 18
40 2
59 64
60 47
2 4
21 52
25 10
49 17
68 64
14 23
19 50
34 63
62 20
11 6
49 7
52 67
55 59
44 49
1 58
68 51
6 24
51 21
44 24
11 61
51 54
15 56
15 30
18 52
24 62
49 26
55 17
22 5
28 67
70 6
54 47
14 61
4 54
31 65
23 63
70 187
27 37
37 2
2 21
21 5
5 35
35 42
42 51
51 33
33 47
47 54
54 22
22 29
29 28
28 1
1 63
63 53
53 45
45 13
13 39
39 16
16 57
57 61
61 59
59 52
52 11
11 70
70 65
65 34
34 67
67 30
30 64
64 31
31 12
12 25
25 20
20 7
7 38
38 26
26 49
49 68
68 3
3 50
50 24
24 46
46 15
15 40
40 4
4 32
32 36
36 14
14 18
18 10
10 9
9 23
23 56
56 43
43 19
19 8
8 69
69 48
48 17
17 66
66 58
58 60
60 62
62 55
55 6
6 41
41 44
44 27
48 18
8 47
18 28
27 8
10 13
69 20
17 1
23 24
63 57
46 7
67 29
15 66
57 47
21 53
6 8
28 69
38 2
52 22
36 8
43 45
14 4
42 15
21 11
36 62
3 54
3 6
46 42
27 14
51 70
14 40
44 40
65 38
70 12
67 63
56 4
25 18
35 27
13 23
68 58
51 69
50 46
38 58
36 29
70 28
45 28
66 9
55 20
3 40
16 19
34 45
17 19
49 14
24 38
38 27
69 52
25 27
26 43
17 64
2 9
10 36
61 63
31 36
46 43
14 13
14 6
31 13
46 39
48 56
11 33
41 28
24 25
11 23
6 15
30 31
2 53
31 47
39 47
8 44
55 29
67 33
14 63
3 11
29 37
5 34
8 11
25 10
30 35
47 62
55 23
55 18
64 63
56 21
37 16
22 62
32 19
49 36
35 59
69 15
35 49
14 28
34 9
53 57
30 33
32 24
13 26
66 41
17 2
18 63
4 33
46 41
46 10
26 34
25 66
17 25
44 20
28 54
59 21
70 137
47 36
36 13
13 3
3 39
39 35
35 69
69 60
60 12
12 23
23 40
40 5
5 52
52 70
70 14
14 43
43 25
25 46
46 56
56 32
32 57
57 18
18 48
48 51
51 6
6 26
26 30
30 16
16 21
21 2
2 61
61 55
55 17
17 20
20 53
53 4
4 15
15 19
19 29
29 59
59 28
28 44
44 7
7 65
65 68
68 63
63 49
49 24
24 66
66 64
64 42
42 22
22 58
58 62
62 8
8 34
34 10
10 54
54 33
33 27
27 1
1 31
31 45
45 41
41 37
37 9
9 67
67 11
11 50
50 38
38 47
58 19
15 26
57 3
45 13
8 13
10 53
44 35
27 9
47 5
18 41
2 52
28 42
53 12
47 17
43 22
4 35
42 29
18 47
6 4
19 8
48 11
24 38
7 14
22 4
59 15
7 62
63 35
40 2
6 11
1 60
68 22
24 46
13 16
39 24
56 2
11 9
57 70
66 69
44 3
64 48
23 16
19 36
28 39
45 39
9 69
30 69
27 53
64 18
42 51
41 33
48 45
51 5
2 45
6 41
31 38
21 69
62 68
57 39
23 43
29 5
23 67
25 18
6 37
15 42
29 1
12 39
20 25
70 238
23 37
37 61
61 16
16 13
13 62
62 67
67 46
46 17
17 4
4 8
8 69
69 43
43 5
5 18
18 12
12 58
58 59
59 31
31 65
65 64
64 1
1 45
45 15
15 6
6 63
63 51
51 26
26 34
34 22
22 60
60 21
21 3
3 14
14 68
68 32
32 9
9 40
40 27
27 38
38 52
52 56
56 10
10 29
29 28
28 24
24 53
53 20
20 55
55 2
2 66
66 30
30 50
50 49
49 57
57 41
41 42
42 39
39 48
48 44
44 70
70 36
36 54
54 47
47 19
19 35
35 7
7 11
11 25
25 33
33 23
52 19
60 18
52 27
33 62
13 46
7 28
4 26
38 18
65 36
10 18
57 6
3 2
7 4
61 29
67 8
23 15
21 62
57 21
46 48
22 41
9 41
30 68
34 43
64 4
9 33
55 28
53 66
36 40
64 38
70 23
10 35
29 66
30 51
27 25
28 4
34 27
4 23
63 30
36 33
36 29
66 10
8 54
25 62
69 41
34 66
35 32
60 54
45 7
69 6
41 65
60 37
14 64
52 47
59 16
7 39
67 16
11 10
36 47
25 14
19 57
22 43
59 50
1 3
25 46
40 53
14 57
26 57
41 8
31 69
36 69
64 15
24 10
3 54
37 28
60 49
24 17
58 67
54 20
12 22
7 38
46 40
21 18
41 47
16 27
8 43
41 45
50 43
46 56
44 33
60 7
60 46
21 47
68 67
35 59
59 57
27 65
61 42
45 29
50 66
19 25
40 62
2 58
24 1
67 25
58 10
27 10
28 38
59 9
70 66
41 58
29 9
50 22
9 43
33 46
50 61
65 2
25 10
27 60
31 4
5 62
48 5
32 19
7 63
39 14
11 26
40 2
19 24
62 7
55 22
39 2
66 41
23 58
29 26
26 22
45 34
47 51
62 32
70 10
32 34
67 64
66 55
12 44
48 20
55 51
30 19
31 52
60 44
15 53
29 31
64 55
14 38
24 8
10 49
24 7
39 40
18 70
9 12
7 9
16 39
45 68
65 18
18 41
14 9
17 60
48 29
9 57
35 17
66 48
70 104
13 66
66 60
60 33
33 20
20 64
64 63
63 31
31 2
2 11
11 55
55 29
29 9
9 15
15 54
54 44
44 10
10 52
52 26
26 56
56 57
57 4
4 21
21 49
49 24
24 12
12 68
68 1
1 32
32 37
37 5
5 17
17 69
69 41
41 45
45 43
43 67
67 58
58 50
50 18
18 6
6 7
7 27
27 28
28 35
35 19
19 53
53 3
3 48
48 59
59 22
22 61
61 39
39 42
42 36
36 46
46 30
30 8
8 47
47 25
25 40
40 14
14 62
62 70
70 65
65 23
23 34
34 38
38 16
16 51
51 13
48 49
12 59
61 5
51 4
31 19
54 30
28 64
57 1
16 44
28 30
21 56
36 65
55 1
27 4
5 6
70 20
59 61
53 46
47 37
31 59
49 56
14 22
67 9
45 58
36 54
21 18
19 17
57 66
34 15
39 62
18 37
33 34
38 27
63 48
70 190
44 59
59 23
23 36
36 65
65 26
26 48
48 50
50 49
49 63
63 30
30 47
47 8
8 7
7 9
9 27
27 11
11 24
24 18
18 37
37 57
57 35
35 62
62 1
1 66
66 29
29 5
5 2
2 70
70 10
10 64
64 46
46 52
52 22
22 13
13 12
12 43
43 17
17 21
21 32
32 40
40 3
3 68
68 61
61 28
28 33
33 51
51 38
38 60
60 15
15 41
41 45
45 67
67 54
54 20
20 34
34 53
53 6
6 25
25 58
58 42
42 69
69 16
16 39
39 19
19 31
31 14
14 4
4 55
55 56
56 44
38 12
14 61
25 60
57 14
46 24
69 31
48 19
37 55
8 14
52 41
67 36
69 18
15 54
10 54
70 18
59 57
50 9
59 54
1 27
17 28
33 25
29 47
14 15
66 53
5 3
39 2
16 56
25 48
58 27
37 23
48 61
16 43
62 59
59 16
32 70
50 54
29 27
48 56
30 13
7 63
53 41
70 3
37 66
20 42
47 31
44 42
60 48
56 3
8 59
8 50
27 14
10 26
5 14
68 51
60 6
36 40
35 1
5 48
70 44
37 63
5 11
51 16
29 36
10 20
49 41
36 15
34 47
42 61
38 30
47 37
11 7
18 13
5 36
2 9
54 70
56 13
32 14
1 40
38 4
50 1
22 14
47 51
14 51
52 18
40 67
21 38
31 12
41 51
36 30
11 60
9 35
16 54
34 2
37 38
43 11
55 14
33 59
29 43
62 41
25 42
17 56
48 27
8 70
46 56
53 28
70 43
23 15
60 61
46 28
44 35
46 27
48 12
12 34
55 58
23 40
48 70
62 38
60 23
49 37
60 8
