100 159
70 54
70 84
54 84
54 10
54 56
10 56
10 72
10 15
72 15
72 81
72 27
81 27
81 70
81 19
70 19
43 70
43 100
43 33
100 33
100 49
100 63
49 63
49 44
49 40
44 40
44 52
44 95
52 95
52 43
52 17
43 17
58 70
58 2
58 18
2 18
2 51
2 82
51 82
51 39
51 1
39 1
39 22
39 16
22 16
22 58
22 99
58 99
32 70
32 29
32 98
29 98
29 24
29 5
24 5
24 94
24 37
94 37
94 9
94 47
9 47
9 32
9 14
32 14
42 32
42 73
42 64
73 64
73 41
73 12
41 12
41 31
41 6
31 6
31 79
31 53
79 53
79 42
79 26
42 26
68 42
68 67
68 4
67 4
67 89
67 21
89 21
89 13
89 93
13 93
13 90
13 46
90 46
90 68
90 74
68 74
75 43
75 88
75 7
88 7
88 66
88 25
66 25
66 57
66 48
57 48
57 23
57 92
23 92
23 75
23 62
75 62
30 58
30 8
30 87
8 87
8 50
8 71
50 71
50 61
50 34
61 34
61 38
61 97
38 97
38 30
38 28
30 28
80 70
80 11
80 35
11 35
11 60
11 86
60 86
60 91
60 96
91 96
91 3
91 36
3 36
3 80
3 20
80 20
59 68
59 65
59 77
65 77
65 83
65 78
83 78
83 45
83 69
45 69
45 76
45 85
76 85
76 59
76 55
59 55
100 159
8 11
8 66
11 66
11 7
11 63
7 63
7 73
7 2
73 2
73 64
73 1
64 1
64 8
64 16
8 16
60 8
60 84
60 53
84 53
84 76
84 41
76 41
76 91
76 68
91 68
91 69
91 21
69 21
69 60
69 28
60 28
90 8
90 67
90 27
67 27
67 92
67 100
92 100
92 46
92 43
46 43
46 18
46 98
18 98
18 90
18 5
90 5
9 90
9 38
9 88
38 88
38 71
38 81
71 81
71 17
71 19
17 19
17 58
17 10
58 10
58 9
58 55
9 55
4 90
4 37
4 95
37 95
37 74
37 87
74 87
74 86
74 20
86 20
86 47
86 57
47 57
47 4
47 78
4 78
12 90
12 42
12 31
42 31
42 13
42 6
13 6
13 25
13 65
25 65
25 54
25 14
54 14
54 12
54 52
12 52
82 9
82 96
82 51
96 51
96 3
96 50
3 50
3 26
3 48
26 48
26 83
26 23
83 23
83 82
83 97
82 97
72 12
72 99
72 35
99 35
99 30
99 59
30 59
30 61
30 22
61 22
61 56
61 29
56 29
56 72
56 93
72 93
45 4
45 89
45 24
89 24
89 33
89 32
33 32
33 85
33 79
85 79
85 36
85 49
36 49
36 45
36 77
45 77
44 9
44 40
44 34
40 34
40 70
40 62
70 62
70 15
70 94
15 94
15 75
15 39
75 39
75 44
75 80
44 80
100 159
11 26
11 1
26 1
26 65
26 46
65 46
65 93
65 12
93 12
93 21
93 6
21 6
21 11
21 87
11 87
58 11
58 78
58 42
78 42
78 49
78 8
49 8
49 61
49 44
61 44
61 88
61 97
88 97
88 58
88 84
58 84
71 58
71 67
71 70
67 70
67 32
67 75
32 75
32 68
32 19
68 19
68 57
68 40
57 40
57 71
57 43
71 43
66 11
66 86
66 22
86 22
86 20
86 53
20 53
20 16
20 33
16 33
16 28
16 24
28 24
28 66
28 92
66 92
62 66
62 52
62 17
52 17
52 76
52 29
76 29
76 82
76 35
82 35
82 3
82 13
3 13
3 62
3 10
62 10
95 71
95 27
95 18
27 18
27 36
27 91
36 91
36 48
36 51
48 51
48 100
48 98
100 98
100 95
100 50
95 50
83 62
83 69
83 38
69 38
69 23
69 15
23 15
23 74
23 7
74 7
74 25
74 30
25 30
25 83
25 73
83 73
31 71
31 89
31 34
89 34
89 72
89 54
72 54
72 77
72 64
77 64
77 37
77 39
37 39
37 31
37 81
31 81
55 58
55 14
55 5
14 5
14 60
14 41
60 41
60 90
60 80
90 80
90 4
90 9
4 9
4 55
4 79
55 79
94 95
94 2
94 59
2 59
2 63
2 47
63 47
63 85
63 96
85 96
85 56
85 99
56 99
56 94
56 45
94 45
100 159
88 45
88 33
45 33
45 55
45 15
55 15
55 18
55 79
18 79
18 81
18 100
81 100
81 88
81 40
88 40
9 88
9 90
9 29
90 29
90 25
90 58
25 58
25 52
25 51
52 51
52 42
52 65
42 65
42 9
42 32
9 32
41 88
41 87
41 63
87 63
87 86
87 19
86 19
86 84
86 13
84 13
84 48
84 27
48 27
48 41
48 82
41 82
67 9
67 54
67 68
54 68
54 60
54 8
60 8
60 61
60 47
61 47
61 76
61 7
76 7
76 67
76 24
67 24
5 41
5 53
5 22
53 22
53 89
53 59
89 59
89 43
89 80
43 80
43 91
43 93
91 93
91 5
91 30
5 30
3 67
3 69
3 39
69 39
69 28
69 66
28 66
28 96
28 71
96 71
96 20
96 72
20 72
20 3
20 70
3 70
16 88
16 57
16 75
57 75
57 92
57 99
92 99
92 56
92 85
56 85
56 46
56 77
46 77
46 16
46 12
16 12
17 3
17 4
17 35
4 35
4 74
4 97
74 97
74 49
74 6
49 6
49 73
49 23
73 23
73 17
73 95
17 95
64 5
64 31
64 83
31 83
31 37
31 50
37 50
37 38
37 98
38 98
38 36
38 21
36 21
36 64
36 1
64 1
62 5
62 10
62 34
10 34
10 44
10 2
44 2
44 11
44 14
11 14
11 94
11 78
94 78
94 62
94 26
62 26
100 159
98 41
98 66
41 66
41 92
41 20
92 20
92 77
92 97
77 97
77 81
77 29
81 29
81 98
81 21
98 21
86 98
86 61
86 62
61 62
61 16
61 18
16 18
16 89
16 15
89 15
89 30
89 76
30 76
30 86
30 57
86 57
34 86
34 87
34 63
87 63
87 27
87 100
27 100
27 11
27 45
11 45
11 31
11 49
31 49
31 34
31 10
34 10
69 98
69 39
69 28
39 28
39 9
39 54
9 54
9 19
9 4
19 4
19 25
19 48
25 48
25 69
25 80
69 80
78 98
78 55
78 96
55 96
55 71
55 79
71 79
71 47
71 60
47 60
47 64
47 14
64 14
64 78
64 65
78 65
58 69
58 36
58 43
36 43
36 50
36 99
50 99
50 90
50 33
90 33
90 44
90 56
44 56
44 58
44 93
58 93
40 98
40 82
40 1
82 1
82 88
82 51
88 51
88 23
88 5
23 5
23 84
23 3
84 3
84 40
84 38
40 38
2 58
2 91
2 53
91 53
91 12
91 68
12 68
12 67
12 75
67 75
67 74
67 94
74 94
74 2
74 6
2 6
52 69
52 26
52 95
26 95
26 59
26 72
59 72
59 13
59 37
13 37
13 22
13 42
22 42
22 52
22 8
52 8
17 58
17 83
17 7
83 7
83 24
83 85
24 85
24 35
24 70
35 70
35 32
35 73
32 73
32 17
32 46
17 46
100 159
84 96
84 58
96 58
96 28
96 88
28 88
28 13
28 51
13 51
13 74
13 61
74 61
74 84
74 2
84 2
78 84
78 30
78 95
30 95
30 1
30 63
1 63
1 7
1 72
7 72
7 42
7 93
42 93
42 78
42 9
78 9
87 84
87 52
87 91
52 91
52 60
52 80
60 80
60 33
60 97
33 97
33 40
33 75
40 75
40 87
40 29
87 29
90 84
90 56
90 57
56 57
56 99
56 20
99 20
99 66
99 54
66 54
66 86
66 55
86 55
86 90
86 3
90 3
4 78
4 34
4 98
34 98
34 100
34 47
100 47
100 70
100 48
70 48
70 49
70 22
49 22
49 4
49 81
4 81
69 78
69 64
69 32
64 32
64 43
64 68
43 68
43 76
43 36
76 36
76 19
76 14
19 14
19 69
19 65
69 65
62 69
62 67
62 12
67 12
67 16
67 24
16 24
16 31
16 10
31 10
31 5
31 17
5 17
5 62
5 71
62 71
94 78
94 18
94 27
18 27
18 37
18 26
37 26
37 35
37 82
35 82
35 85
35 79
85 79
85 94
85 41
94 41
21 62
21 39
21 73
39 73
39 38
39 83
38 83
38 15
38 45
15 45
15 23
15 50
23 50
23 21
23 6
21 6
44 84
44 92
44 11
92 11
92 59
92 25
59 25
59 77
59 89
77 89
77 8
77 53
8 53
8 44
8 46
44 46
100 159
14 2
14 53
2 53
2 27
2 19
27 19
27 10
27 99
10 99
10 48
10 80
48 80
48 14
48 75
14 75
72 14
72 7
72 15
7 15
7 45
7 38
45 38
45 33
45 25
33 25
33 88
33 98
88 98
88 72
88 46
72 46
39 14
39 24
39 31
24 31
24 12
24 73
12 73
12 100
12 89
100 89
100 17
100 54
17 54
17 39
17 71
39 71
58 39
58 30
58 26
30 26
30 68
30 85
68 85
68 4
68 20
4 20
4 40
4 55
40 55
40 58
40 16
58 16
87 39
87 23
87 34
23 34
23 5
23 47
5 47
5 69
5 92
69 92
69 91
69 35
91 35
91 87
91 74
87 74
50 72
50 90
50 11
90 11
90 62
90 66
62 66
62 18
62 51
18 51
18 22
18 32
22 32
22 50
22 61
50 61
94 72
94 65
94 79
65 79
65 78
65 43
78 43
78 52
78 49
52 49
52 6
52 1
6 1
6 94
6 3
94 3
57 87
57 13
57 63
13 63
13 70
13 64
70 64
70 29
70 28
29 28
29 97
29 82
97 82
97 57
97 60
57 60
59 72
59 93
59 41
93 41
93 67
93 95
67 95
67 44
67 83
44 83
44 56
44 9
56 9
56 59
56 37
59 37
77 72
77 81
77 21
81 21
81 36
81 76
36 76
36 96
36 42
96 42
96 86
96 84
86 84
86 77
86 8
77 8
100 159
81 27
81 52
27 52
27 1
27 3
1 3
1 89
1 73
89 73
89 26
89 19
26 19
26 81
26 94
81 94
16 81
16 77
16 32
77 32
77 25
77 95
25 95
25 56
25 42
56 42
56 80
56 34
80 34
80 16
80 83
16 83
28 16
28 91
28 17
91 17
91 45
91 11
45 11
45 61
45 43
61 43
61 12
61 74
12 74
12 28
12 15
28 15
13 81
13 63
13 72
63 72
63 98
63 41
98 41
98 39
98 65
39 65
39 33
39 37
33 37
33 13
33 97
13 97
6 28
6 50
6 84
50 84
50 85
50 29
85 29
85 9
85 8
9 8
9 66
9 31
66 31
66 6
66 36
6 36
69 81
69 49
69 55
49 55
49 60
49 20
60 20
60 35
60 87
35 87
35 78
35 5
78 5
78 69
78 58
69 58
18 81
18 62
18 54
62 54
62 22
62 24
22 24
22 93
22 88
93 88
93 92
93 67
92 67
92 18
92 38
18 38
40 6
40 79
40 30
79 30
79 10
79 47
10 47
10 14
10 86
14 86
14 7
14 57
7 57
7 40
7 76
40 76
82 81
82 100
82 51
100 51
100 64
100 4
64 4
64 46
64 44
46 44
46 53
46 21
53 21
53 82
53 96
82 96
59 13
59 48
59 75
48 75
48 99
48 70
99 70
99 23
99 2
23 2
23 68
23 71
68 71
68 59
68 90
59 90
100 159
58 67
58 38
67 38
67 15
67 59
15 59
15 7
15 24
7 24
7 39
7 50
39 50
39 58
39 81
58 81
75 58
75 33
75 20
33 20
33 77
33 88
77 88
77 25
77 13
25 13
25 62
25 16
62 16
62 75
62 54
75 54
60 58
60 22
60 49
22 49
22 26
22 70
26 70
26 10
26 99
10 99
10 76
10 46
76 46
76 60
76 74
60 74
42 58
42 21
42 72
21 72
21 87
21 84
87 84
87 36
87 31
36 31
36 3
36 17
3 17
3 42
3 100
42 100
95 58
95 57
95 29
57 29
57 8
57 85
8 85
8 64
8 94
64 94
64 53
64 71
53 71
53 95
53 18
95 18
27 95
27 83
27 11
83 11
83 79
83 14
79 14
79 34
79 19
34 19
34 63
34 2
63 2
63 27
63 80
27 80
41 95
41 40
41 78
40 78
40 98
40 45
98 45
98 51
98 97
51 97
51 92
51 37
92 37
92 41
92 91
41 91
69 42
69 55
69 96
55 96
55 43
55 65
43 65
43 30
43 73
30 73
30 68
30 1
68 1
68 69
68 12
69 12
56 27
56 61
56 52
61 52
61 32
61 28
32 28
32 5
32 48
5 48
5 44
5 23
44 23
44 56
44 89
56 89
82 58
82 9
82 47
9 47
9 93
9 6
93 6
93 35
93 86
35 86
35 4
35 66
4 66
4 82
4 90
82 90
100 159
84 15
84 91
15 91
15 81
15 71
81 71
81 95
81 59
95 59
95 20
95 42
20 42
20 84
20 98
84 98
86 84
86 63
86 69
63 69
63 3
63 31
3 31
3 62
3 32
62 32
62 9
62 47
9 47
9 86
9 66
86 66
78 86
78 61
78 60
61 60
61 39
61 44
39 44
39 74
39 12
74 12
74 76
74 51
76 51
76 78
76 97
78 97
77 78
77 67
77 50
67 50
67 38
67 33
38 33
38 88
38 79
88 79
88 43
88 16
43 16
43 77
43 99
77 99
1 78
1 25
1 48
25 48
25 72
25 70
72 70
72 53
72 35
53 35
53 18
53 68
18 68
18 1
18 90
1 90
100 1
100 10
100 54
10 54
10 57
10 17
57 17
57 21
57 80
21 80
21 7
21 30
7 30
7 100
7 41
100 41
40 86
40 85
40 87
85 87
85 83
85 6
83 6
83 89
83 11
89 11
89 45
89 46
45 46
45 40
45 58
40 58
13 100
13 37
13 23
37 23
37 26
37 19
26 19
26 22
26 92
22 92
22 29
22 52
29 52
29 13
29 65
13 65
24 13
24 56
24 82
56 82
56 75
56 64
75 64
75 27
75 73
27 73
27 8
27 4
8 4
8 24
8 96
24 96
94 1
94 2
94 49
2 49
2 93
2 34
93 34
93 36
93 5
36 5
36 55
36 14
55 14
55 94
55 28
94 28
100 159
83 62
83 50
62 50
62 30
62 33
30 33
30 54
30 24
54 24
54 72
54 73
72 73
72 83
72 52
83 52
42 83
42 99
42 94
99 94
99 91
99 70
91 70
91 67
91 76
67 76
67 59
67 3
59 3
59 42
59 23
42 23
12 83
12 25
12 61
25 61
25 58
25 65
58 65
58 69
58 26
69 26
69 36
69 66
36 66
36 12
36 71
12 71
27 42
27 87
27 77
87 77
87 14
87 19
14 19
14 85
14 20
85 20
85 92
85 15
92 15
92 27
92 8
27 8
95 27
95 17
95 28
17 28
17 90
17 53
90 53
90 86
90 56
86 56
86 60
86 57
60 57
60 95
60 5
95 5
4 27
4 64
4 38
64 38
64 49
64 55
49 55
49 80
49 47
80 47
80 6
80 74
6 74
6 4
6 21
4 21
84 95
84 2
84 13
2 13
2 29
2 18
29 18
29 75
29 78
75 78
75 100
75 10
100 10
100 84
100 93
84 93
11 12
11 82
11 41
82 41
82 35
82 7
35 7
35 81
35 37
81 37
81 9
81 98
9 98
9 11
9 79
11 79
31 4
31 34
31 46
34 46
34 40
34 44
40 44
40 32
40 51
32 51
32 89
32 16
89 16
89 31
89 39
31 39
45 27
45 43
45 1
43 1
43 63
43 48
63 48
63 22
63 68
22 68
22 88
22 96
88 96
88 45
88 97
45 97
100 159
22 74
22 88
74 88
74 36
74 32
36 32
36 38
36 95
38 95
38 65
38 42
65 42
65 22
65 55
22 55
98 22
98 72
98 70
72 70
72 30
72 23
30 23
30 62
30 92
62 92
62 94
62 6
94 6
94 98
94 96
98 96
51 22
51 97
51 71
97 71
97 68
97 46
68 46
68 44
68 34
44 34
44 15
44 3
15 3
15 51
15 33
51 33
25 51
25 99
25 5
99 5
99 91
99 50
91 50
91 84
91 47
84 47
84 45
84 13
45 13
45 25
45 1
25 1
9 51
9 73
9 17
73 17
73 16
73 7
16 7
16 29
16 12
29 12
29 40
29 24
40 24
40 9
40 78
9 78
66 98
66 79
66 59
79 59
79 35
79 67
35 67
35 20
35 31
20 31
20 64
20 56
64 56
64 66
64 93
66 93
100 98
100 80
100 19
80 19
80 28
80 2
28 2
28 85
28 52
85 52
85 49
85 11
49 11
49 100
49 41
100 41
21 51
21 14
21 61
14 61
14 77
14 89
77 89
77 8
77 76
8 76
8 57
8 87
57 87
57 21
57 82
21 82
26 9
26 18
26 90
18 90
18 86
18 54
86 54
86 53
86 83
53 83
53 10
53 69
10 69
10 26
10 48
26 48
37 98
37 63
37 60
63 60
63 27
63 4
27 4
27 43
27 39
43 39
43 81
43 58
81 58
81 37
81 75
37 75
100 159
80 70
80 93
70 93
70 87
70 78
87 78
87 23
87 21
23 21
23 42
23 82
42 82
42 80
42 45
80 45
14 80
14 94
14 55
94 55
94 34
94 40
34 40
34 44
34 4
44 4
44 46
44 33
46 33
46 14
46 96
14 96
67 14
67 8
67 58
8 58
8 22
8 28
22 28
22 7
22 92
7 92
7 60
7 66
60 66
60 67
60 64
67 64
98 14
98 37
98 9
37 9
37 26
37 63
26 63
26 68
26 59
68 59
68 6
68 99
6 99
6 98
6 79
98 79
97 98
97 11
97 84
11 84
11 25
11 19
25 19
25 38
25 51
38 51
38 86
38 77
86 77
86 97
86 83
97 83
16 14
16 50
16 43
50 43
50 62
50 69
62 69
62 32
62 39
32 39
32 31
32 29
31 29
31 16
31 49
16 49
20 16
20 91
20 27
91 27
91 47
91 73
47 73
47 74
47 76
74 76
74 48
74 53
48 53
48 20
48 56
20 56
12 20
12 30
12 65
30 65
30 17
30 72
17 72
17 57
17 71
57 71
57 54
57 81
54 81
54 12
54 75
12 75
36 16
36 5
36 89
5 89
5 88
5 61
88 61
88 10
88 100
10 100
10 95
10 15
95 15
95 36
95 41
36 41
24 20
24 35
24 13
35 13
35 18
35 52
18 52
18 1
18 85
1 85
1 90
1 2
90 2
90 24
90 3
24 3
100 159
20 6
20 52
6 52
6 79
6 90
79 90
79 100
79 76
100 76
100 75
100 94
75 94
75 20
75 25
20 25
97 20
97 63
97 80
63 80
63 27
63 61
27 61
27 55
27 33
55 33
55 39
55 73
39 73
39 97
39 24
97 24
50 20
50 16
50 78
16 78
16 31
16 81
31 81
31 66
31 72
66 72
66 15
66 65
15 65
15 50
15 40
50 40
53 20
53 46
53 92
46 92
46 98
46 30
98 30
98 82
98 37
82 37
82 36
82 42
36 42
36 53
36 84
53 84
60 50
60 69
60 35
69 35
69 51
69 64
51 64
51 21
51 54
21 54
21 8
21 3
8 3
8 60
8 62
60 62
23 50
23 38
23 70
38 70
38 45
38 17
45 17
45 91
45 99
91 99
91 44
91 93
44 93
44 23
44 49
23 49
10 60
10 68
10 26
68 26
68 59
68 19
59 19
59 89
59 83
89 83
89 47
89 9
47 9
47 10
47 88
10 88
11 10
11 34
11 2
34 2
34 22
34 85
22 85
22 41
22 18
41 18
41 56
41 95
56 95
56 11
56 77
11 77
5 53
5 57
5 58
57 58
57 48
57 96
48 96
48 86
48 12
86 12
86 71
86 43
71 43
71 5
71 1
5 1
14 23
14 4
14 87
4 87
4 7
4 28
7 28
7 29
7 67
29 67
29 13
29 32
13 32
13 14
13 74
14 74
100 159
33 78
33 23
78 23
78 46
78 58
46 58
46 31
46 45
31 45
31 82
31 54
82 54
82 33
82 86
33 86
50 33
50 87
50 84
87 84
87 19
87 69
19 69
19 67
19 11
67 11
67 24
67 72
24 72
24 50
24 14
50 14
73 50
73 6
73 41
6 41
6 28
6 93
28 93
28 13
28 44
13 44
13 70
13 100
70 100
70 73
70 26
73 26
96 50
96 99
96 49
99 49
99 18
99 89
18 89
18 55
18 65
55 65
55 97
55 38
97 38
97 96
97 63
96 63
36 33
36 53
36 35
53 35
53 21
53 91
21 91
21 90
21 8
90 8
90 80
90 12
80 12
80 36
80 64
36 64
79 50
79 30
79 37
30 37
30 77
30 17
77 17
77 40
77 48
40 48
40 75
40 88
75 88
75 79
75 22
79 22
71 79
71 60
71 7
60 7
60 5
60 1
5 1
5 15
5 2
15 2
15 83
15 29
83 29
83 71
83 42
71 42
85 36
85 52
85 20
52 20
52 56
52 25
56 25
56 98
56 74
98 74
98 94
98 92
94 92
94 85
94 39
85 39
47 85
47 62
47 51
62 51
62 10
62 32
10 32
10 68
10 95
68 95
68 61
68 4
61 4
61 47
61 34
47 34
81 79
81 76
81 16
76 16
76 43
76 57
43 57
43 3
43 66
3 66
3 27
3 9
27 9
27 81
27 59
81 59
100 159
21 5
21 62
5 62
5 40
5 26
40 26
40 84
40 73
84 73
84 20
84 48
20 48
20 21
20 83
21 83
66 21
66 53
66 90
53 90
53 46
53 75
46 75
46 89
46 32
89 32
89 81
89 8
81 8
81 66
81 29
66 29
79 66
79 94
79 15
94 15
94 4
94 93
4 93
4 61
4 65
61 65
61 16
61 41
16 41
16 79
16 38
79 38
35 79
35 87
35 43
87 43
87 74
87 70
74 70
74 36
74 54
36 54
36 99
36 7
99 7
99 35
99 92
35 92
2 35
2 63
2 51
63 51
63 60
63 24
60 24
60 17
60 34
17 34
17 39
17 68
39 68
39 2
39 95
2 95
100 21
100 67
100 33
67 33
67 19
67 78
19 78
19 91
19 71
91 71
91 96
91 11
96 11
96 100
96 86
100 86
1 66
1 30
1 18
30 18
30 23
30 52
23 52
23 57
23 14
57 14
57 27
57 37
27 37
27 1
27 80
1 80
85 2
85 44
85 55
44 55
44 77
44 3
77 3
77 50
77 69
50 69
50 45
50 42
45 42
45 85
45 56
85 56
47 35
47 22
47 13
22 13
22 25
22 49
25 49
25 28
25 72
28 72
28 59
28 97
59 97
59 47
59 6
47 6
9 66
9 58
9 10
58 10
58 76
58 12
76 12
76 31
76 88
31 88
31 98
31 82
98 82
98 9
98 64
9 64
100 159
74 86
74 84
86 84
86 80
86 91
80 91
80 90
80 88
90 88
90 30
90 25
30 25
30 74
30 96
74 96
24 74
24 19
24 59
19 59
19 10
19 54
10 54
10 50
10 31
50 31
50 14
50 20
14 20
14 24
14 5
24 5
69 74
69 36
69 8
36 8
36 17
36 95
17 95
17 35
17 67
35 67
35 9
35 46
9 46
9 69
9 40
69 40
33 74
33 85
33 57
85 57
85 89
85 92
89 92
89 49
89 94
49 94
49 79
49 51
79 51
79 33
79 100
33 100
83 69
83 37
83 2
37 2
37 82
37 48
82 48
82 56
82 64
56 64
56 18
56 45
18 45
18 83
18 99
83 99
65 74
65 71
65 97
71 97
71 55
71 60
55 60
55 73
55 1
73 1
73 22
73 81
22 81
22 65
22 21
65 21
42 65
42 70
42 58
70 58
70 76
70 39
76 39
76 87
76 16
87 16
87 34
87 66
34 66
34 42
34 26
42 26
41 69
41 62
41 3
62 3
62 77
62 44
77 44
77 7
77 93
7 93
7 98
7 4
98 4
98 41
98 47
41 47
78 42
78 68
78 11
68 11
68 43
68 29
43 29
43 6
43 72
6 72
6 63
6 23
63 23
63 78
63 32
78 32
75 69
75 53
75 13
53 13
53 15
53 27
15 27
15 28
15 38
28 38
28 12
28 61
12 61
12 75
12 52
75 52
100 159
94 28
94 57
28 57
28 38
28 8
38 8
38 69
38 44
69 44
69 75
69 4
75 4
75 94
75 31
94 31
32 94
32 90
32 20
90 20
90 76
90 7
76 7
76 100
76 65
100 65
100 63
100 50
63 50
63 32
63 86
32 86
52 32
52 74
52 2
74 2
74 40
74 61
40 61
40 46
40 18
46 18
46 17
46 27
17 27
17 52
17 60
52 60
25 94
25 24
25 72
24 72
24 59
24 37
59 37
59 71
59 83
71 83
71 3
71 80
3 80
3 25
3 19
25 19
62 32
62 77
62 64
77 64
77 85
77 95
85 95
85 73
85 5
73 5
73 66
73 26
66 26
66 62
66 11
62 11
68 62
68 99
68 6
99 6
99 36
99 97
36 97
36 39
36 51
39 51
39 14
39 13
14 13
14 68
14 84
68 84
45 94
45 23
45 67
23 67
23 53
23 48
53 48
53 41
53 98
41 98
41 55
41 81
55 81
55 45
55 96
45 96
49 25
49 91
49 35
91 35
91 70
91 43
70 43
70 88
70 42
88 42
88 47
88 30
47 30
47 49
47 16
49 16
78 62
78 22
78 82
22 82
22 29
22 10
29 10
29 58
29 34
58 34
58 12
58 87
12 87
12 78
12 54
78 54
21 78
21 92
21 79
92 79
92 9
92 56
9 56
9 1
9 15
1 15
1 33
1 93
33 93
33 21
33 89
21 89
100 159
91 19
91 85
19 85
19 82
19 54
82 54
82 90
82 38
90 38
90 27
90 14
27 14
27 91
27 55
91 55
60 91
60 86
60 94
86 94
86 69
86 1
69 1
69 39
69 72
39 72
39 87
39 13
87 13
87 60
87 7
60 7
84 60
84 30
84 4
30 4
30 32
30 37
32 37
32 89
32 17
89 17
89 51
89 12
51 12
51 84
51 92
84 92
49 84
49 6
49 15
6 15
6 81
6 57
81 57
81 70
81 62
70 62
70 59
70 100
59 100
59 49
59 21
49 21
96 60
96 46
96 95
46 95
46 79
46 35
79 35
79 16
79 76
16 76
16 31
16 68
31 68
31 96
31 52
96 52
93 96
93 61
93 2
61 2
61 44
61 50
44 50
44 73
44 98
73 98
73 99
73 66
99 66
99 93
99 56
93 56
63 96
63 20
63 53
20 53
20 24
20 25
24 25
24 3
24 36
3 36
3 74
3 77
74 77
74 63
74 67
63 67
22 91
22 42
22 5
42 5
42 47
42 48
47 48
47 33
47 11
33 11
33 97
33 64
97 64
97 22
97 78
22 78
26 63
26 43
26 41
43 41
43 10
43 29
10 29
10 40
10 58
40 58
40 75
40 28
75 28
75 26
75 71
26 71
34 63
34 45
34 88
45 88
45 23
45 65
23 65
23 18
23 83
18 83
18 80
18 9
80 9
80 34
80 8
34 8
100 159
3 36
3 71
36 71
36 17
36 47
17 47
17 78
17 79
78 79
78 57
78 39
57 39
57 3
57 85
3 85
13 3
13 8
13 64
8 64
8 90
8 42
90 42
90 75
90 69
75 69
75 77
75 94
77 94
77 13
77 53
13 53
60 13
60 4
60 33
4 33
4 82
4 51
82 51
82 18
82 88
18 88
18 30
18 16
30 16
30 60
30 95
60 95
96 13
96 20
96 91
20 91
20 34
20 67
34 67
34 29
34 21
29 21
29 61
29 46
61 46
61 96
61 84
96 84
93 60
93 32
93 27
32 27
32 81
32 14
81 14
81 37
81 45
37 45
37 48
37 38
48 38
48 93
48 25
93 25
2 3
2 52
2 6
52 6
52 54
52 10
54 10
54 1
54 86
1 86
1 28
1 55
28 55
28 2
28 80
2 80
87 60
87 98
87 63
98 63
98 31
98 11
31 11
31 50
31 89
50 89
50 65
50 72
65 72
65 87
65 22
87 22
66 93
66 35
66 5
35 5
35 83
35 68
83 68
83 7
83 99
7 99
7 24
7 76
24 76
24 66
24 15
66 15
23 2
23 56
23 74
56 74
56 62
56 100
62 100
62 41
62 58
41 58
41 92
41 12
92 12
92 23
92 70
23 70
26 93
26 59
26 19
59 19
59 44
59 73
44 73
44 49
44 43
49 43
49 9
49 40
9 40
9 26
9 97
26 97
100 159
98 65
98 91
65 91
65 2
65 49
2 49
2 38
2 30
38 30
38 71
38 72
71 72
71 98
71 67
98 67
93 98
93 27
93 95
27 95
27 78
27 14
78 14
78 33
78 76
33 76
33 42
33 75
42 75
42 93
42 9
93 9
56 98
56 77
56 20
77 20
77 7
77 86
7 86
7 36
7 24
36 24
36 73
36 29
73 29
73 56
73 47
56 47
70 93
70 48
70 46
48 46
48 83
48 69
83 69
83 19
83 28
19 28
19 81
19 57
81 57
81 70
81 17
70 17
52 93
52 59
52 80
59 80
59 10
59 62
10 62
10 74
10 82
74 82
74 39
74 54
39 54
39 52
39 13
52 13
8 52
8 12
8 5
12 5
12 40
12 55
40 55
40 22
40 41
22 41
22 44
22 64
44 64
44 8
44 15
8 15
18 93
18 87
18 1
87 1
87 89
87 88
89 88
89 92
89 43
92 43
92 96
92 16
96 16
96 18
96 32
18 32
3 70
3 94
3 58
94 58
94 66
94 61
66 61
66 4
66 6
4 6
4 31
4 84
31 84
31 3
31 79
3 79
35 93
35 45
35 68
45 68
45 11
45 51
11 51
11 26
11 23
26 23
26 60
26 37
60 37
60 35
60 63
35 63
97 52
97 34
97 53
34 53
34 90
34 100
90 100
90 25
90 85
25 85
25 50
25 99
50 99
50 97
50 21
97 21
100 159
65 13
65 78
13 78
13 50
13 95
50 95
50 8
50 100
8 100
8 57
8 58
57 58
57 65
57 86
65 86
35 65
35 96
35 28
96 28
96 84
96 45
84 45
84 41
84 24
41 24
41 22
41 25
22 25
22 35
22 11
35 11
47 35
47 98
47 4
98 4
98 17
98 74
17 74
17 44
17 66
44 66
44 19
44 32
19 32
19 47
19 42
47 42
59 35
59 53
59 34
53 34
53 37
53 16
37 16
37 26
37 91
26 91
26 18
26 23
18 23
18 59
18 39
59 39
6 59
6 15
6 68
15 68
15 73
15 62
73 62
73 61
73 89
61 89
61 79
61 9
79 9
79 6
79 63
6 63
27 59
27 36
27 38
36 38
36 21
36 48
21 48
21 12
21 87
12 87
12 31
12 2
31 2
31 27
31 71
27 71
51 65
51 88
51 52
88 52
88 54
88 60
54 60
54 83
54 69
83 69
83 14
83 7
14 7
14 51
14 46
51 46
77 27
77 72
77 99
72 99
72 85
72 76
85 76
85 30
85 81
30 81
30 97
30 92
97 92
97 77
97 75
77 75
3 65
3 90
3 70
90 70
90 67
90 93
67 93
67 40
67 94
40 94
40 55
40 1
55 1
55 3
55 49
3 49
5 59
5 80
5 56
80 56
80 10
80 82
10 82
10 43
10 64
43 64
43 33
43 29
33 29
33 5
33 20
5 20
100 159
97 72
97 12
72 12
72 99
72 16
99 16
99 34
99 9
34 9
34 50
34 37
50 37
50 97
50 20
97 20
35 97
35 61
35 32
61 32
61 19
61 39
19 39
19 62
19 1
62 1
62 64
62 90
64 90
64 35
64 49
35 49
15 35
15 48
15 73
48 73
48 79
48 3
79 3
79 47
79 98
47 98
47 86
47 4
86 4
86 15
86 52
15 52
10 97
10 38
10 30
38 30
38 59
38 96
59 96
59 81
59 46
81 46
81 23
81 89
23 89
23 10
23 60
10 60
21 97
21 31
21 29
31 29
31 54
31 78
54 78
54 67
54 66
67 66
67 11
67 57
11 57
11 21
11 40
21 40
25 15
25 5
25 83
5 83
5 27
5 77
27 77
27 42
27 36
42 36
42 44
42 65
44 65
44 25
44 55
25 55
68 10
68 75
68 93
75 93
75 18
75 84
18 84
18 100
18 22
100 22
100 58
100 91
58 91
58 68
58 56
68 56
14 68
14 82
14 71
82 71
82 26
82 8
26 8
26 2
26 76
2 76
2 33
2 87
33 87
33 14
33 80
14 80
94 97
94 41
94 6
41 6
41 85
41 43
85 43
85 70
85 88
70 88
70 95
70 7
95 7
95 94
95 17
94 17
13 94
13 69
13 45
69 45
69 28
69 53
28 53
28 74
28 51
74 51
74 24
74 63
24 63
24 13
24 92
13 92
100 159
12 40
12 76
40 76
40 66
40 33
66 33
66 19
66 22
19 22
19 51
19 25
51 25
51 12
51 5
12 5
68 12
68 64
68 32
64 32
64 49
64 60
49 60
49 52
49 15
52 15
52 48
52 61
48 61
48 68
48 14
68 14
43 68
43 59
43 94
59 94
59 67
59 27
67 27
67 86
67 98
86 98
86 95
86 97
95 97
95 43
95 47
43 47
96 12
96 3
96 92
3 92
3 39
3 35
39 35
39 8
39 1
8 1
8 21
8 44
21 44
21 96
21 29
96 29
58 68
58 53
58 37
53 37
53 34
53 91
34 91
34 89
34 55
89 55
89 54
89 6
54 6
54 58
54 57
58 57
87 96
87 42
87 56
42 56
42 2
42 41
2 41
2 69
2 23
69 23
69 80
69 82
80 82
80 87
80 90
87 90
24 12
24 78
24 31
78 31
78 65
78 79
65 79
65 99
65 10
99 10
99 30
99 88
30 88
30 24
30 13
24 13
100 24
100 17
100 45
17 45
17 9
17 11
9 11
9 46
9 38
46 38
46 63
46 84
63 84
63 100
63 7
100 7
70 68
70 50
70 74
50 74
50 16
50 28
16 28
16 77
16 18
77 18
77 26
77 93
26 93
26 70
26 73
70 73
81 70
81 71
81 83
71 83
71 85
71 20
85 20
85 75
85 4
75 4
75 72
75 36
72 36
72 81
72 62
81 62
100 159
34 90
34 58
90 58
90 12
90 78
12 78
12 28
12 26
28 26
28 8
28 9
8 9
8 34
8 95
34 95
93 34
93 25
93 61
25 61
25 70
25 4
70 4
70 98
70 33
98 33
98 27
98 100
27 100
27 93
27 46
93 46
68 93
68 60
68 5
60 5
60 41
60 23
41 23
41 72
41 40
72 40
72 43
72 10
43 10
43 68
43 79
68 79
44 93
44 53
44 50
53 50
53 35
53 85
35 85
35 6
35 74
6 74
6 14
6 56
14 56
14 44
14 49
44 49
37 44
37 99
37 87
99 87
99 47
99 59
47 59
47 2
47 89
2 89
2 45
2 73
45 73
45 37
45 94
37 94
30 44
30 13
30 86
13 86
13 18
13 67
18 67
18 64
18 22
64 22
64 57
64 48
57 48
57 30
57 20
30 20
96 44
96 83
96 7
83 7
83 32
83 88
32 88
32 97
32 92
97 92
97 77
97 16
77 16
77 96
77 55
96 55
82 96
82 76
82 3
76 3
76 63
76 19
63 19
63 71
63 11
71 11
71 91
71 1
91 1
91 82
91 38
82 38
24 82
24 36
24 75
36 75
36 52
36 21
52 21
52 84
52 29
84 29
84 42
84 80
42 80
42 24
42 81
24 81
51 37
51 39
51 65
39 65
39 62
39 31
62 31
62 17
62 54
17 54
17 66
17 15
66 15
66 51
66 69
51 69
100 159
95 45
95 73
45 73
45 65
45 53
65 53
65 55
65 4
55 4
55 14
55 5
14 5
14 95
14 41
95 41
6 95
6 8
6 85
8 85
8 64
8 23
64 23
64 60
64 12
60 12
60 3
60 91
3 91
3 6
3 29
6 29
59 95
59 97
59 18
97 18
97 100
97 69
100 69
100 94
100 62
94 62
94 1
94 70
1 70
1 59
1 11
59 11
33 6
33 89
33 75
89 75
89 61
89 21
61 21
61 32
61 99
32 99
32 90
32 25
90 25
90 33
90 88
33 88
24 95
24 47
24 7
47 7
47 44
47 96
44 96
44 56
44 10
56 10
56 81
56 76
81 76
81 24
81 63
24 63
82 6
82 19
82 20
19 20
19 77
19 84
77 84
77 79
77 78
79 78
79 42
79 86
42 86
42 82
42 43
82 43
28 95
28 58
28 83
58 83
58 38
58 57
38 57
38 9
38 46
9 46
9 72
9 68
72 68
72 28
72 35
28 35
49 28
49 16
49 80
16 80
16 17
16 50
17 50
17 22
17 13
22 13
22 2
22 30
2 30
2 49
2 74
49 74
37 28
37 54
37 31
54 31
54 26
54 34
26 34
26 93
26 71
93 71
93 67
93 66
67 66
67 37
67 98
37 98
87 33
87 36
87 92
36 92
36 27
36 51
27 51
27 40
27 39
40 39
40 48
40 52
48 52
48 87
48 15
87 15
100 159
87 7
87 39
7 39
7 84
7 13
84 13
84 11
84 60
11 60
11 25
11 63
25 63
25 87
25 48
87 48
2 87
2 8
2 83
8 83
8 90
8 89
90 89
90 86
90 28
86 28
86 38
86 33
38 33
38 2
38 93
2 93
98 87
98 20
98 14
20 14
20 64
20 21
64 21
64 69
64 43
69 43
69 88
69 94
88 94
88 98
88 23
98 23
10 2
10 95
10 70
95 70
95 50
95 72
50 72
50 4
50 76
4 76
4 85
4 42
85 42
85 10
85 79
10 79
31 2
31 62
31 97
62 97
62 53
62 41
53 41
53 61
53 57
61 57
61 17
61 74
17 74
17 31
17 27
31 27
30 2
30 51
30 46
51 46
51 12
51 34
12 34
12 5
12 44
5 44
5 96
5 71
96 71
96 30
96 15
30 15
66 98
66 67
66 92
67 92
67 26
67 56
26 56
26 54
26 78
54 78
54 55
54 82
55 82
55 66
55 65
66 65
36 10
36 80
36 100
80 100
80 77
80 40
77 40
77 1
77 49
1 49
1 9
1 37
9 37
9 36
9 3
36 3
47 10
47 6
47 24
6 24
6 73
6 45
73 45
73 32
73 19
32 19
32 59
32 18
59 18
59 47
59 52
47 52
75 2
75 35
75 91
35 91
35 58
35 29
58 29
58 22
58 16
22 16
22 68
22 81
68 81
68 75
68 99
75 99
100 159
18 15
18 60
15 60
15 21
15 45
21 45
21 74
21 40
74 40
74 71
74 44
71 44
71 18
71 81
18 81
76 18
76 1
76 3
1 3
1 57
1 70
57 70
57 68
57 24
68 24
68 20
68 37
20 37
20 76
20 6
76 6
54 76
54 58
54 62
58 62
58 84
58 99
84 99
84 34
84 10
34 10
34 61
34 59
61 59
61 54
61 9
54 9
88 54
88 63
88 52
63 52
63 82
63 13
82 13
82 66
82 53
66 53
66 91
66 43
91 43
91 88
91 79
88 79
75 76
75 93
75 56
93 56
93 27
93 23
27 23
27 5
27 48
5 48
5 8
5 51
8 51
8 75
8 85
75 85
55 18
55 83
55 4
83 4
83 33
83 89
33 89
33 96
33 46
96 46
96 39
96 73
39 73
39 55
39 72
55 72
26 76
26 94
26 80
94 80
94 86
94 30
86 30
86 16
86 12
16 12
16 11
16 7
11 7
11 26
11 28
26 28
69 26
69 36
69 77
36 77
36 25
36 2
25 2
25 97
25 47
97 47
97 50
97 64
50 64
50 69
50 29
69 29
38 88
38 90
38 35
90 35
90 19
90 22
19 22
19 95
19 49
95 49
95 31
95 87
31 87
31 38
31 17
38 17
41 38
41 78
41 32
78 32
78 92
78 98
92 98
92 67
92 100
67 100
67 65
67 42
65 42
65 41
65 14
41 14
100 159
51 63
51 56
63 56
63 27
63 12
27 12
27 95
27 49
95 49
95 50
95 31
50 31
50 51
50 48
51 48
55 51
55 9
55 13
9 13
9 81
9 90
81 90
81 61
81 86
61 86
61 84
61 36
84 36
84 55
84 26
55 26
21 55
21 41
21 16
41 16
41 30
41 64
30 64
30 34
30 32
34 32
34 99
34 71
99 71
99 21
99 28
21 28
3 55
3 98
3 67
98 67
98 76
98 40
76 40
76 79
76 54
79 54
79 60
79 20
60 20
60 3
60 75
3 75
96 21
96 19
96 85
19 85
19 24
19 92
24 92
24 43
24 62
43 62
43 29
43 17
29 17
29 96
29 46
96 46
58 3
58 52
58 10
52 10
52 97
52 18
97 18
97 66
97 65
66 65
66 25
66 93
25 93
25 58
25 11
58 11
7 21
7 80
7 38
80 38
80 4
80 2
4 2
4 89
4 69
89 69
89 94
89 70
94 70
94 7
94 15
7 15
1 21
1 33
1 77
33 77
33 42
33 45
42 45
42 87
42 22
87 22
87 100
87 82
100 82
100 1
100 39
1 39
57 3
57 91
57 74
91 74
91 23
91 14
23 14
23 37
23 5
37 5
37 8
37 59
8 59
8 57
8 78
57 78
88 7
88 35
88 73
35 73
35 72
35 47
72 47
72 53
72 6
53 6
53 44
53 68
44 68
44 88
44 83
88 83
100 159
19 20
19 69
20 69
20 24
20 52
24 52
24 22
24 6
22 6
22 36
22 38
36 38
36 19
36 64
19 64
28 19
28 14
28 53
14 53
14 93
14 89
93 89
93 17
93 66
17 66
17 37
17 96
37 96
37 28
37 71
28 71
47 19
47 9
47 54
9 54
9 8
9 63
8 63
8 31
8 34
31 34
31 10
31 25
10 25
10 47
10 83
47 83
13 28
13 59
13 41
59 41
59 26
59 2
26 2
26 16
26 90
16 90
16 78
16 33
78 33
78 13
78 11
13 11
85 47
85 39
85 99
39 99
39 91
39 88
91 88
91 56
91 58
56 58
56 79
56 75
79 75
79 85
79 1
85 1
7 19
7 67
7 49
67 49
67 97
67 60
97 60
97 4
97 80
4 80
4 77
4 23
77 23
77 7
77 57
7 57
35 47
35 44
35 12
44 12
44 73
44 81
73 81
73 55
73 94
55 94
55 76
55 82
76 82
76 35
76 74
35 74
43 47
43 62
43 5
62 5
62 86
62 48
86 48
86 29
86 40
29 40
29 21
29 92
21 92
21 43
21 72
43 72
87 7
87 100
87 42
100 42
100 95
100 61
95 61
95 32
95 15
32 15
32 68
32 50
68 50
68 87
68 45
87 45
84 19
84 18
84 51
18 51
18 70
18 65
70 65
70 27
70 30
27 30
27 98
27 3
98 3
98 84
98 46
84 46
100 159
53 100
53 96
100 96
100 8
100 5
8 5
8 30
8 71
30 71
30 92
30 41
92 41
92 53
92 36
53 36
93 53
93 24
93 90
24 90
24 99
24 29
99 29
99 81
99 72
81 72
81 61
81 62
61 62
61 93
61 16
93 16
6 93
6 14
6 84
14 84
14 40
14 26
40 26
40 3
40 82
3 82
3 28
3 67
28 67
28 6
28 86
6 86
31 6
31 57
31 76
57 76
57 1
57 2
1 2
1 7
1 60
7 60
7 63
7 58
63 58
63 31
63 42
31 42
19 31
19 13
19 59
13 59
13 65
13 69
65 69
65 98
65 64
98 64
98 54
98 35
54 35
54 19
54 27
19 27
43 93
43 33
43 75
33 75
33 11
33 89
11 89
11 78
11 20
78 20
78 50
78 56
50 56
50 43
50 38
43 38
32 31
32 77
32 88
77 88
77 21
77 55
21 55
21 51
21 12
51 12
51 22
51 80
22 80
22 32
22 44
32 44
25 93
25 52
25 10
52 10
52 4
52 85
4 85
4 91
4 94
91 94
91 97
91 15
97 15
97 25
97 37
25 37
17 6
17 48
17 39
48 39
48 18
48 79
18 79
18 9
18 74
9 74
9 87
9 70
87 70
87 17
87 66
17 66
49 53
49 47
49 23
47 23
47 34
47 95
34 95
34 68
34 45
68 45
68 73
68 83
73 83
73 49
73 46
49 46
100 159
47 17
47 12
17 12
17 73
17 85
73 85
73 4
73 37
4 37
4 48
4 39
48 39
48 47
48 63
47 63
21 47
21 51
21 41
51 41
51 23
51 44
23 44
23 7
23 29
7 29
7 3
7 75
3 75
3 21
3 69
21 69
66 47
66 83
66 95
83 95
83 40
83 36
40 36
40 46
40 31
46 31
46 13
46 34
13 34
13 66
13 96
66 96
100 66
100 38
100 5
38 5
38 8
38 94
8 94
8 87
8 15
87 15
87 84
87 33
84 33
84 100
84 88
100 88
90 47
90 76
90 93
76 93
76 2
76 57
2 57
2 6
2 74
6 74
6 59
6 97
59 97
59 90
59 98
90 98
9 100
9 1
9 68
1 68
1 26
1 28
26 28
26 18
26 43
18 43
18 49
18 89
49 89
49 9
49 92
9 92
81 90
81 24
81 50
24 50
24 60
24 52
60 52
60 67
60 99
67 99
67 20
67 10
20 10
20 81
20 71
81 71
86 21
86 61
86 14
61 14
61 53
61 62
53 62
53 78
53 58
78 58
78 45
78 16
45 16
45 86
45 77
86 77
79 21
79 55
79 64
55 64
55 82
55 27
82 27
82 91
82 70
91 70
91 72
91 80
72 80
72 79
72 19
79 19
22 81
22 25
22 35
25 35
25 65
25 56
65 56
65 54
65 11
54 11
54 32
54 42
32 42
32 22
32 30
22 30
100 159
72 26
72 36
26 36
26 81
26 75
81 75
81 7
81 61
7 61
7 66
7 87
66 87
66 72
66 77
72 77
13 72
13 11
13 59
11 59
11 93
11 30
93 30
93 32
93 64
32 64
32 40
32 50
40 50
40 13
40 28
13 28
79 72
79 70
79 62
70 62
70 44
70 63
44 63
44 4
44 99
4 99
4 83
4 85
83 85
83 79
83 16
79 16
55 79
55 54
55 100
54 100
54 22
54 34
22 34
22 37
22 43
37 43
37 67
37 24
67 24
67 55
67 95
55 95
35 79
35 68
35 91
68 91
68 49
68 15
49 15
49 94
49 51
94 51
94 56
94 42
56 42
56 35
56 65
35 65
96 13
96 82
96 97
82 97
82 14
82 5
14 5
14 45
14 71
45 71
45 90
45 47
90 47
90 96
90 86
96 86
9 13
9 58
9 92
58 92
58 89
58 25
89 25
89 74
89 46
74 46
74 2
74 12
2 12
2 9
2 23
9 23
69 79
69 39
69 76
39 76
39 53
39 98
53 98
53 3
53 78
3 78
3 6
3 88
6 88
6 69
6 27
69 27
60 96
60 31
60 48
31 48
31 73
31 29
73 29
73 41
73 10
41 10
41 19
41 57
19 57
19 60
19 84
60 84
80 55
80 20
80 1
20 1
20 33
20 17
33 17
33 8
33 38
8 38
8 21
8 18
21 18
21 80
21 52
80 52
100 159
93 97
93 67
97 67
97 74
97 12
74 12
74 82
74 1
82 1
82 90
82 100
90 100
90 93
90 19
93 19
37 93
37 49
37 22
49 22
49 40
49 50
40 50
40 95
40 38
95 38
95 86
95 43
86 43
86 37
86 45
37 45
98 37
98 24
98 33
24 33
24 5
24 29
5 29
5 30
5 75
30 75
30 20
30 71
20 71
20 98
20 14
98 14
96 93
96 4
96 32
4 32
4 3
4 48
3 48
3 47
3 99
47 99
47 52
47 85
52 85
52 96
52 83
96 83
9 96
9 39
9 23
39 23
39 26
39 79
26 79
26 21
26 61
21 61
21 92
21 94
92 94
92 9
92 76
9 76
59 37
59 7
59 8
7 8
7 2
7 10
2 10
2 87
2 41
87 41
87 44
87 89
44 89
44 59
44 17
59 17
69 59
69 68
69 73
68 73
68 91
68 34
91 34
91 57
91 66
57 66
57 35
57 31
35 31
35 69
35 16
69 16
58 98
58 51
58 15
51 15
51 62
51 64
62 64
62 56
62 36
56 36
56 54
56 60
54 60
54 58
54 6
58 6
72 37
72 81
72 11
81 11
81 77
81 27
77 27
77 46
77 28
46 28
46 63
46 78
63 78
63 72
63 25
72 25
55 9
55 84
55 53
84 53
84 70
84 88
70 88
70 65
70 13
65 13
65 80
65 18
80 18
80 55
80 42
55 42
100 159
36 91
36 84
91 84
91 32
91 22
32 22
32 10
32 88
10 88
10 13
10 58
13 58
13 36
13 79
36 79
61 36
61 59
61 96
59 96
59 6
59 77
6 77
6 12
6 25
12 25
12 35
12 27
35 27
35 61
35 21
61 21
50 61
50 1
50 15
1 15
1 70
1 67
70 67
70 94
70 30
94 30
94 98
94 68
98 68
98 50
98 60
50 60
86 36
86 52
86 53
52 53
52 57
52 65
57 65
57 41
57 20
41 20
41 93
41 63
93 63
93 86
93 74
86 74
97 50
97 40
97 18
40 18
40 92
40 42
92 42
92 54
92 48
54 48
54 83
54 55
83 55
83 97
83 75
97 75
45 61
45 37
45 99
37 99
37 7
37 43
7 43
7 4
7 39
4 39
4 100
4 23
100 23
100 45
100 34
45 34
11 61
11 16
11 90
16 90
16 5
16 85
5 85
5 31
5 26
31 26
31 46
31 9
46 9
46 11
46 81
11 81
95 36
95 38
95 66
38 66
38 64
38 73
64 73
64 8
64 47
8 47
8 76
8 3
76 3
76 95
76 89
95 89
14 97
14 78
14 49
78 49
78 24
78 72
24 72
24 33
24 19
33 19
33 62
33 29
62 29
62 14
62 82
14 82
51 95
51 2
51 69
2 69
2 28
2 80
28 80
28 17
28 56
17 56
17 87
17 44
87 44
87 51
87 71
51 71
100 159
10 47
10 80
47 80
47 29
47 40
29 40
29 30
29 21
30 21
30 98
30 9
98 9
98 10
98 19
10 19
60 10
60 56
60 1
56 1
56 8
56 34
8 34
8 87
8 68
87 68
87 49
87 79
49 79
49 60
49 52
60 52
89 60
89 31
89 24
31 24
31 46
31 16
46 16
46 94
46 64
94 64
94 97
94 22
97 22
97 89
97 95
89 95
53 10
53 57
53 77
57 77
57 96
57 78
96 78
96 18
96 43
18 43
18 67
18 33
67 33
67 53
67 42
53 42
62 60
62 20
62 58
20 58
20 59
20 27
59 27
59 93
59 61
93 61
93 81
93 23
81 23
81 62
81 54
62 54
84 10
84 39
84 4
39 4
39 32
39 70
32 70
32 63
32 90
63 90
63 38
63 66
38 66
38 84
38 72
84 72
74 10
74 41
74 71
41 71
41 85
41 28
85 28
85 44
85 2
44 2
44 91
44 15
91 15
91 74
91 88
74 88
86 60
86 48
86 6
48 6
48 69
48 99
69 99
69 100
69 17
100 17
100 13
100 3
13 3
13 86
13 45
86 45
5 84
5 11
5 25
11 25
11 92
11 76
92 76
92 83
92 65
83 65
83 14
83 12
14 12
14 5
14 35
5 35
55 86
55 36
55 75
36 75
36 26
36 37
26 37
26 50
26 73
50 73
50 51
50 82
51 82
51 55
51 7
55 7
100 159
56 20
56 81
20 81
20 80
20 45
80 45
80 16
80 48
16 48
16 94
16 17
94 17
94 56
94 89
56 89
93 56
93 99
93 71
99 71
99 21
99 69
21 69
21 35
21 85
35 85
35 27
35 57
27 57
27 93
27 100
93 100
92 56
92 23
92 68
23 68
23 77
23 31
77 31
77 98
77 37
98 37
98 43
98 2
43 2
43 92
43 91
92 91
58 56
58 52
58 65
52 65
52 75
52 19
75 19
75 29
75 67
29 67
29 88
29 32
88 32
88 58
88 78
58 78
60 92
60 53
60 73
53 73
53 26
53 86
26 86
26 8
26 9
8 9
8 50
8 7
50 7
50 60
50 54
60 54
6 56
6 1
6 47
1 47
1 12
1 38
12 38
12 39
12 25
39 25
39 49
39 36
49 36
49 6
49 41
6 41
51 6
51 64
51 96
64 96
64 79
64 66
79 66
79 40
79 62
40 62
40 95
40 14
95 14
95 51
95 11
51 11
42 51
42 30
42 33
30 33
30 63
30 84
63 84
63 87
63 72
87 72
87 3
87 28
3 28
3 42
3 18
42 18
90 58
90 61
90 4
61 4
61 34
61 59
34 59
34 5
34 44
5 44
5 76
5 83
76 83
76 90
76 24
90 24
74 58
74 46
74 70
46 70
46 22
46 82
22 82
22 10
22 15
10 15
10 55
10 13
55 13
55 74
55 97
74 97
100 159
60 45
60 99
45 99
45 58
45 93
58 93
58 94
58 75
94 75
94 35
94 23
35 23
35 60
35 24
60 24
39 60
39 27
39 30
27 30
27 67
27 36
67 36
67 90
67 25
90 25
90 49
90 2
49 2
49 39
49 59
39 59
7 39
7 50
7 56
50 56
50 10
50 65
10 65
10 83
10 89
83 89
83 95
83 57
95 57
95 7
95 63
7 63
26 60
26 44
26 87
44 87
44 8
44 51
8 51
8 19
8 55
19 55
19 15
19 21
15 21
15 26
15 17
26 17
37 60
37 40
37 3
40 3
40 61
40 76
61 76
61 47
61 82
47 82
47 97
47 86
97 86
97 37
97 68
37 68
13 60
13 11
13 91
11 91
11 88
11 52
88 52
88 14
88 96
14 96
14 98
14 5
98 5
98 13
98 78
13 78
12 7
12 81
12 62
81 62
81 64
81 77
64 77
64 69
64 29
69 29
69 79
69 71
79 71
79 12
79 73
12 73
9 26
9 1
9 54
1 54
1 80
1 34
80 34
80 53
80 4
53 4
53 22
53 92
22 92
22 9
22 70
9 70
28 37
28 16
28 43
16 43
16 33
16 66
33 66
33 31
33 38
31 38
31 100
31 46
100 46
100 28
100 6
28 6
20 26
20 84
20 48
84 48
84 18
84 74
18 74
18 41
18 32
41 32
41 72
41 85
72 85
72 20
72 42
20 42
100 159
88 16
88 10
16 10
16 95
16 92
95 92
95 13
95 43
13 43
13 21
13 38
21 38
21 88
21 96
88 96
71 88
71 65
71 42
65 42
65 87
65 35
87 35
87 15
87 44
15 44
15 50
15 99
50 99
50 71
50 24
71 24
59 71
59 52
59 46
52 46
52 17
52 36
17 36
17 62
17 75
62 75
62 39
62 72
39 72
39 59
39 64
59 64
85 88
85 70
85 19
70 19
70 60
70 30
60 30
60 66
60 55
66 55
66 26
66 67
26 67
26 85
26 90
85 90
63 71
63 84
63 94
84 94
84 33
84 54
33 54
33 91
33 14
91 14
91 23
91 68
23 68
23 63
23 78
63 78
1 88
1 41
1 74
41 74
41 57
41 25
57 25
57 61
57 27
61 27
61 32
61 22
32 22
32 1
32 53
1 53
37 1
37 5
37 80
5 80
5 29
5 83
29 83
29 49
29 100
49 100
49 20
49 58
20 58
20 37
20 9
37 9
77 71
77 12
77 31
12 31
12 6
12 4
6 4
6 79
6 7
79 7
79 2
79 81
2 81
2 77
2 97
77 97
51 88
51 76
51 18
76 18
76 93
76 82
93 82
93 89
93 69
89 69
89 45
89 86
45 86
45 51
45 48
51 48
40 63
40 98
40 8
98 8
98 73
98 34
73 34
73 3
73 11
3 11
3 47
3 56
47 56
47 40
47 28
40 28
100 159
20 80
20 67
80 67
80 89
80 3
89 3
89 6
89 14
6 14
6 79
6 19
79 19
79 20
79 27
20 27
11 20
11 71
11 82
71 82
71 66
71 81
66 81
66 90
66 95
90 95
90 88
90 43
88 43
88 11
88 2
11 2
37 20
37 17
37 30
17 30
17 54
17 29
54 29
54 76
54 72
76 72
76 51
76 64
51 64
51 37
51 55
37 55
99 11
99 44
99 83
44 83
44 38
44 22
38 22
38 4
38 77
4 77
4 35
4 28
35 28
35 99
35 10
99 10
96 99
96 23
96 47
23 47
23 9
23 78
9 78
9 15
9 74
15 74
15 98
15 86
98 86
98 96
98 32
96 32
34 37
34 93
34 42
93 42
93 31
93 53
31 53
31 69
31 58
69 58
69 49
69 41
49 41
49 34
49 57
34 57
60 11
60 75
60 59
75 59
75 68
75 48
68 48
68 13
68 85
13 85
13 1
13 7
1 7
1 60
1 70
60 70
45 20
45 18
45 8
18 8
18 94
18 50
94 50
94 97
94 65
97 65
97 40
97 24
40 24
40 45
40 92
45 92
62 60
62 16
62 46
16 46
16 52
16 56
52 56
52 12
52 25
12 25
12 84
12 33
84 33
84 62
84 5
62 5
26 96
26 61
26 63
61 63
61 87
61 21
87 21
87 100
87 91
100 91
100 73
100 39
73 39
73 26
73 36
26 36
100 159
44 90
44 37
90 37
90 45
90 15
45 15
45 85
45 7
85 7
85 63
85 32
63 32
63 44
63 16
44 16
74 44
74 39
74 42
39 42
39 82
39 68
82 68
82 53
82 64
53 64
53 20
53 14
20 14
20 74
20 29
74 29
47 44
47 92
47 26
92 26
92 91
92 52
91 52
91 71
91 86
71 86
71 43
71 61
43 61
43 47
43 9
47 9
66 74
66 36
66 100
36 100
36 17
36 1
17 1
17 27
17 38
27 38
27 24
27 80
24 80
24 66
24 30
66 30
84 66
84 19
84 48
19 48
19 40
19 18
40 18
40 12
40 76
12 76
12 78
12 57
78 57
78 84
78 87
84 87
65 84
65 93
65 51
93 51
93 70
93 5
70 5
70 59
70 34
59 34
59 10
59 50
10 50
10 65
10 75
65 75
22 66
22 98
22 94
98 94
98 83
98 41
83 41
83 62
83 28
62 28
62 23
62 3
23 3
23 22
23 46
22 46
13 44
13 11
13 69
11 69
11 97
11 72
97 72
97 79
97 58
79 58
79 33
79 2
33 2
33 13
33 54
13 54
60 47
60 25
60 21
25 21
25 95
25 99
95 99
95 89
95 88
89 88
89 35
89 49
35 49
35 60
35 96
60 96
6 65
6 31
6 67
31 67
31 73
31 81
73 81
73 8
73 77
8 77
8 56
8 55
56 55
56 6
56 4
6 4
100 159
37 85
37 21
85 21
85 2
85 71
2 71
2 3
2 97
3 97
3 82
3 69
82 69
82 37
82 79
37 79
81 37
81 92
81 74
92 74
92 99
92 18
99 18
99 25
99 87
25 87
25 33
25 11
33 11
33 81
33 90
81 90
32 37
32 26
32 49
26 49
26 64
26 76
64 76
64 88
64 47
88 47
88 83
88 57
83 57
83 32
83 52
32 52
75 81
75 95
75 73
95 73
95 41
95 28
41 28
41 84
41 45
84 45
84 14
84 24
14 24
14 75
14 4
75 4
100 32
100 77
100 55
77 55
77 68
77 53
68 53
68 39
68 40
39 40
39 70
39 5
70 5
70 100
70 13
100 13
48 81
48 9
48 54
9 54
9 63
9 31
63 31
63 67
63 66
67 66
67 65
67 10
65 10
65 48
65 19
48 19
12 32
12 15
12 50
15 50
15 35
15 62
35 62
35 42
35 6
42 6
42 17
42 61
17 61
17 12
17 20
12 20
43 81
43 34
43 8
34 8
34 16
34 78
16 78
16 1
16 60
1 60
1 93
1 89
93 89
93 43
93 58
43 58
98 12
98 27
98 51
27 51
27 29
27 38
29 38
29 30
29 94
30 94
30 96
30 72
96 72
96 98
96 36
98 36
23 12
23 7
23 46
7 46
7 22
7 44
22 44
22 59
22 56
59 56
59 86
59 91
86 91
86 23
86 80
23 80
100 159
7 1
7 82
1 82
1 92
1 35
92 35
92 73
92 47
73 47
73 83
73 27
83 27
83 7
83 91
7 91
29 7
29 93
29 62
93 62
93 64
93 97
64 97
64 8
64 66
8 66
8 89
8 41
89 41
89 29
89 98
29 98
28 7
28 80
28 23
80 23
80 60
80 96
60 96
60 18
60 48
18 48
18 54
18 72
54 72
54 28
54 43
28 43
9 28
9 69
9 16
69 16
69 30
69 67
30 67
30 24
30 52
24 52
24 85
24 75
85 75
85 9
85 11
9 11
71 29
71 94
71 33
94 33
94 99
94 19
99 19
99 2
99 50
2 50
2 49
2 38
49 38
49 71
49 55
71 55
90 71
90 10
90 74
10 74
10 77
10 39
77 39
77 12
77 17
12 17
12 14
12 37
14 37
14 90
14 65
90 65
57 9
57 88
57 25
88 25
88 61
88 78
61 78
61 70
61 26
70 26
70 3
70 56
3 56
3 57
3 22
57 22
95 28
95 59
95 79
59 79
59 4
59 46
4 46
4 53
4 76
53 76
53 63
53 86
63 86
63 95
63 5
95 5
21 90
21 36
21 42
36 42
36 45
36 87
45 87
45 15
45 32
15 32
15 13
15 40
13 40
13 21
13 81
21 81
20 28
20 84
20 6
84 6
84 44
84 51
44 51
44 100
44 58
100 58
100 31
100 34
31 34
31 20
31 68
20 68
100 159
60 36
60 74
36 74
36 92
36 54
92 54
92 44
92 12
44 12
44 95
44 73
95 73
95 60
95 90
60 90
53 60
53 98
53 71
98 71
98 99
98 78
99 78
99 38
99 13
38 13
38 52
38 96
52 96
52 53
52 35
53 35
93 60
93 82
93 23
82 23
82 42
82 39
42 39
42 84
42 89
84 89
84 97
84 94
97 94
97 93
97 47
93 47
66 93
66 2
66 43
2 43
2 88
2 79
88 79
88 30
88 41
30 41
30 7
30 80
7 80
7 66
7 50
66 50
3 60
3 77
3 5
77 5
77 19
77 62
19 62
19 28
19 24
28 24
28 18
28 51
18 51
18 3
18 6
3 6
11 53
11 87
11 15
87 15
87 63
87 46
63 46
63 64
63 70
64 70
64 29
64 67
29 67
29 11
29 22
11 22
40 53
40 21
40 72
21 72
21 17
21 9
17 9
17 16
17 75
16 75
16 65
16 34
65 34
65 40
65 81
40 81
25 11
25 100
25 26
100 26
100 57
100 49
57 49
57 33
57 14
33 14
33 31
33 48
31 48
31 25
31 10
25 10
68 60
68 58
68 85
58 85
58 27
58 37
27 37
27 20
27 91
20 91
20 56
20 45
56 45
56 68
56 76
68 76
32 3
32 83
32 69
83 69
83 59
83 86
59 86
59 4
59 8
4 8
4 55
4 1
55 1
55 32
55 61
32 61
100 159
43 44
43 95
44 95
44 9
44 51
9 51
9 79
9 71
79 71
79 11
79 21
11 21
11 43
11 22
43 22
64 43
64 75
64 66
75 66
75 88
75 72
88 72
88 33
88 19
33 19
33 23
33 40
23 40
23 64
23 90
64 90
93 43
93 46
93 70
46 70
46 2
46 100
2 100
2 24
2 76
24 76
24 54
24 10
54 10
54 93
54 57
93 57
53 43
53 52
53 38
52 38
52 1
52 13
1 13
1 89
1 96
89 96
89 81
89 73
81 73
81 53
81 31
53 31
37 53
37 85
37 45
85 45
85 15
85 16
15 16
15 59
15 36
59 36
59 68
59 97
68 97
68 37
68 30
37 30
55 43
55 77
55 62
77 62
77 26
77 91
26 91
26 86
26 84
86 84
86 65
86 61
65 61
65 55
65 25
55 25
14 93
14 3
14 7
3 7
3 87
3 92
87 92
87 41
87 12
41 12
41 18
41 78
18 78
18 14
18 28
14 28
4 53
4 42
4 39
42 39
42 27
42 94
27 94
27 20
27 29
20 29
20 58
20 67
58 67
58 4
58 50
4 50
80 53
80 82
80 48
82 48
82 49
82 99
49 99
49 8
49 32
8 32
8 34
8 98
34 98
34 80
34 69
80 69
5 37
5 47
5 6
47 6
47 63
47 74
63 74
63 83
63 17
83 17
83 60
83 56
60 56
60 5
60 35
5 35
100 159
3 41
3 87
41 87
41 62
41 96
62 96
62 58
62 17
58 17
58 69
58 81
69 81
69 3
69 65
3 65
49 3
49 95
49 40
95 40
95 12
95 26
12 26
12 5
12 92
5 92
5 61
5 83
61 83
61 49
61 7
49 7
45 3
45 23
45 22
23 22
23 54
23 78
54 78
54 74
54 25
74 25
74 94
74 77
94 77
94 45
94 80
45 80
71 3
71 85
71 93
85 93
85 4
85 20
4 20
4 56
4 29
56 29
56 11
56 89
11 89
11 71
11 10
71 10
91 45
91 19
91 72
19 72
19 48
19 75
48 75
48 44
48 52
44 52
44 24
44 15
24 15
24 91
24 8
91 8
9 49
9 68
9 34
68 34
68 43
68 59
43 59
43 90
43 53
90 53
90 47
90 82
47 82
47 9
47 99
9 99
6 71
6 13
6 67
13 67
13 86
13 97
86 97
86 73
86 27
73 27
73 35
73 51
35 51
35 6
35 37
6 37
33 49
33 46
33 50
46 50
46 76
46 66
76 66
76 1
76 98
1 98
1 63
1 39
63 39
63 33
63 79
33 79
38 45
38 28
38 55
28 55
28 64
28 36
64 36
64 100
64 31
100 31
100 16
100 30
16 30
16 38
16 21
38 21
60 91
60 57
60 70
57 70
57 18
57 84
18 84
18 2
18 14
2 14
2 88
2 42
88 42
88 60
88 32
60 32
100 159
4 45
4 48
45 48
45 89
45 21
89 21
89 84
89 8
84 8
84 44
84 26
44 26
44 4
44 56
4 56
54 4
54 95
54 97
95 97
95 88
95 50
88 50
88 90
88 59
90 59
90 2
90 46
2 46
2 54
2 9
54 9
34 4
34 19
34 20
19 20
19 13
19 77
13 77
13 72
13 43
72 43
72 66
72 75
66 75
66 34
66 31
34 31
100 54
100 70
100 57
70 57
70 98
70 15
98 15
98 76
98 65
76 65
76 53
76 28
53 28
53 100
53 36
100 36
39 4
39 32
39 35
32 35
32 74
32 85
74 85
74 81
74 60
81 60
81 3
81 99
3 99
3 39
3 27
39 27
23 100
23 11
23 82
11 82
11 87
11 40
87 40
87 92
87 30
92 30
92 64
92 58
64 58
64 23
64 10
23 10
86 4
86 83
86 78
83 78
83 18
83 47
18 47
18 94
18 17
94 17
94 6
94 79
6 79
6 86
6 25
86 25
73 39
73 67
73 14
67 14
67 33
67 93
33 93
33 63
33 96
63 96
63 61
63 71
61 71
61 73
61 62
73 62
49 86
49 5
49 69
5 69
5 24
5 55
24 55
24 52
24 29
52 29
52 91
52 68
91 68
91 49
91 42
49 42
37 23
37 51
37 1
51 1
51 41
51 12
41 12
41 7
41 16
7 16
7 80
7 38
80 38
80 37
80 22
37 22
100 159
27 73
27 7
73 7
73 17
73 59
17 59
17 65
17 1
65 1
65 46
65 80
46 80
46 27
46 93
27 93
71 27
71 57
71 91
57 91
57 74
57 20
74 20
74 69
74 23
69 23
69 34
69 99
34 99
34 71
34 98
71 98
66 71
66 19
66 25
19 25
19 81
19 28
81 28
81 72
81 30
72 30
72 6
72 61
6 61
6 66
6 36
66 36
41 27
41 4
41 79
4 79
4 89
4 3
89 3
89 63
89 33
63 33
63 22
63 56
22 56
22 41
22 14
41 14
11 41
11 82
11 5
82 5
82 76
82 49
76 49
76 16
76 100
16 100
16 31
16 42
31 42
31 11
31 50
11 50
39 66
39 44
39 87
44 87
44 38
44 58
38 58
38 45
38 24
45 24
45 94
45 15
94 15
94 39
94 67
39 67
13 11
13 55
13 47
55 47
55 92
55 83
92 83
92 97
92 43
97 43
97 48
97 37
48 37
48 13
48 60
13 60
68 66
68 86
68 29
86 29
86 84
86 88
84 88
84 52
84 62
52 62
52 8
52 10
8 10
8 68
8 32
68 32
53 39
53 64
53 35
64 35
64 12
64 78
12 78
12 51
12 75
51 75
51 54
51 2
54 2
54 53
54 77
53 77
95 27
95 9
95 85
9 85
9 40
9 96
40 96
40 26
40 90
26 90
26 70
26 18
70 18
70 95
70 21
95 21
100 159
39 30
39 56
30 56
30 69
30 53
69 53
69 96
69 68
96 68
96 26
96 77
26 77
26 39
26 47
39 47
3 39
3 8
3 71
8 71
8 54
8 98
54 98
54 49
54 74
49 74
49 51
49 36
51 36
51 3
51 12
3 12
27 39
27 48
27 72
48 72
48 46
48 84
46 84
46 67
46 82
67 82
67 100
67 79
100 79
100 27
100 91
27 91
6 27
6 38
6 28
38 28
38 23
38 18
23 18
23 31
23 58
31 58
31 76
31 7
76 7
76 6
76 4
6 4
35 27
35 33
35 65
33 65
33 22
33 42
22 42
22 45
22 19
45 19
45 34
45 40
34 40
34 35
34 73
35 73
11 35
11 13
11 87
13 87
13 50
13 9
50 9
50 29
50 93
29 93
29 60
29 44
60 44
60 11
60 2
11 2
10 35
10 57
10 15
57 15
57 90
57 20
90 20
90 89
90 37
89 37
89 59
89 25
59 25
59 10
59 86
10 86
83 3
83 1
83 95
1 95
1 80
1 97
80 97
80 81
80 88
81 88
81 43
81 5
43 5
43 83
43 55
83 55
17 39
17 41
17 70
41 70
41 64
41 61
64 61
64 24
64 52
24 52
24 14
24 99
14 99
14 17
14 32
17 32
63 17
63 94
63 75
94 75
94 92
94 21
92 21
92 62
92 16
62 16
62 78
62 85
78 85
78 63
78 66
63 66
100 159
73 24
73 42
24 42
24 53
24 9
53 9
53 4
53 10
4 10
4 16
4 71
16 71
16 73
16 1
73 1
78 73
78 51
78 22
51 22
51 26
51 27
26 27
26 98
26 18
98 18
98 32
98 68
32 68
32 78
32 81
78 81
56 73
56 86
56 3
86 3
86 91
86 29
91 29
91 58
91 33
58 33
58 5
58 61
5 61
5 56
5 43
56 43
92 73
92 87
92 88
87 88
87 82
87 15
82 15
82 97
82 44
97 44
97 12
97 23
12 23
12 92
12 93
92 93
37 73
37 79
37 54
79 54
79 13
79 77
13 77
13 83
13 96
83 96
83 65
83 7
65 7
65 37
65 20
37 20
63 56
63 75
63 72
75 72
75 46
75 76
46 76
46 36
46 59
36 59
36 40
36 90
40 90
40 63
40 31
63 31
6 56
6 84
6 57
84 57
84 70
84 62
70 62
70 94
70 8
94 8
94 52
94 25
52 25
52 6
52 30
6 30
55 37
55 28
55 17
28 17
28 47
28 95
47 95
47 41
47 49
41 49
41 89
41 66
89 66
89 55
89 45
55 45
64 63
64 50
64 21
50 21
50 35
50 60
35 60
35 39
35 69
39 69
39 67
39 34
67 34
67 64
67 19
64 19
99 92
99 100
99 14
100 14
100 2
100 48
2 48
2 38
2 85
38 85
38 11
38 80
11 80
11 99
11 74
99 74
100 159
54 83
54 14
83 14
83 82
83 15
82 15
82 37
82 29
37 29
37 76
37 81
76 81
76 54
76 5
54 5
42 54
42 68
42 89
68 89
68 19
68 66
19 66
19 34
19 77
34 77
34 31
34 74
31 74
31 42
31 91
42 91
70 42
70 80
70 12
80 12
80 38
80 69
38 69
38 62
38 93
62 93
62 18
62 36
18 36
18 70
18 84
70 84
32 70
32 45
32 50
45 50
45 6
45 61
6 61
6 95
6 10
95 10
95 28
95 9
28 9
28 32
28 43
32 43
64 54
64 8
64 59
8 59
8 44
8 55
44 55
44 21
44 52
21 52
21 57
21 22
57 22
57 64
57 75
64 75
20 64
20 3
20 11
3 11
3 96
3 48
96 48
96 30
96 97
30 97
30 63
30 65
63 65
63 20
63 13
20 13
86 32
86 73
86 25
73 25
73 85
73 1
85 1
85 4
85 40
4 40
4 99
4 46
99 46
99 86
99 60
86 60
39 20
39 23
39 87
23 87
23 71
23 78
71 78
71 53
71 67
53 67
53 56
53 58
56 58
56 39
56 41
39 41
49 70
49 51
49 17
51 17
51 24
51 26
24 26
24 90
24 72
90 72
90 16
90 94
16 94
16 49
16 79
49 79
100 54
100 98
100 27
98 27
98 92
98 7
92 7
92 47
92 88
47 88
47 35
47 2
35 2
35 100
35 33
100 33
100 159
53 20
53 46
20 46
20 24
20 97
24 97
24 22
24 21
22 21
22 29
22 28
29 28
29 53
29 36
53 36
78 53
78 88
78 30
88 30
88 4
88 50
4 50
4 58
4 100
58 100
58 10
58 66
10 66
10 78
10 32
78 32
92 78
92 65
92 41
65 41
65 7
65 64
7 64
7 38
7 80
38 80
38 61
38 31
61 31
61 92
61 33
92 33
44 78
44 56
44 87
56 87
56 52
56 62
52 62
52 34
52 26
34 26
34 74
34 54
74 54
74 44
74 43
44 43
94 78
94 16
94 48
16 48
16 73
16 18
73 18
73 15
73 86
15 86
15 45
15 67
45 67
45 94
45 55
94 55
75 53
75 84
75 49
84 49
84 72
84 3
72 3
72 99
72 42
99 42
99 12
99 23
12 23
12 75
12 57
75 57
69 78
69 9
69 35
9 35
9 19
9 17
19 17
19 68
19 63
68 63
68 95
68 25
95 25
95 69
95 27
69 27
13 69
13 96
13 51
96 51
96 11
96 40
11 40
11 14
11 85
14 85
14 47
14 5
47 5
47 13
47 37
13 37
39 53
39 91
39 1
91 1
91 71
91 59
71 59
71 60
71 83
60 83
60 82
60 81
82 81
82 39
82 6
39 6
8 69
8 70
8 93
70 93
70 90
70 79
90 79
90 76
90 77
76 77
76 2
76 98
2 98
2 8
2 89
8 89
100 159
56 85
56 40
85 40
85 25
85 45
25 45
25 94
25 54
94 54
94 14
94 81
14 81
14 56
14 12
56 12
15 56
15 24
15 88
24 88
24 49
24 93
49 93
49 96
49 86
96 86
96 90
96 70
90 70
90 15
90 69
15 69
19 15
19 99
19 32
99 32
99 66
99 67
66 67
66 27
66 43
27 43
27 26
27 6
26 6
26 19
26 92
19 92
7 19
7 37
7 57
37 57
37 59
37 95
59 95
59 18
59 47
18 47
18 65
18 10
65 10
65 7
65 2
7 2
48 7
48 75
48 35
75 35
75 71
75 22
71 22
71 60
71 17
60 17
60 28
60 50
28 50
28 48
28 53
48 53
82 48
82 89
82 73
89 73
89 38
89 5
38 5
38 36
38 46
36 46
36 52
36 72
52 72
52 82
52 76
82 76
84 19
84 8
84 61
8 61
8 97
8 74
97 74
97 64
97 41
64 41
64 62
64 4
62 4
62 84
62 78
84 78
44 56
44 42
44 33
42 33
42 20
42 1
20 1
20 13
20 39
13 39
13 29
13 23
29 23
29 44
29 98
44 98
21 82
21 63
21 11
63 11
63 51
63 80
51 80
51 31
51 83
31 83
31 87
31 34
87 34
87 21
87 30
21 30
9 48
9 79
9 91
79 91
79 77
79 3
77 3
77 68
77 100
68 100
68 55
68 58
55 58
55 9
55 16
9 16
100 159
74 15
74 31
15 31
15 85
15 39
85 39
85 72
85 7
72 7
72 99
72 93
99 93
99 74
99 59
74 59
86 74
86 56
86 91
56 91
56 46
56 52
46 52
46 79
46 45
79 45
79 70
79 100
70 100
70 86
70 84
86 84
67 86
67 87
67 90
87 90
87 75
87 8
75 8
75 54
75 96
54 96
54 63
54 37
63 37
63 67
63 49
67 49
55 86
55 34
55 40
34 40
34 68
34 41
68 41
68 51
68 82
51 82
51 33
51 32
33 32
33 55
33 20
55 20
4 86
4 73
4 23
73 23
73 9
73 97
9 97
9 17
9 13
17 13
17 71
17 28
71 28
71 4
71 3
4 3
29 86
29 65
29 69
65 69
65 92
65 48
92 48
92 95
92 64
95 64
95 16
95 66
16 66
16 29
16 1
29 1
88 29
88 2
88 6
2 6
2 77
2 43
77 43
77 50
77 18
50 18
50 30
50 89
30 89
30 88
30 62
88 62
80 4
80 35
80 47
35 47
35 76
35 98
76 98
76 24
76 22
24 22
24 38
24 42
38 42
38 80
38 44
80 44
25 4
25 83
25 19
83 19
83 5
83 61
5 61
5 81
5 94
81 94
81 11
81 36
11 36
11 25
11 21
25 21
58 80
58 53
58 26
53 26
53 60
53 78
60 78
60 12
60 14
12 14
12 57
12 10
57 10
57 58
57 27
58 27
100 159
78 6
78 73
6 73
6 62
6 43
62 43
62 90
62 32
90 32
90 11
90 53
11 53
11 78
11 89
78 89
13 78
13 28
13 82
28 82
28 51
28 91
51 91
51 21
51 35
21 35
21 50
21 98
50 98
50 13
50 84
13 84
14 13
14 18
14 88
18 88
18 24
18 92
24 92
24 59
24 93
59 93
59 74
59 58
74 58
74 14
74 10
14 10
61 14
61 55
61 52
55 52
55 86
55 99
86 99
86 5
86 85
5 85
5 67
5 27
67 27
67 61
67 64
61 64
17 78
17 2
17 29
2 29
2 97
2 70
97 70
97 65
97 68
65 68
65 7
65 31
7 31
7 17
7 23
17 23
41 61
41 37
41 66
37 66
37 57
37 48
57 48
57 16
57 77
16 77
16 1
16 26
1 26
1 41
1 34
41 34
20 41
20 95
20 72
95 72
95 75
95 36
75 36
75 56
75 15
56 15
56 19
56 76
19 76
19 20
19 22
20 22
45 20
45 71
45 80
71 80
71 79
71 100
79 100
79 46
79 9
46 9
46 54
46 30
54 30
54 45
54 33
45 33
87 13
87 38
87 39
38 39
38 94
38 69
94 69
94 44
94 60
44 60
44 49
44 40
49 40
49 87
49 42
87 42
81 17
81 3
81 8
3 8
3 96
3 63
96 63
96 25
96 83
25 83
25 4
25 47
4 47
4 81
4 12
81 12
100 159
24 51
24 7
51 7
51 11
51 26
11 26
11 55
11 29
55 29
55 40
55 39
40 39
40 24
40 75
24 75
52 24
52 96
52 74
96 74
96 14
96 31
14 31
14 89
14 70
89 70
89 49
89 10
49 10
49 52
49 80
52 80
36 52
36 45
36 50
45 50
45 91
45 54
91 54
91 30
91 21
30 21
30 5
30 35
5 35
5 36
5 48
36 48
46 36
46 65
46 59
65 59
65 23
65 9
23 9
23 83
23 85
83 85
83 73
83 32
73 32
73 46
73 56
46 56
6 52
6 2
6 20
2 20
2 79
2 81
79 81
79 100
79 53
100 53
100 41
100 84
41 84
41 6
41 76
6 76
77 24
77 37
77 72
37 72
37 78
37 44
78 44
78 15
78 99
15 99
15 64
15 47
64 47
64 77
64 17
77 17
8 24
8 25
8 58
25 58
25 93
25 86
93 86
93 16
93 87
16 87
16 95
16 18
95 18
95 8
95 94
8 94
4 8
4 22
4 90
22 90
22 13
22 66
13 66
13 98
13 57
98 57
98 1
98 69
1 69
1 4
1 42
4 42
61 77
61 34
61 43
34 43
34 3
34 62
3 62
3 88
3 12
88 12
88 28
88 27
28 27
28 61
28 19
61 19
71 61
71 38
71 82
38 82
38 60
38 97
60 97
60 92
60 33
92 33
92 68
92 67
68 67
68 71
68 63
71 63
100 159
37 48
37 36
48 36
48 50
48 89
50 89
50 71
50 26
71 26
71 91
71 56
91 56
91 37
91 40
37 40
62 37
62 87
62 15
87 15
87 4
87 79
4 79
4 66
4 100
66 100
66 9
66 52
9 52
9 62
9 11
62 11
22 37
22 20
22 57
20 57
20 35
20 41
35 41
35 68
35 61
68 61
68 2
68 43
2 43
2 22
2 97
22 97
13 37
13 5
13 96
5 96
5 76
5 16
76 16
76 72
76 31
72 31
72 98
72 94
98 94
98 13
98 7
13 7
45 62
45 10
45 69
10 69
10 92
10 6
92 6
92 78
92 19
78 19
78 44
78 90
44 90
44 45
44 84
45 84
80 22
80 65
80 23
65 23
65 58
65 47
58 47
58 75
58 28
75 28
75 42
75 74
42 74
42 80
42 8
80 8
73 45
73 49
73 21
49 21
49 17
49 83
17 83
17 27
17 85
27 85
27 55
27 1
55 1
55 73
55 24
73 24
14 62
14 3
14 67
3 67
3 39
3 25
39 25
39 38
39 18
38 18
38 64
38 60
64 60
64 14
64 77
14 77
51 13
51 93
51 29
93 29
93 30
93 12
30 12
30 59
30 54
59 54
59 63
59 81
63 81
63 51
63 33
51 33
46 45
46 99
46 82
99 82
99 88
99 95
88 95
88 53
88 32
53 32
53 86
53 34
86 34
86 46
86 70
46 70
100 159
31 88
31 2
88 2
88 93
88 24
93 24
93 81
93 49
81 49
81 96
81 29
96 29
96 31
96 20
31 20
38 31
38 89
38 98
89 98
89 94
89 36
94 36
94 46
94 16
46 16
46 85
46 39
85 39
85 38
85 78
38 78
35 31
35 72
35 92
72 92
72 42
72 28
42 28
42 13
42 14
13 14
13 60
13 8
60 8
60 35
60 9
35 9
40 35
40 27
40 100
27 100
27 62
27 64
62 64
62 26
62 95
26 95
26 44
26 73
44 73
44 40
44 90
40 90
37 35
37 65
37 74
65 74
65 54
65 19
54 19
54 77
54 1
77 1
77 71
77 66
71 66
71 37
71 52
37 52
23 31
23 15
23 5
15 5
15 22
15 61
22 61
22 51
22 53
51 53
51 25
51 87
25 87
25 23
25 3
23 3
84 31
84 86
84 55
86 55
86 70
86 63
70 63
70 7
70 4
7 4
7 83
7 50
83 50
83 84
83 82
84 82
45 37
45 32
45 69
32 69
32 91
32 57
91 57
91 79
91 6
79 6
79 33
79 56
33 56
33 45
33 47
45 47
30 38
30 10
30 11
10 11
10 75
10 99
75 99
75 12
75 41
12 41
12 67
12 17
67 17
67 30
67 43
30 43
80 84
80 21
80 48
21 48
21 59
21 34
59 34
59 97
59 58
97 58
97 68
97 18
68 18
68 80
68 76
80 76
100 159
41 100
41 28
100 28
100 29
100 98
29 98
29 35
29 7
35 7
35 75
35 83
75 83
75 41
75 46
41 46
2 41
2 21
2 52
21 52
21 49
21 36
49 36
49 55
49 34
55 34
55 88
55 47
88 47
88 2
88 54
2 54
82 2
82 65
82 15
65 15
65 26
65 3
26 3
26 97
26 32
97 32
97 57
97 91
57 91
57 82
57 85
82 85
99 82
99 53
99 40
53 40
53 33
53 48
33 48
33 10
33 6
10 6
10 51
10 14
51 14
51 99
51 16
99 16
64 2
64 79
64 19
79 19
79 23
79 58
23 58
23 17
23 50
17 50
17 92
17 38
92 38
92 64
92 67
64 67
66 99
66 95
66 69
95 69
95 80
95 93
80 93
80 43
80 25
43 25
43 76
43 39
76 39
76 66
76 94
66 94
9 41
9 45
9 70
45 70
45 74
45 8
74 8
74 31
74 60
31 60
31 61
31 78
61 78
61 9
61 42
9 42
62 64
62 81
62 96
81 96
81 71
81 63
71 63
71 84
71 20
84 20
84 89
84 27
89 27
89 62
89 68
62 68
87 82
87 72
87 13
72 13
72 56
72 12
56 12
56 44
56 59
44 59
44 4
44 37
4 37
4 87
4 22
87 22
24 2
24 77
24 1
77 1
77 5
77 30
5 30
5 18
5 11
18 11
18 86
18 90
86 90
86 24
86 73
24 73
100 159
34 67
34 3
67 3
67 85
67 96
85 96
85 57
85 80
57 80
57 46
57 55
46 55
46 34
46 79
34 79
36 34
36 47
36 68
47 68
47 64
47 20
64 20
64 38
64 84
38 84
38 77
38 28
77 28
77 36
77 10
36 10
71 34
71 97
71 17
97 17
97 52
97 43
52 43
52 26
52 16
26 16
26 60
26 44
60 44
60 71
60 86
71 86
6 34
6 31
6 1
31 1
31 13
31 11
13 11
13 19
13 40
19 40
19 32
19 59
32 59
32 6
32 39
6 39
89 6
89 99
89 70
99 70
99 81
99 62
81 62
81 50
81 2
50 2
50 82
50 87
82 87
82 89
82 61
89 61
27 34
27 25
27 69
25 69
25 45
25 51
45 51
45 24
45 58
24 58
24 9
24 8
9 8
9 27
9 72
27 72
91 27
91 7
91 100
7 100
7 12
7 48
12 48
12 93
12 15
93 15
93 22
93 73
22 73
22 91
22 74
91 74
56 6
56 78
56 63
78 63
78 35
78 49
35 49
35 76
35 21
76 21
76 66
76 83
66 83
66 56
66 54
56 54
65 56
65 14
65 37
14 37
14 41
14 18
41 18
41 30
41 29
30 29
30 33
30 53
33 53
33 65
33 75
65 75
23 89
23 94
23 5
94 5
94 42
94 90
42 90
42 4
42 98
4 98
4 88
4 92
88 92
88 23
88 95
23 95
100 159
8 76
8 16
76 16
76 100
76 54
100 54
100 32
100 69
32 69
32 91
32 70
91 70
91 8
91 80
8 80
38 8
38 68
38 28
68 28
68 45
68 41
45 41
45 65
45 74
65 74
65 10
65 6
10 6
10 38
10 71
38 71
36 8
36 52
36 33
52 33
52 79
52 62
79 62
79 31
79 35
31 35
31 43
31 86
43 86
43 36
43 75
36 75
83 8
83 50
83 61
50 61
50 26
50 89
26 89
26 82
26 34
82 34
82 13
82 27
13 27
13 83
13 97
83 97
12 38
12 51
12 59
51 59
51 55
51 9
55 9
55 47
55 94
47 94
47 58
47 56
58 56
58 12
58 22
12 22
3 38
3 63
3 92
63 92
63 17
63 24
17 24
17 96
17 20
96 20
96 88
96 85
88 85
88 3
88 42
3 42
60 38
60 4
60 66
4 66
4 77
4 99
77 99
77 5
77 19
5 19
5 46
5 98
46 98
46 60
46 87
60 87
67 8
67 49
67 2
49 2
49 73
49 64
73 64
73 39
73 53
39 53
39 1
39 40
1 40
1 67
1 84
67 84
30 67
30 78
30 72
78 72
78 25
78 48
25 48
25 57
25 81
57 81
57 44
57 90
44 90
44 30
44 15
30 15
95 38
95 7
95 11
7 11
7 37
7 21
37 21
37 23
37 93
23 93
23 18
23 14
18 14
18 95
18 29
95 29
100 159
15 59
15 57
59 57
59 65
59 70
65 70
65 34
65 40
34 40
34 90
34 56
90 56
90 15
90 82
15 82
30 15
30 58
30 32
58 32
58 64
58 11
64 11
64 1
64 79
1 79
1 51
1 99
51 99
51 30
51 96
30 96
43 30
43 9
43 35
9 35
9 85
9 19
85 19
85 12
85 100
12 100
12 6
12 2
6 2
6 43
6 36
43 36
26 43
26 8
26 54
8 54
8 31
8 67
31 67
31 3
31 78
3 78
3 86
3 7
86 7
86 26
86 46
26 46
4 26
4 68
4 95
68 95
68 17
68 22
17 22
17 44
17 72
44 72
44 18
44 24
18 24
18 4
18 37
4 37
74 30
74 27
74 48
27 48
27 62
27 53
62 53
62 5
62 84
5 84
5 55
5 47
55 47
55 74
55 83
74 83
28 43
28 89
28 71
89 71
89 91
89 33
91 33
91 75
91 66
75 66
75 21
75 50
21 50
21 28
21 98
28 98
29 15
29 77
29 93
77 93
77 14
77 38
14 38
14 25
14 49
25 49
25 45
25 73
45 73
45 29
45 76
29 76
61 26
61 41
61 60
41 60
41 80
41 81
80 81
80 39
80 13
39 13
39 69
39 42
69 42
69 61
69 97
61 97
88 74
88 94
88 20
94 20
94 92
94 23
92 23
92 87
92 63
87 63
87 10
87 52
10 52
10 88
10 16
88 16
100 159
62 15
62 11
15 11
15 67
15 36
67 36
67 72
67 13
72 13
72 9
72 45
9 45
9 62
9 60
62 60
94 62
94 37
94 85
37 85
37 34
37 65
34 65
34 2
34 66
2 66
2 80
2 42
80 42
80 94
80 33
94 33
35 94
35 79
35 19
79 19
79 96
79 57
96 57
96 93
96 28
93 28
93 53
93 78
53 78
53 35
53 38
35 38
30 35
30 54
30 63
54 63
54 71
54 64
71 64
71 75
71 27
75 27
75 29
75 23
29 23
29 30
29 56
30 56
31 30
31 89
31 81
89 81
89 3
89 50
3 50
3 90
3 55
90 55
90 91
90 47
91 47
91 31
91 82
31 82
10 35
10 84
10 98
84 98
84 25
84 4
25 4
25 43
25 46
43 46
43 1
43 88
1 88
1 10
1 70
10 70
24 31
24 44
24 87
44 87
44 8
44 99
8 99
8 40
8 100
40 100
40 16
40 20
16 20
16 24
16 73
24 73
21 24
21 83
21 32
83 32
83 39
83 51
39 51
39 48
39 77
48 77
48 22
48 41
22 41
22 21
22 26
21 26
17 94
17 49
17 69
49 69
49 74
49 92
74 92
74 18
74 14
18 14
18 95
18 7
95 7
95 17
95 52
17 52
6 24
6 68
6 58
68 58
68 12
68 86
12 86
12 61
12 5
61 5
61 76
61 59
76 59
76 6
76 97
6 97
100 159
99 84
99 74
84 74
84 22
84 89
22 89
22 43
22 30
43 30
43 77
43 41
77 41
77 99
77 33
99 33
13 99
13 10
13 63
10 63
10 78
10 60
78 60
78 34
78 67
34 67
34 98
34 90
98 90
98 13
98 14
13 14
91 13
91 82
91 58
82 58
82 52
82 65
52 65
52 27
52 28
27 28
27 72
27 97
72 97
72 91
72 42
91 42
35 99
35 40
35 86
40 86
40 7
40 45
7 45
7 44
7 59
44 59
44 23
44 68
23 68
23 35
23 2
35 2
75 99
75 38
75 15
38 15
38 94
38 4
94 4
94 88
94 1
88 1
88 53
88 17
53 17
53 75
53 51
75 51
20 13
20 62
20 11
62 11
62 47
62 50
47 50
47 100
47 5
100 5
100 31
100 16
31 16
31 20
31 6
20 6
73 20
73 49
73 54
49 54
49 29
49 92
29 92
29 24
29 80
24 80
24 96
24 76
96 76
96 73
96 18
73 18
85 99
85 87
85 81
87 81
87 57
87 37
57 37
57 19
57 69
19 69
19 70
19 56
70 56
70 85
70 32
85 32
55 73
55 8
55 46
8 46
8 64
8 95
64 95
64 79
64 71
79 71
79 48
79 26
48 26
48 55
48 25
55 25
83 13
83 3
83 93
3 93
3 61
3 39
61 39
61 66
61 9
66 9
66 21
66 12
21 12
21 83
21 36
83 36
100 159
64 10
64 95
10 95
10 41
10 7
41 7
41 27
41 29
27 29
27 72
27 75
72 75
72 64
72 53
64 53
42 64
42 84
42 61
84 61
84 54
84 12
54 12
54 37
54 68
37 68
37 96
37 3
96 3
96 42
96 36
42 36
11 42
11 87
11 90
87 90
87 86
87 70
86 70
86 44
86 14
44 14
44 63
44 69
63 69
63 11
63 51
11 51
67 64
67 85
67 46
85 46
85 50
85 66
50 66
50 47
50 31
47 31
47 62
47 17
62 17
62 67
62 88
67 88
73 64
73 33
73 30
33 30
33 59
33 76
59 76
59 26
59 16
26 16
26 65
26 20
65 20
65 73
65 98
73 98
57 11
57 15
57 71
15 71
15 82
15 40
82 40
82 25
82 83
25 83
25 35
25 1
35 1
35 57
35 97
57 97
78 42
78 2
78 38
2 38
2 23
2 13
23 13
23 34
23 79
34 79
34 52
34 99
52 99
52 78
52 94
78 94
100 78
100 55
100 24
55 24
55 74
55 48
74 48
74 39
74 43
39 43
39 28
39 93
28 93
28 100
28 21
100 21
49 11
49 58
49 8
58 8
58 22
58 80
22 80
22 19
22 89
19 89
19 9
19 56
9 56
9 49
9 77
49 77
91 49
91 60
91 45
60 45
60 32
60 92
32 92
32 4
32 81
4 81
4 5
4 6
5 6
5 91
5 18
91 18
100 159
51 92
51 27
92 27
92 83
92 12
83 12
83 30
83 26
30 26
30 55
30 65
55 65
55 51
55 31
51 31
43 51
43 36
43 20
36 20
36 37
36 18
37 18
37 2
37 33
2 33
2 67
2 54
67 54
67 43
67 56
43 56
60 51
60 57
60 28
57 28
57 64
57 38
64 38
64 35
64 97
35 97
35 90
35 10
90 10
90 60
90 48
60 48
77 60
77 9
77 81
9 81
9 21
9 47
21 47
21 3
21 42
3 42
3 82
3 1
82 1
82 77
82 14
77 14
98 51
98 95
98 13
95 13
95 50
95 93
50 93
50 53
50 39
53 39
53 22
53 11
22 11
22 98
22 99
98 99
32 43
32 70
32 44
70 44
70 40
70 25
40 25
40 7
40 8
7 8
7 76
7 17
76 17
76 32
76 79
32 79
46 43
46 41
46 63
41 63
41 16
41 58
16 58
16 52
16 96
52 96
52 88
52 19
88 19
88 46
88 5
46 5
72 46
72 87
72 24
87 24
87 69
87 66
69 66
69 85
69 62
85 62
85 89
85 45
89 45
89 72
89 49
72 49
73 51
73 86
73 6
86 6
86 23
86 78
23 78
23 71
23 74
71 74
71 84
71 80
84 80
84 73
84 94
73 94
34 43
34 15
34 68
15 68
15 59
15 29
59 29
59 4
59 61
4 61
4 100
4 75
100 75
100 34
100 91
34 91
100 159
62 45
62 31
45 31
45 74
45 47
74 47
74 43
74 27
43 27
43 21
43 75
21 75
21 62
21 44
62 44
3 62
3 19
3 20
19 20
19 80
19 33
80 33
80 58
80 6
58 6
58 35
58 38
35 38
35 3
35 23
3 23
56 62
56 42
56 82
42 82
42 2
42 88
2 88
2 77
2 26
77 26
77 14
77 22
14 22
14 56
14 66
56 66
4 56
4 100
4 90
100 90
100 28
100 24
28 24
28 60
28 78
60 78
60 64
60 99
64 99
64 4
64 8
4 8
50 56
50 53
50 83
53 83
53 91
53 68
91 68
91 70
91 79
70 79
70 11
70 98
11 98
11 50
11 49
50 49
51 3
51 36
51 57
36 57
36 41
36 29
41 29
41 86
41 81
86 81
86 30
86 17
30 17
30 51
30 54
51 54
12 4
12 39
12 32
39 32
39 63
39 9
63 9
63 55
63 69
55 69
55 37
55 89
37 89
37 12
37 59
12 59
7 62
7 97
7 48
97 48
97 85
97 87
85 87
85 65
85 46
65 46
65 76
65 84
76 84
76 7
76 15
7 15
93 51
93 5
93 18
5 18
5 34
5 40
34 40
34 95
34 71
95 71
95 13
95 1
13 1
13 93
13 25
93 25
52 62
52 16
52 61
16 61
16 73
16 72
73 72
73 94
73 10
94 10
94 92
94 67
92 67
92 52
92 96
52 96
100 159
96 61
96 92
61 92
61 13
61 12
13 12
13 48
13 17
48 17
48 76
48 47
76 47
76 96
76 75
96 75
72 96
72 9
72 85
9 85
9 99
9 64
99 64
99 65
99 30
65 30
65 44
65 8
44 8
44 72
44 3
72 3
51 72
51 57
51 81
57 81
57 31
57 1
31 1
31 79
31 68
79 68
79 67
79 77
67 77
67 51
67 11
51 11
33 96
33 91
33 7
91 7
91 35
91 23
35 23
35 63
35 45
63 45
63 43
63 40
43 40
43 33
43 71
33 71
38 96
38 25
38 10
25 10
25 32
25 58
32 58
32 60
32 29
60 29
60 82
60 16
82 16
82 38
82 87
38 87
52 72
52 89
52 84
89 84
89 95
89 80
95 80
95 5
95 56
5 56
5 55
5 49
55 49
55 52
55 6
52 6
83 33
83 27
83 18
27 18
27 22
27 94
22 94
22 36
22 66
36 66
36 15
36 59
15 59
15 83
15 74
83 74
37 52
37 4
37 41
4 41
4 20
4 21
20 21
20 28
20 97
28 97
28 88
28 19
88 19
88 37
88 42
37 42
34 33
34 50
34 70
50 70
50 53
50 86
53 86
53 14
53 62
14 62
14 69
14 90
69 90
69 34
69 2
34 2
78 51
78 73
78 98
73 98
73 24
73 46
24 46
24 39
24 26
39 26
39 100
39 93
100 93
100 78
100 54
78 54
100 159
42 2
42 53
2 53
2 14
2 37
14 37
14 11
14 35
11 35
11 62
11 3
62 3
62 42
62 32
42 32
82 42
82 91
82 85
91 85
91 33
91 75
33 75
33 77
33 68
77 68
77 89
77 4
89 4
89 82
89 86
82 86
57 82
57 60
57 87
60 87
60 84
60 7
84 7
84 40
84 8
40 8
40 56
40 83
56 83
56 57
56 22
57 22
5 82
5 71
5 50
71 50
71 28
71 45
28 45
28 66
28 81
66 81
66 74
66 19
74 19
74 5
74 51
5 51
70 57
70 21
70 13
21 13
21 54
21 24
54 24
54 93
54 55
93 55
93 98
93 90
98 90
98 70
98 64
70 64
12 57
12 58
12 38
58 38
58 80
58 1
80 1
80 20
80 23
20 23
20 92
20 9
92 9
92 12
92 29
12 29
67 70
67 88
67 27
88 27
88 63
88 73
63 73
63 79
63 17
79 17
79 18
79 78
18 78
18 67
18 15
67 15
44 82
44 34
44 16
34 16
34 100
34 41
100 41
100 36
100 97
36 97
36 99
36 52
99 52
99 44
99 30
44 30
6 82
6 76
6 10
76 10
76 65
76 47
65 47
65 69
65 39
69 39
69 94
69 95
94 95
94 6
94 31
6 31
49 42
49 72
49 26
72 26
72 48
72 61
48 61
48 96
48 59
96 59
96 25
96 46
25 46
25 49
25 43
49 43
100 159
68 63
68 91
63 91
63 35
63 67
35 67
35 71
35 18
71 18
71 30
71 6
30 6
30 68
30 44
68 44
84 68
84 21
84 32
21 32
21 41
21 81
41 81
41 7
41 52
7 52
7 53
7 39
53 39
53 84
53 87
84 87
5 68
5 88
5 16
88 16
88 48
88 93
48 93
48 17
48 77
17 77
17 23
17 50
23 50
23 5
23 69
5 69
86 5
86 12
86 33
12 33
12 51
12 22
51 22
51 15
51 58
15 58
15 1
15 82
1 82
1 86
1 92
86 92
11 86
11 54
11 75
54 75
54 40
54 76
40 76
40 2
40 83
2 83
2 62
2 29
62 29
62 11
62 19
11 19
56 11
56 26
56 47
26 47
26 10
26 72
10 72
10 89
10 85
89 85
89 24
89 49
24 49
24 56
24 80
56 80
34 11
34 100
34 36
100 36
100 31
100 96
31 96
31 42
31 94
42 94
42 98
42 57
98 57
98 34
98 8
34 8
3 34
3 46
3 9
46 9
46 64
46 78
64 78
64 61
64 90
61 90
61 66
61 43
66 43
66 3
66 14
3 14
20 68
20 13
20 95
13 95
13 45
13 37
45 37
45 99
45 73
99 73
99 28
99 70
28 70
28 20
28 59
20 59
60 68
60 65
60 27
65 27
65 4
65 97
4 97
4 79
4 38
79 38
79 25
79 74
25 74
25 60
25 55
60 55
100 159
54 69
54 2
69 2
69 79
69 22
79 22
79 41
79 10
41 10
41 99
41 50
99 50
99 54
99 93
54 93
43 54
43 96
43 17
96 17
96 31
96 7
31 7
31 45
31 28
45 28
45 60
45 82
60 82
60 43
60 19
43 19
74 43
74 5
74 62
5 62
5 87
5 4
87 4
87 9
87 23
9 23
9 51
9 20
51 20
51 74
51 8
74 8
15 54
15 55
15 21
55 21
55 72
55 36
72 36
72 47
72 12
47 12
47 35
47 24
35 24
35 15
35 39
15 39
46 54
46 48
46 30
48 30
48 90
48 38
90 38
90 58
90 61
58 61
58 59
58 66
59 66
59 46
59 26
46 26
83 43
83 98
83 42
98 42
98 94
98 70
94 70
94 86
94 29
86 29
86 65
86 14
65 14
65 83
65 52
83 52
27 43
27 56
27 16
56 16
56 80
56 76
80 76
80 88
80 44
88 44
88 13
88 34
13 34
13 27
13 3
27 3
100 46
100 91
100 84
91 84
91 78
91 77
78 77
78 85
78 92
85 92
85 73
85 67
73 67
73 100
73 89
100 89
6 54
6 1
6 97
1 97
1 40
1 25
40 25
40 81
40 64
81 64
81 33
81 57
33 57
33 6
33 37
6 37
32 27
32 53
32 95
53 95
53 63
53 11
63 11
63 49
63 18
49 18
49 68
49 75
68 75
68 32
68 71
32 71
100 159
32 25
32 98
25 98
25 31
25 82
31 82
31 37
31 21
37 21
37 99
37 63
99 63
99 32
99 73
32 73
26 32
26 53
26 7
53 7
53 100
53 20
100 20
100 78
100 18
78 18
78 45
78 72
45 72
45 26
45 44
26 44
68 26
68 62
68 59
62 59
62 50
62 22
50 22
50 14
50 12
14 12
14 15
14 48
15 48
15 68
15 95
68 95
38 26
38 84
38 34
84 34
84 89
84 57
89 57
89 88
89 75
88 75
88 27
88 43
27 43
27 38
27 51
38 51
64 26
64 54
64 92
54 92
54 76
54 19
76 19
76 60
76 6
60 6
60 74
60 80
74 80
74 64
74 85
64 85
55 64
55 97
55 49
97 49
97 1
97 3
1 3
1 10
1 40
10 40
10 65
10 79
65 79
65 55
65 24
55 24
96 55
96 94
96 2
94 2
94 46
94 87
46 87
46 52
46 81
52 81
52 67
52 86
67 86
67 96
67 83
96 83
70 68
70 47
70 77
47 77
47 58
47 30
58 30
58 4
58 9
4 9
4 8
4 28
8 28
8 70
8 69
70 69
41 68
41 90
41 93
90 93
90 61
90 66
61 66
61 56
61 33
56 33
56 16
56 91
16 91
16 41
16 42
41 42
71 55
71 39
71 17
39 17
39 13
39 11
13 11
13 29
13 23
29 23
29 36
29 5
36 5
36 71
36 35
71 35
100 159
22 61
22 51
61 51
61 25
61 6
25 6
25 44
25 90
44 90
44 49
44 17
49 17
49 22
49 66
22 66
26 22
26 89
26 83
89 83
89 69
89 30
69 30
69 62
69 41
62 41
62 20
62 50
20 50
20 26
20 12
26 12
65 26
65 80
65 63
80 63
80 91
80 95
91 95
91 53
91 82
53 82
53 85
53 23
85 23
85 65
85 36
65 36
8 22
8 52
8 92
52 92
52 45
52 79
45 79
45 32
45 19
32 19
32 10
32 3
10 3
10 8
10 4
8 4
68 65
68 54
68 15
54 15
54 31
54 75
31 75
31 70
31 81
70 81
70 60
70 33
60 33
60 68
60 11
68 11
55 26
55 58
55 21
58 21
58 37
58 38
37 38
37 46
37 24
46 24
46 74
46 29
74 29
74 55
74 43
55 43
59 8
59 96
59 64
96 64
96 40
96 100
40 100
40 67
40 9
67 9
67 1
67 35
1 35
1 59
1 28
59 28
57 55
57 16
57 39
16 39
16 87
16 47
87 47
87 13
87 18
13 18
13 2
13 5
2 5
2 57
2 34
57 34
42 68
42 48
42 14
48 14
48 99
48 56
99 56
99 86
99 94
86 94
86 78
86 72
78 72
78 42
78 77
42 77
76 22
76 93
76 84
93 84
93 88
93 73
88 73
88 27
88 98
27 98
27 71
27 7
71 7
71 76
71 97
76 97
100 159
97 59
97 35
59 35
59 91
59 16
91 16
91 60
91 14
60 14
60 68
60 95
68 95
68 97
68 25
97 25
61 97
61 82
61 65
82 65
82 29
82 54
29 54
29 24
29 51
24 51
24 9
24 52
9 52
9 61
9 28
61 28
27 61
27 96
27 99
96 99
96 98
96 43
98 43
98 64
98 90
64 90
64 30
64 49
30 49
30 27
30 12
27 12
19 97
19 21
19 42
21 42
21 15
21 81
15 81
15 53
15 47
53 47
53 37
53 75
37 75
37 19
37 5
19 5
6 27
6 71
6 3
71 3
71 78
71 67
78 67
78 66
78 18
66 18
66 40
66 74
40 74
40 6
40 87
6 87
69 27
69 80
69 1
80 1
80 62
80 22
62 22
62 26
62 31
26 31
26 88
26 93
88 93
88 69
88 41
69 41
77 6
77 79
77 92
79 92
79 50
79 94
50 94
50 55
50 17
55 17
55 46
55 39
46 39
46 77
46 48
77 48
85 61
85 45
85 38
45 38
45 23
45 84
23 84
23 83
23 76
83 76
83 100
83 89
100 89
100 85
100 57
85 57
8 97
8 58
8 11
58 11
58 36
58 33
36 33
36 73
36 56
73 56
73 72
73 32
72 32
72 8
72 2
8 2
63 97
63 34
63 86
34 86
34 20
34 10
20 10
20 7
20 4
7 4
7 70
7 13
70 13
70 63
70 44
63 44
100 159
45 96
45 66
96 66
96 100
96 67
100 67
100 63
100 31
63 31
63 78
63 60
78 60
78 45
78 12
45 12
20 45
20 97
20 28
97 28
97 10
97 39
10 39
10 17
10 2
17 2
17 36
17 4
36 4
36 20
36 85
20 85
74 45
74 81
74 7
81 7
81 58
81 71
58 71
58 47
58 80
47 80
47 43
47 33
43 33
43 74
43 15
74 15
32 20
32 92
32 93
92 93
92 14
92 76
14 76
14 38
14 86
38 86
38 49
38 62
49 62
49 32
49 73
32 73
52 45
52 88
52 57
88 57
88 26
88 6
26 6
26 65
26 54
65 54
65 87
65 13
87 13
87 52
87 18
52 18
83 20
83 46
83 84
46 84
46 27
46 48
27 48
27 50
27 61
50 61
50 64
50 51
64 51
64 83
64 41
83 41
24 32
24 95
24 42
95 42
95 1
95 8
1 8
1 68
1 69
68 69
68 37
68 25
37 25
37 24
37 9
24 9
3 83
3 40
3 98
40 98
40 16
40 94
16 94
16 19
16 75
19 75
19 11
19 53
11 53
11 3
11 22
3 22
82 45
82 89
82 44
89 44
89 23
89 30
23 30
23 34
23 72
34 72
34 5
34 77
5 77
5 82
5 91
82 91
35 24
35 55
35 70
55 70
55 56
55 90
56 90
56 29
56 59
29 59
29 99
29 21
99 21
99 35
99 79
35 79
100 159
32 68
32 25
68 25
68 80
68 22
80 22
80 93
80 100
93 100
93 21
93 7
21 7
21 32
21 34
32 34
69 32
69 19
69 94
19 94
19 53
19 39
53 39
53 50
53 13
50 13
50 72
50 30
72 30
72 69
72 57
69 57
27 32
27 5
27 43
5 43
5 98
5 18
98 18
98 1
98 45
1 45
1 87
1 15
87 15
87 27
87 88
27 88
3 69
3 9
3 48
9 48
9 44
9 76
44 76
44 28
44 60
28 60
28 92
28 86
92 86
92 3
92 6
3 6
20 3
20 8
20 31
8 31
8 71
8 2
71 2
71 58
71 64
58 64
58 78
58 74
78 74
78 20
78 16
20 16
29 3
29 66
29 40
66 40
66 54
66 23
54 23
54 67
54 47
67 47
67 51
67 61
51 61
51 29
51 97
29 97
41 27
41 73
41 17
73 17
73 10
73 81
10 81
10 79
10 24
79 24
79 77
79 62
77 62
77 41
77 49
41 49
38 27
38 56
38 63
56 63
56 89
56 84
89 84
89 90
89 55
90 55
90 85
90 11
85 11
85 38
85 96
38 96
46 20
46 95
46 75
95 75
95 70
95 82
70 82
70 42
70 52
42 52
42 83
42 59
83 59
83 46
83 36
46 36
65 46
65 12
65 37
12 37
12 26
12 91
26 91
26 4
26 33
4 33
4 14
4 99
14 99
14 65
14 35
65 35
100 159
5 87
5 83
87 83
87 92
87 58
92 58
92 97
92 94
97 94
97 98
97 84
98 84
98 5
98 61
5 61
24 5
24 10
24 73
10 73
10 47
10 42
47 42
47 20
47 11
20 11
20 21
20 37
21 37
21 24
21 22
24 22
43 24
43 55
43 77
55 77
55 14
55 34
14 34
14 79
14 8
79 8
79 25
79 39
25 39
25 43
25 13
43 13
56 43
56 63
56 28
63 28
63 57
63 89
57 89
57 16
57 64
16 64
16 59
16 66
59 66
59 56
59 69
56 69
51 43
51 72
51 52
72 52
72 71
72 19
71 19
71 53
71 60
53 60
53 9
53 1
9 1
9 51
9 100
51 100
46 5
46 54
46 31
54 31
54 44
54 38
44 38
44 81
44 91
81 91
81 4
81 40
4 40
4 46
4 33
46 33
36 24
36 12
36 17
12 17
12 50
12 88
50 88
50 48
50 75
48 75
48 86
48 96
86 96
86 36
86 23
36 23
49 36
49 30
49 7
30 7
30 6
30 99
6 99
6 27
6 80
27 80
27 18
27 45
18 45
18 49
18 62
49 62
85 56
85 15
85 68
15 68
15 67
15 90
67 90
67 95
67 26
95 26
95 76
95 65
76 65
76 85
76 29
85 29
41 46
41 74
41 35
74 35
74 32
74 70
32 70
32 78
32 3
78 3
78 93
78 82
93 82
93 41
93 2
41 2
100 159
81 73
81 14
73 14
73 31
73 65
31 65
31 46
31 37
46 37
46 95
46 13
95 13
95 81
95 3
81 3
84 81
84 99
84 98
99 98
99 22
99 71
22 71
22 20
22 33
20 33
20 69
20 85
69 85
69 84
69 80
84 80
48 84
48 70
48 15
70 15
70 54
70 12
54 12
54 32
54 78
32 78
32 40
32 11
40 11
40 48
40 79
48 79
50 81
50 51
50 52
51 52
51 39
51 100
39 100
39 89
39 27
89 27
89 35
89 76
35 76
35 50
35 58
50 58
75 81
75 6
75 29
6 29
6 1
6 47
1 47
1 16
1 56
16 56
16 82
16 72
82 72
82 75
82 90
75 90
41 48
41 92
41 53
92 53
92 87
92 17
87 17
87 2
87 23
2 23
2 88
2 67
88 67
88 41
88 25
41 25
57 50
57 59
57 42
59 42
59 86
59 44
86 44
86 24
86 55
24 55
24 10
24 61
10 61
10 57
10 45
57 45
9 50
9 68
9 63
68 63
68 83
68 36
83 36
83 93
83 4
93 4
93 60
93 43
60 43
60 9
60 26
9 26
64 9
64 18
64 5
18 5
18 62
18 38
62 38
62 30
62 66
30 66
30 7
30 96
7 96
7 64
7 94
64 94
8 64
8 28
8 74
28 74
28 21
28 77
21 77
21 49
21 34
49 34
49 97
49 19
97 19
97 8
97 91
8 91
100 159
88 100
88 20
100 20
100 48
100 30
48 30
48 17
48 93
17 93
17 79
17 67
79 67
79 88
79 26
88 26
16 88
16 58
16 31
58 31
58 94
58 97
94 97
94 91
94 39
91 39
91 9
91 43
9 43
9 16
9 22
16 22
89 88
89 56
89 40
56 40
56 98
56 38
98 38
98 82
98 12
82 12
82 3
82 72
3 72
3 89
3 49
89 49
4 88
4 86
4 7
86 7
86 77
86 61
77 61
77 25
77 90
25 90
25 70
25 64
70 64
70 4
70 29
4 29
99 16
99 44
99 60
44 60
44 78
44 19
78 19
78 80
78 53
80 53
80 76
80 42
76 42
76 99
76 83
99 83
63 99
63 15
63 45
15 45
15 32
15 51
32 51
32 69
32 50
69 50
69 11
69 8
11 8
11 63
11 5
63 5
59 88
59 14
59 52
14 52
14 92
14 95
92 95
92 2
92 47
2 47
2 54
2 84
54 84
54 59
54 74
59 74
34 63
34 65
34 46
65 46
65 85
65 28
85 28
85 10
85 1
10 1
10 41
10 57
41 57
41 34
41 13
34 13
68 89
68 66
68 71
66 71
66 55
66 81
55 81
55 18
55 37
18 37
18 33
18 23
33 23
33 68
33 21
68 21
73 34
73 27
73 96
27 96
27 6
27 87
6 87
6 62
6 75
62 75
62 36
62 35
36 35
36 73
36 24
73 24
100 159
80 4
80 5
4 5
4 63
4 96
63 96
63 41
63 20
41 20
41 40
41 76
40 76
40 80
40 14
80 14
92 80
92 98
92 82
98 82
98 69
98 94
69 94
69 60
69 73
60 73
60 89
60 17
89 17
89 92
89 21
92 21
35 80
35 95
35 42
95 42
95 57
95 37
57 37
57 52
57 75
52 75
52 45
52 65
45 65
45 35
45 97
35 97
10 92
10 81
10 74
81 74
81 9
81 29
9 29
9 19
9 3
19 3
19 51
19 26
51 26
51 10
51 99
10 99
79 92
79 86
79 53
86 53
86 88
86 56
88 56
88 7
88 1
7 1
7 61
7 44
61 44
61 79
61 39
79 39
33 92
33 90
33 87
90 87
90 30
90 31
30 31
30 91
30 78
91 78
91 72
91 16
72 16
72 33
72 70
33 70
12 33
12 50
12 59
50 59
50 93
50 34
93 34
93 32
93 36
32 36
32 22
32 62
22 62
22 12
22 47
12 47
48 35
48 49
48 2
49 2
49 67
49 24
67 24
67 77
67 15
77 15
77 64
77 11
64 11
64 48
64 8
48 8
55 48
55 71
55 100
71 100
71 68
71 85
68 85
68 13
68 28
13 28
13 27
13 43
27 43
27 55
27 23
55 23
18 48
18 58
18 38
58 38
58 83
58 84
83 84
83 25
83 6
25 6
25 54
25 66
54 66
54 18
54 46
18 46
100 159
18 48
18 3
48 3
48 1
48 17
1 17
1 95
1 32
95 32
95 39
95 96
39 96
39 18
39 63
18 63
27 18
27 53
27 83
53 83
53 47
53 45
47 45
47 75
47 33
75 33
75 65
75 81
65 81
65 27
65 55
27 55
41 18
41 91
41 78
91 78
91 57
91 79
57 79
57 29
57 72
29 72
29 84
29 23
84 23
84 41
84 43
41 43
97 41
97 22
97 15
22 15
22 14
22 93
14 93
14 85
14 44
85 44
85 28
85 2
28 2
28 97
28 69
97 69
68 41
68 50
68 92
50 92
50 16
50 62
16 62
16 34
16 40
34 40
34 24
34 100
24 100
24 68
24 13
68 13
19 68
19 77
19 61
77 61
77 10
77 80
10 80
10 73
10 51
73 51
73 36
73 86
36 86
36 19
36 87
19 87
60 19
60 90
60 76
90 76
90 30
90 82
30 82
30 9
30 8
9 8
9 52
9 71
52 71
52 60
52 66
60 66
88 41
88 74
88 6
74 6
74 25
74 70
25 70
25 42
25 54
42 54
42 59
42 89
59 89
59 88
59 58
88 58
20 68
20 46
20 31
46 31
46 37
46 98
37 98
37 64
37 21
64 21
64 26
64 49
26 49
26 20
26 4
20 4
94 18
94 7
94 35
7 35
7 11
7 5
11 5
11 99
11 67
99 67
99 12
99 56
12 56
12 94
12 38
94 38
100 159
50 87
50 5
87 5
87 91
87 32
91 32
91 25
91 56
25 56
25 34
25 71
34 71
34 50
34 4
50 4
69 50
69 19
69 20
19 20
19 6
19 16
6 16
6 40
6 3
40 3
40 52
40 98
52 98
52 69
52 77
69 77
85 50
85 65
85 9
65 9
65 67
65 95
67 95
67 55
67 30
55 30
55 49
55 13
49 13
49 85
49 23
85 23
70 85
70 46
70 75
46 75
46 11
46 90
11 90
11 51
11 15
51 15
51 82
51 33
82 33
82 70
82 73
70 73
18 50
18 8
18 28
8 28
8 43
8 24
43 24
43 27
43 64
27 64
27 21
27 14
21 14
21 18
21 66
18 66
45 18
45 7
45 53
7 53
7 35
7 74
35 74
35 81
35 26
81 26
81 93
81 79
93 79
93 45
93 1
45 1
17 85
17 92
17 39
92 39
92 59
92 12
59 12
59 48
59 86
48 86
48 97
48 61
97 61
97 17
97 41
17 41
42 18
42 62
42 60
62 60
62 10
62 29
10 29
10 38
10 63
38 63
38 22
38 99
22 99
22 42
22 54
42 54
44 85
44 94
44 84
94 84
94 47
94 89
47 89
47 37
47 83
37 83
37 57
37 78
57 78
57 44
57 68
44 68
80 70
80 31
80 2
31 2
31 58
31 96
58 96
58 72
58 100
72 100
72 36
72 88
36 88
36 80
36 76
80 76
100 159
31 89
31 33
89 33
89 43
89 51
43 51
43 16
43 94
16 94
16 10
16 21
10 21
10 31
10 58
31 58
57 31
57 60
57 22
60 22
60 74
60 49
74 49
74 1
74 75
1 75
1 47
1 17
47 17
47 57
47 91
57 91
32 57
32 27
32 7
27 7
27 96
27 13
96 13
96 77
96 61
77 61
77 67
77 36
67 36
67 32
67 24
32 24
46 31
46 28
46 88
28 88
28 68
28 44
68 44
68 59
68 11
59 11
59 98
59 87
98 87
98 46
98 25
46 25
100 32
100 76
100 69
76 69
76 30
76 93
30 93
30 83
30 56
83 56
83 18
83 12
18 12
18 100
18 52
100 52
54 31
54 34
54 85
34 85
34 66
34 90
66 90
66 97
66 8
97 8
97 92
97 78
92 78
92 54
92 5
54 5
64 46
64 53
64 80
53 80
53 3
53 82
3 82
3 48
3 40
48 40
48 71
48 63
71 63
71 64
71 37
64 37
39 100
39 23
39 86
23 86
23 79
23 95
79 95
79 35
79 50
35 50
35 19
35 84
19 84
19 39
19 81
39 81
9 64
9 20
9 70
20 70
20 26
20 99
26 99
26 42
26 15
42 15
42 62
42 41
62 41
62 9
62 72
9 72
55 54
55 38
55 29
38 29
38 65
38 14
65 14
65 2
65 6
2 6
2 4
2 73
4 73
4 55
4 45
55 45
100 159
17 57
17 79
57 79
57 82
57 77
82 77
82 76
82 4
76 4
76 14
76 42
14 42
14 17
14 1
17 1
78 17
78 31
78 70
31 70
31 23
31 35
23 35
23 74
23 8
74 8
74 46
74 38
46 38
46 78
46 89
78 89
62 78
62 13
62 87
13 87
13 32
13 86
32 86
32 41
32 34
41 34
41 48
41 73
48 73
48 62
48 63
62 63
47 78
47 84
47 49
84 49
84 98
84 93
98 93
98 75
98 10
75 10
75 2
75 56
2 56
2 47
2 7
47 7
9 47
9 61
9 51
61 51
61 40
61 26
40 26
40 6
40 91
6 91
6 95
6 36
95 36
95 9
95 29
9 29
60 17
60 97
60 96
97 96
97 72
97 80
72 80
72 50
72 25
50 25
50 59
50 5
59 5
59 60
59 12
60 12
19 78
19 43
19 3
43 3
43 83
43 15
83 15
83 67
83 45
67 45
67 54
67 33
54 33
54 19
54 94
19 94
21 78
21 81
21 85
81 85
81 90
81 20
90 20
90 99
90 66
99 66
99 28
99 88
28 88
28 21
28 24
21 24
27 47
27 11
27 64
11 64
11 22
11 18
22 18
22 65
22 30
65 30
65 44
65 69
44 69
44 27
44 71
27 71
16 19
16 53
16 39
53 39
53 92
53 68
92 68
92 55
92 52
55 52
55 100
55 37
100 37
100 16
100 58
16 58
100 159
33 64
33 7
64 7
64 56
64 18
56 18
56 19
56 84
19 84
19 25
19 92
25 92
25 33
25 13
33 13
87 33
87 97
87 17
97 17
97 91
97 100
91 100
91 88
91 63
88 63
88 20
88 66
20 66
20 87
20 32
87 32
50 87
50 12
50 15
12 15
12 53
12 81
53 81
53 9
53 40
9 40
9 51
9 86
51 86
51 50
51 37
50 37
34 87
34 30
34 99
30 99
30 52
30 76
52 76
52 62
52 67
62 67
62 36
62 4
36 4
36 34
36 5
34 5
82 87
82 61
82 11
61 11
61 68
61 65
68 65
68 45
68 1
45 1
45 48
45 22
48 22
48 82
48 6
82 6
74 87
74 41
74 98
41 98
41 69
41 73
69 73
69 80
69 77
80 77
80 59
80 28
59 28
59 74
59 70
74 70
85 82
85 10
85 60
10 60
10 3
10 24
3 24
3 94
3 8
94 8
94 89
94 44
89 44
89 85
89 47
85 47
39 87
39 14
39 57
14 57
14 38
14 96
38 96
38 95
38 27
95 27
95 83
95 71
83 71
83 39
83 55
39 55
58 87
58 2
58 29
2 29
2 23
2 90
23 90
23 54
23 43
54 43
54 49
54 79
49 79
49 58
49 46
58 46
26 39
26 16
26 21
16 21
16 75
16 72
75 72
75 35
75 78
35 78
35 93
35 31
93 31
93 26
93 42
26 42
100 159
32 28
32 24
28 24
28 85
28 42
85 42
85 35
85 30
35 30
35 77
35 86
77 86
77 32
77 23
32 23
10 32
10 58
10 48
58 48
58 37
58 88
37 88
37 2
37 13
2 13
2 47
2 26
47 26
47 10
47 70
10 70
55 32
55 45
55 95
45 95
45 50
45 81
50 81
50 66
50 1
66 1
66 73
66 16
73 16
73 55
73 49
55 49
56 32
56 93
56 59
93 59
93 17
93 11
17 11
17 18
17 20
18 20
18 51
18 9
51 9
51 56
51 80
56 80
38 55
38 53
38 27
53 27
53 36
53 19
36 19
36 74
36 97
74 97
74 61
74 67
61 67
61 38
61 33
38 33
100 55
100 29
100 62
29 62
29 83
29 84
83 84
83 68
83 82
68 82
68 25
68 6
25 6
25 100
25 78
100 78
76 10
76 71
76 31
71 31
71 99
71 5
99 5
99 39
99 8
39 8
39 90
39 63
90 63
90 76
90 12
76 12
98 100
98 65
98 21
65 21
65 44
65 54
44 54
44 87
44 43
87 43
87 91
87 7
91 7
91 98
91 89
98 89
72 98
72 22
72 52
22 52
22 41
22 94
41 94
41 57
41 75
57 75
57 34
57 4
34 4
34 72
34 3
72 3
15 38
15 69
15 64
69 64
69 79
69 46
79 46
79 92
79 14
92 14
92 96
92 60
96 60
96 15
96 40
15 40
100 159
22 88
22 32
88 32
88 3
88 26
3 26
3 58
3 72
58 72
58 83
58 92
83 92
83 22
83 85
22 85
64 22
64 9
64 76
9 76
9 98
9 36
98 36
98 69
98 41
69 41
69 56
69 30
56 30
56 64
56 34
64 34
81 64
81 65
81 25
65 25
65 48
65 82
48 82
48 24
48 77
24 77
24 94
24 66
94 66
94 81
94 14
81 14
15 81
15 84
15 18
84 18
84 11
84 74
11 74
11 70
11 96
70 96
70 63
70 80
63 80
63 15
63 38
15 38
20 81
20 87
20 43
87 43
87 54
87 51
54 51
54 86
54 40
86 40
86 91
86 52
91 52
91 20
91 47
20 47
28 20
28 44
28 68
44 68
44 99
44 79
99 79
99 10
99 13
10 13
10 53
10 57
53 57
53 28
53 60
28 60
95 22
95 16
95 100
16 100
16 5
16 1
5 1
5 90
5 31
90 31
90 23
90 8
23 8
23 95
23 33
95 33
71 22
71 6
71 93
6 93
6 19
6 73
19 73
19 50
19 37
50 37
50 61
50 89
61 89
61 71
61 7
71 7
55 20
55 45
55 39
45 39
45 29
45 46
29 46
29 97
29 35
97 35
97 59
97 27
59 27
59 55
59 17
55 17
4 28
4 75
4 21
75 21
75 2
75 62
2 62
2 42
2 78
42 78
42 67
42 12
67 12
67 4
67 49
4 49
100 159
31 53
31 82
53 82
53 62
53 86
62 86
62 70
62 71
70 71
70 40
70 33
40 33
40 31
40 87
31 87
100 31
100 69
100 93
69 93
69 84
69 44
84 44
84 37
84 24
37 24
37 80
37 89
80 89
80 100
80 74
100 74
39 100
39 29
39 7
29 7
29 67
29 28
67 28
67 48
67 17
48 17
48 90
48 60
90 60
90 39
90 4
39 4
57 39
57 72
57 23
72 23
72 12
72 27
12 27
12 41
12 20
41 20
41 9
41 63
9 63
9 57
9 8
57 8
64 100
64 59
64 88
59 88
59 49
59 91
49 91
49 22
49 52
22 52
22 51
22 58
51 58
51 64
51 73
64 73
61 64
61 68
61 3
68 3
68 76
68 25
76 25
76 34
76 65
34 65
34 32
34 54
32 54
32 61
32 38
61 38
2 39
2 55
2 46
55 46
55 30
55 94
30 94
30 50
30 45
50 45
50 42
50 47
42 47
42 2
42 11
2 11
14 31
14 95
14 35
95 35
95 92
95 36
92 36
92 18
92 85
18 85
18 15
18 79
15 79
15 14
15 98
14 98
97 39
97 78
97 75
78 75
78 66
78 19
66 19
66 99
66 77
99 77
99 10
99 16
10 16
10 97
10 26
97 26
81 64
81 5
81 21
5 21
5 56
5 96
56 96
56 13
56 1
13 1
13 6
13 83
6 83
6 81
6 43
81 43
100 159
77 53
77 2
53 2
53 57
53 15
57 15
57 37
57 75
37 75
37 39
37 79
39 79
39 77
39 30
77 30
96 77
96 83
96 78
83 78
83 61
83 4
61 4
61 45
61 49
45 49
45 48
45 65
48 65
48 96
48 80
96 80
62 77
62 44
62 1
44 1
44 16
44 63
16 63
16 88
16 12
88 12
88 47
88 22
47 22
47 62
47 31
62 31
24 62
24 94
24 23
94 23
94 10
94 11
10 11
10 42
10 27
42 27
42 99
42 18
99 18
99 24
99 9
24 9
100 96
100 73
100 56
73 56
73 86
73 84
86 84
86 13
86 7
13 7
13 20
13 40
20 40
20 100
20 26
100 26
71 96
71 19
71 58
19 58
19 69
19 95
69 95
69 50
69 64
50 64
50 35
50 67
35 67
35 71
35 60
71 60
81 71
81 6
81 3
6 3
6 51
6 74
51 74
51 32
51 59
32 59
32 34
32 17
34 17
34 81
34 89
81 89
41 100
41 90
41 46
90 46
90 25
90 52
25 52
25 93
25 66
93 66
93 14
93 72
14 72
14 41
14 54
41 54
36 41
36 97
36 92
97 92
97 43
97 82
43 82
43 33
43 29
33 29
33 91
33 68
91 68
91 36
91 21
36 21
8 100
8 98
8 87
98 87
98 85
98 76
85 76
85 28
85 70
28 70
28 55
28 5
55 5
55 8
55 38
8 38
100 159
31 63
31 92
63 92
63 9
63 100
9 100
9 86
9 25
86 25
86 67
86 34
67 34
67 31
67 2
31 2
5 31
5 95
5 49
95 49
95 91
95 38
91 38
91 99
91 75
99 75
99 8
99 72
8 72
8 5
8 50
5 50
82 31
82 97
82 71
97 71
97 45
97 3
45 3
45 98
45 90
98 90
98 61
98 55
61 55
61 82
61 1
82 1
81 82
81 36
81 41
36 41
36 40
36 27
40 27
40 73
40 54
73 54
73 48
73 74
48 74
48 81
48 20
81 20
46 82
46 53
46 18
53 18
53 11
53 83
11 83
11 37
11 60
37 60
37 42
37 52
42 52
42 46
42 13
46 13
32 46
32 84
32 51
84 51
84 4
84 15
4 15
4 79
4 43
79 43
79 6
79 64
6 64
6 32
6 28
32 28
44 32
44 88
44 96
88 96
88 68
88 94
68 94
68 78
68 16
78 16
78 12
78 76
12 76
12 44
12 87
44 87
17 32
17 10
17 26
10 26
10 93
10 59
93 59
93 65
93 14
65 14
65 77
65 57
77 57
77 17
77 89
17 89
62 5
62 56
62 7
56 7
56 85
56 35
85 35
85 39
85 29
39 29
39 23
39 22
23 22
23 62
23 58
62 58
33 82
33 24
33 80
24 80
24 66
24 19
66 19
66 70
66 47
70 47
70 21
70 30
21 30
21 33
21 69
33 69
100 159
51 2
51 56
2 56
2 40
2 99
40 99
40 17
40 91
17 91
17 43
17 64
43 64
43 51
43 33
51 33
66 51
66 14
66 34
14 34
14 47
14 6
47 6
47 23
47 54
23 54
23 13
23 96
13 96
13 66
13 60
66 60
74 66
74 61
74 57
61 57
61 19
61 41
19 41
19 89
19 1
89 1
89 21
89 31
21 31
21 74
21 84
74 84
79 51
79 42
79 29
42 29
42 92
42 75
92 75
92 16
92 86
16 86
16 90
16 10
90 10
90 79
90 76
79 76
78 66
78 82
78 71
82 71
82 38
82 39
38 39
38 18
38 28
18 28
18 58
18 55
58 55
58 78
58 26
78 26
44 66
44 5
44 63
5 63
5 68
5 50
68 50
68 94
68 48
94 48
94 24
94 100
24 100
24 44
24 59
44 59
87 74
87 62
87 80
62 80
62 7
62 77
7 77
7 45
7 81
45 81
45 20
45 46
20 46
20 87
20 88
87 88
73 87
73 8
73 52
8 52
8 97
8 93
97 93
97 72
97 83
72 83
72 85
72 3
85 3
85 73
85 12
73 12
9 87
9 98
9 32
98 32
98 36
98 37
36 37
36 70
36 67
70 67
70 15
70 4
15 4
15 9
15 11
9 11
69 51
69 22
69 27
22 27
22 49
22 35
49 35
49 30
49 65
30 65
30 25
30 95
25 95
25 69
25 53
69 53
100 159
53 71
53 54
71 54
71 86
71 37
86 37
86 65
86 17
65 17
65 39
65 23
39 23
39 53
39 1
53 1
90 53
90 98
90 38
98 38
98 21
98 69
21 69
21 7
21 34
7 34
7 32
7 41
32 41
32 90
32 92
90 92
80 90
80 13
80 28
13 28
13 52
13 73
52 73
52 81
52 2
81 2
81 57
81 10
57 10
57 80
57 97
80 97
6 80
6 62
6 77
62 77
62 47
62 11
47 11
47 5
47 87
5 87
5 56
5 50
56 50
56 6
56 85
6 85
96 90
96 68
96 75
68 75
68 46
68 79
46 79
46 89
46 51
89 51
89 43
89 26
43 26
43 96
43 48
96 48
12 6
12 19
12 93
19 93
19 25
19 67
25 67
25 100
25 99
100 99
100 33
100 82
33 82
33 12
33 18
12 18
35 6
35 55
35 66
55 66
55 40
55 20
40 20
40 76
40 42
76 42
76 88
76 63
88 63
88 35
88 95
35 95
24 12
24 83
24 59
83 59
83 58
83 29
58 29
58 9
58 70
9 70
9 30
9 14
30 14
30 24
30 27
24 27
3 6
3 84
3 64
84 64
84 36
84 31
36 31
36 91
36 45
91 45
91 16
91 44
16 44
16 3
16 22
3 22
61 6
61 15
61 94
15 94
15 4
15 72
4 72
4 60
4 8
60 8
60 49
60 74
49 74
49 61
49 78
61 78
100 159
94 41
94 38
41 38
41 37
41 31
37 31
37 58
37 33
58 33
58 9
58 81
9 81
9 94
9 86
94 86
79 94
79 87
79 60
87 60
87 20
87 40
20 40
20 69
20 21
69 21
69 98
69 63
98 63
98 79
98 53
79 53
30 94
30 100
30 2
100 2
100 61
100 80
61 80
61 82
61 39
82 39
82 59
82 24
59 24
59 30
59 55
30 55
93 94
93 78
93 8
78 8
78 23
78 44
23 44
23 90
23 1
90 1
90 76
90 13
76 13
76 93
76 57
93 57
16 94
16 70
16 35
70 35
70 27
70 17
27 17
27 51
27 43
51 43
51 71
51 45
71 45
71 16
71 91
16 91
92 30
92 48
92 28
48 28
48 12
48 26
12 26
12 64
12 83
64 83
64 68
64 52
68 52
68 92
68 47
92 47
56 30
56 6
56 42
6 42
6 3
6 97
3 97
3 22
3 32
22 32
22 14
22 29
14 29
14 56
14 15
56 15
5 92
5 89
5 62
89 62
89 75
89 85
75 85
75 19
75 34
19 34
19 77
19 65
77 65
77 5
77 18
5 18
54 79
54 67
54 50
67 50
67 4
67 11
4 11
4 72
4 95
72 95
72 99
72 25
99 25
99 54
99 88
54 88
96 54
96 7
96 36
7 36
7 73
7 84
73 84
73 66
73 49
66 49
66 10
66 46
10 46
10 96
10 74
96 74
100 159
36 33
36 68
33 68
33 83
33 80
83 80
83 49
83 44
49 44
49 90
49 99
90 99
90 36
90 86
36 86
75 36
75 11
75 91
11 91
11 94
11 22
94 22
94 70
94 2
70 2
70 50
70 98
50 98
50 75
50 52
75 52
28 75
28 42
28 39
42 39
42 55
42 29
55 29
55 100
55 43
100 43
100 66
100 57
66 57
66 28
66 9
28 9
35 75
35 10
35 93
10 93
10 78
10 12
78 12
78 87
78 47
87 47
87 92
87 6
92 6
92 35
92 7
35 7
82 28
82 18
82 58
18 58
18 89
18 73
89 73
89 23
89 24
23 24
23 95
23 71
95 71
95 82
95 8
82 8
76 28
76 45
76 96
45 96
45 63
45 85
63 85
63 69
63 13
69 13
69 16
69 31
16 31
16 76
16 26
76 26
77 28
77 60
77 72
60 72
60 14
60 19
14 19
14 61
14 51
61 51
61 64
61 4
64 4
64 77
64 38
77 38
5 75
5 21
5 41
21 41
21 48
21 79
48 79
48 30
48 74
30 74
30 67
30 81
67 81
67 5
67 54
5 54
15 36
15 53
15 62
53 62
53 1
53 17
1 17
1 40
1 97
40 97
40 20
40 25
20 25
20 15
20 84
15 84
46 76
46 32
46 37
32 37
32 34
32 59
34 59
34 88
34 65
88 65
88 3
88 56
3 56
3 46
3 27
46 27
100 159
39 38
39 96
38 96
38 80
38 77
80 77
80 83
80 11
83 11
83 87
83 18
87 18
87 39
87 2
39 2
43 39
43 5
43 73
5 73
5 34
5 72
34 72
34 65
34 63
65 63
65 4
65 100
4 100
4 43
4 75
43 75
58 43
58 91
58 66
91 66
91 55
91 70
55 70
55 16
55 74
16 74
16 6
16 20
6 20
6 58
6 52
58 52
82 43
82 13
82 24
13 24
13 50
13 27
50 27
50 56
50 84
56 84
56 71
56 35
71 35
71 82
71 49
82 49
32 43
32 41
32 94
41 94
41 57
41 29
57 29
57 51
57 78
51 78
51 67
51 14
67 14
67 32
67 95
32 95
12 43
12 25
12 48
25 48
25 1
25 79
1 79
1 28
1 17
28 17
28 97
28 86
97 86
97 12
97 19
12 19
33 32
33 30
33 36
30 36
30 68
30 64
68 64
68 59
68 10
59 10
59 45
59 8
45 8
45 33
45 54
33 54
93 33
93 40
93 47
40 47
40 53
40 31
53 31
53 61
53 98
61 98
61 44
61 23
44 23
44 93
44 37
93 37
3 93
3 76
3 69
76 69
76 89
76 15
89 15
89 9
89 88
9 88
9 92
9 7
92 7
92 3
92 26
3 26
42 39
42 60
42 90
60 90
60 85
60 21
85 21
85 46
85 81
46 81
46 62
46 99
62 99
62 42
62 22
42 22
100 159
28 35
28 41
35 41
35 56
35 53
56 53
56 43
56 11
43 11
43 9
43 68
9 68
9 28
9 49
28 49
50 28
50 59
50 92
59 92
59 82
59 17
82 17
82 93
82 97
93 97
93 40
93 10
40 10
40 50
40 85
50 85
48 28
48 29
48 21
29 21
29 87
29 77
87 77
87 94
87 46
94 46
94 99
94 65
99 65
99 48
99 7
48 7
76 50
76 33
76 98
33 98
33 100
33 47
100 47
100 67
100 61
67 61
67 57
67 6
57 6
57 76
57 71
76 71
54 50
54 15
54 84
15 84
15 18
15 83
18 83
18 64
18 91
64 91
64 90
64 39
90 39
90 54
90 23
54 23
44 54
44 3
44 1
3 1
3 58
3 22
58 22
58 69
58 75
69 75
69 60
69 12
60 12
60 44
60 20
44 20
19 44
19 27
19 24
27 24
27 74
27 32
74 32
74 81
74 13
81 13
81 36
81 45
36 45
36 19
36 8
19 8
52 50
52 86
52 16
86 16
86 4
86 51
4 51
4 79
4 34
79 34
79 95
79 38
95 38
95 52
95 14
52 14
55 54
55 72
55 96
72 96
72 78
72 73
78 73
78 70
78 80
70 80
70 42
70 2
42 2
42 55
42 89
55 89
5 28
5 26
5 30
26 30
26 31
26 66
31 66
31 62
31 88
62 88
62 25
62 37
25 37
25 5
25 63
5 63
100 159
69 47
69 53
47 53
47 40
47 26
40 26
40 39
40 94
39 94
39 58
39 98
58 98
58 69
58 85
69 85
14 69
14 90
14 57
90 57
90 88
90 48
88 48
88 51
88 75
51 75
51 93
51 97
93 97
93 14
93 49
14 49
99 14
99 20
99 21
20 21
20 17
20 56
17 56
17 7
17 35
7 35
7 5
7 29
5 29
5 99
5 46
99 46
38 69
38 10
38 41
10 41
10 96
10 42
96 42
96 80
96 78
80 78
80 86
80 44
86 44
86 38
86 64
38 64
25 69
25 62
25 79
62 79
62 27
62 70
27 70
27 76
27 3
76 3
76 95
76 63
95 63
95 25
95 2
25 2
30 99
30 43
30 13
43 13
43 45
43 50
45 50
45 34
45 60
34 60
34 92
34 24
92 24
92 30
92 23
30 23
89 99
89 100
89 71
100 71
100 73
100 18
73 18
73 4
73 81
4 81
4 22
4 9
22 9
22 89
22 67
89 67
16 25
16 12
16 65
12 65
12 54
12 74
54 74
54 72
54 11
72 11
72 1
72 55
1 55
1 16
1 77
16 77
36 99
36 37
36 59
37 59
37 31
37 87
31 87
31 82
31 84
82 84
82 91
82 68
91 68
91 36
91 83
36 83
8 36
8 15
8 6
15 6
15 19
15 32
19 32
19 66
19 61
66 61
66 28
66 33
28 33
28 8
28 52
8 52
100 159
48 15
48 51
15 51
15 56
15 1
56 1
56 53
56 83
53 83
53 5
53 9
5 9
5 48
5 41
48 41
13 48
13 70
13 38
70 38
70 78
70 96
78 96
78 12
78 88
12 88
12 76
12 26
76 26
76 13
76 43
13 43
37 13
37 77
37 87
77 87
77 86
77 72
86 72
86 44
86 33
44 33
44 22
44 11
22 11
22 37
22 89
37 89
82 13
82 52
82 69
52 69
52 63
52 2
63 2
63 18
63 97
18 97
18 58
18 25
58 25
58 82
58 94
82 94
75 48
75 61
75 16
61 16
61 93
61 10
93 10
93 85
93 47
85 47
85 66
85 17
66 17
66 75
66 6
75 6
31 48
31 45
31 30
45 30
45 14
45 68
14 68
14 27
14 74
27 74
27 80
27 71
80 71
80 31
80 28
31 28
99 31
99 4
99 19
4 19
4 60
4 100
60 100
60 54
60 49
54 49
54 91
54 59
91 59
91 99
91 62
99 62
65 37
65 73
65 55
73 55
73 8
73 81
8 81
8 39
8 57
39 57
39 42
39 90
42 90
42 65
42 98
65 98
3 82
3 35
3 24
35 24
35 40
35 36
40 36
40 84
40 32
84 32
84 64
84 50
64 50
64 3
64 7
3 7
92 65
92 21
92 79
21 79
21 67
21 23
67 23
67 95
67 46
95 46
95 34
95 29
34 29
34 92
34 20
92 20
100 159
52 57
52 28
57 28
57 69
57 46
69 46
69 68
69 67
68 67
68 17
68 60
17 60
17 52
17 83
52 83
15 52
15 73
15 43
73 43
73 84
73 20
84 20
84 7
84 36
7 36
7 65
7 94
65 94
65 15
65 66
15 66
29 15
29 86
29 11
86 11
86 2
86 34
2 34
2 47
2 23
47 23
47 10
47 31
10 31
10 29
10 38
29 38
82 15
82 77
82 1
77 1
77 8
77 50
8 50
8 61
8 33
61 33
61 71
61 95
71 95
71 82
71 45
82 45
9 82
9 70
9 4
70 4
70 97
70 79
97 79
97 48
97 100
48 100
48 24
48 3
24 3
24 9
24 54
9 54
59 52
59 64
59 41
64 41
64 91
64 27
91 27
91 55
91 21
55 21
55 40
55 19
40 19
40 59
40 76
59 76
12 9
12 72
12 78
72 78
72 81
72 74
81 74
81 96
81 14
96 14
96 30
96 49
30 49
30 12
30 18
12 18
56 12
56 32
56 26
32 26
32 92
32 88
92 88
92 75
92 80
75 80
75 39
75 63
39 63
39 56
39 87
56 87
93 15
93 51
93 98
51 98
51 37
51 6
37 6
37 16
37 25
16 25
16 44
16 22
44 22
44 93
44 35
93 35
99 52
99 90
99 89
90 89
90 42
90 58
42 58
42 53
42 5
53 5
53 13
53 85
13 85
13 99
13 62
99 62
100 159
54 42
54 20
42 20
42 28
42 51
28 51
28 91
28 75
91 75
91 73
91 32
73 32
73 54
73 83
54 83
18 54
18 88
18 29
88 29
88 77
88 12
77 12
77 19
77 76
19 76
19 97
19 31
97 31
97 18
97 95
18 95
98 54
98 81
98 96
81 96
81 86
81 82
86 82
86 6
86 99
6 99
6 48
6 74
48 74
48 98
48 16
98 16
45 18
45 10
45 5
10 5
10 3
10 11
3 11
3 24
3 15
24 15
24 62
24 55
62 55
62 45
62 85
45 85
94 18
94 80
94 87
80 87
80 22
80 64
22 64
22 13
22 71
13 71
13 1
13 27
1 27
1 94
1 8
94 8
93 98
93 89
93 92
89 92
89 40
89 17
40 17
40 9
40 65
9 65
9 58
9 53
58 53
58 93
58 56
93 56
26 18
26 78
26 37
78 37
78 43
78 30
43 30
43 25
43 21
25 21
25 7
25 70
7 70
7 26
7 72
26 72
47 98
47 60
47 79
60 79
60 38
60 57
38 57
38 35
38 66
35 66
35 39
35 84
39 84
39 47
39 33
47 33
63 45
63 69
63 50
69 50
69 68
69 61
68 61
68 4
68 67
4 67
4 49
4 100
49 100
49 63
49 2
63 2
46 94
46 90
46 41
90 41
90 44
90 34
44 34
44 52
44 59
52 59
52 14
52 36
14 36
14 46
14 23
46 23
