1000 2000
983 734
299 354
145 110
303 742
347 960
785 960
211 752
709 646
452 913
147 762
764 681
340 407
204 119
878 243
633 106
551 776
619 314
381 568
538 701
238 679
409 436
116 261
827 834
992 807
600 63
835 76
375 370
820 381
270 373
525 130
849 1000
689 118
486 575
894 491
74 393
15 920
317 22
819 768
601 756
917 778
165 598
898 659
665 796
870 553
784 725
836 91
220 471
594 415
112 459
251 608
973 192
124 169
876 135
581 6
566 751
111 742
776 835
312 439
409 298
686 361
88 807
893 450
678 649
124 85
680 385
577 250
370 325
47 476
45 962
440 775
847 412
745 920
891 882
692 379
762 931
10 903
802 713
340 61
210 799
131 98
675 332
566 657
70 751
507 740
306 331
474 467
256 77
939 430
309 630
338 537
880 51
555 470
791 134
678 481
886 733
567 400
826 97
13 962
225 744
900 679
895 662
863 910
210 593
408 409
188 501
921 656
534 617
689 386
604 743
317 64
267 838
824 245
720 571
45 558
483 128
538 401
253 160
634 567
875 686
338 495
397 186
573 632
959 346
244 879
260 779
811 108
763 904
148 257
370 61
484 37
669 316
675 88
114 231
89 266
443 360
964 579
981 282
32 193
164 319
776 131
381 166
190 599
813 210
799 834
262 539
935 792
499 368
899 14
839 152
635 942
144 651
778 625
384 819
782 645
736 477
843 648
476 781
947 116
445 828
527 318
890 497
299 642
294 723
823 926
179 210
460 785
382 121
598 669
294 519
951 338
287 226
221 702
429 188
857 296
650 259
287 612
96 577
950 679
374 759
560 757
692 753
537 16
19 36
874 805
131 52
783 8
924 279
955 504
754 127
481 206
315 52
245 778
828 599
898 31
249 104
710 447
675 168
151 298
438 485
771 508
399 438
83 348
610 473
201 460
197 902
787 898
988 731
94 469
205 966
158 13
719 416
576 525
451 176
22 503
122 137
898 827
561 700
10 949
784 583
957 708
683 446
452 521
670 771
643 94
219 536
561 414
821 330
308 445
563 904
184 467
76 45
22 469
63 454
665 628
322 105
97 114
138 557
445 626
32 171
325 238
1000 283
743 140
152 93
893 106
437 492
557 274
288 939
566 137
551 540
349 406
22 939
279 196
155 722
745 500
181 936
569 376
673 136
627 548
985 314
219 592
149 54
917 36
27 322
333 178
988 719
549 66
126 795
471 306
889 890
811 668
975 822
728 41
346 79
127 320
226 917
394 891
809 596
850 9
539 458
620 99
973 720
452 163
782 409
305 4
649 394
865 648
53 902
882 441
820 25
293 226
969 214
432 533
314 963
426 55
583 100
776 411
747 666
246 299
711 288
301 570
20 967
109 870
452 863
757 744
944 459
402 351
986 609
634 765
5 968
345 722
411 232
169 670
469 156
871 522
639 834
23 944
783 526
991 790
750 51
265 820
503 632
856 691
211 480
190 491
47 356
979 614
485 422
144 655
214 133
559 228
84 501
787 82
478 71
397 788
922 165
482 567
608 949
560 885
137 414
25 356
733 152
651 854
47 324
942 63
941 494
289 420
247 864
316 853
366 373
140 573
995 482
607 112
695 232
78 757
678 87
747 616
366 141
379 576
518 953
210 829
789 238
74 633
290 321
487 226
364 307
844 807
615 818
560 273
695 92
633 60
297 572
882 141
629 516
354 831
12 625
814 911
688 427
570 539
724 853
434 71
740 703
571 800
669 40
219 316
596 209
806 519
508 651
380 27
781 170
304 375
583 362
898 701
807 270
83 622
399 278
424 483
359 272
440 531
903 968
12 795
729 372
642 499
578 897
659 180
147 336
558 13
541 712
981 900
700 611
46 413
416 673
177 866
974 25
892 473
92 497
40 725
829 402
749 316
956 969
620 961
839 352
691 156
757 12
50 401
352 721
38 215
395 152
186 541
234 561
658 29
618 265
296 347
67 640
772 3
400 55
937 904
128 645
165 810
542 229
703 256
71 704
335 154
321 984
987 376
817 268
308 915
68 561
514 307
176 381
902 333
706 759
635 944
367 458
43 406
32 389
455 634
226 539
397 352
619 508
195 920
361 286
891 526
901 168
362 283
325 860
263 124
924 73
358 487
423 496
428 533
693 514
837 586
608 287
273 732
746 145
593 344
700 305
329 914
931 408
87 186
657 530
903 810
444 553
371 534
668 465
240 7
355 540
760 271
965 534
815 450
398 287
370 825
659 474
320 525
388 261
504 223
148 889
866 619
918 913
289 886
687 380
841 738
393 872
369 458
537 68
81 280
634 613
357 44
719 548
140 945
383 690
33 986
878 941
83 532
557 246
925 240
661 294
750 703
807 136
681 900
379 422
902 291
620 341
294 259
635 32
265 484
311 638
763 16
389 682
291 654
605 630
553 594
833 176
839 784
137 364
6 225
773 248
340 479
713 28
200 565
166 481
347 948
619 290
243 260
445 986
799 146
558 549
893 600
122 655
20 103
563 20
110 423
589 748
827 70
365 516
728 873
954 37
426 365
877 938
815 376
139 680
121 782
701 984
873 210
28 369
821 184
805 624
666 965
796 569
628 45
279 784
435 928
56 877
16 553
15 704
400 305
470 117
313 726
733 438
169 330
610 963
566 491
827 290
272 709
678 739
483 340
450 525
999 762
597 514
705 492
845 840
751 848
373 412
244 393
356 645
603 140
233 848
948 861
431 862
961 586
669 916
658 483
856 771
15 190
759 250
444 345
194 237
516 957
6 613
759 566
158 105
936 809
507 416
66 527
909 108
431 906
161 390
951 358
814 671
315 810
172 697
537 20
48 899
316 321
603 418
790 453
187 310
101 746
943 14
153 674
865 302
755 76
678 427
675 474
154 315
590 135
576 301
946 45
553 452
916 33
740 247
260 99
19 966
368 531
236 899
461 702
943 886
583 138
819 618
512 739
895 472
59 144
158 583
14 691
719 808
203 178
138 269
432 421
573 16
66 889
289 428
673 526
716 475
532 775
647 170
347 692
294 473
808 505
397 540
7 314
353 642
635 112
12 259
669 250
144 593
82 995
739 358
461 976
174 75
840 573
394 741
813 320
868 571
314 683
631 54
351 990
332 323
700 435
632 423
174 129
133 680
664 417
56 553
133 140
301 776
689 446
550 531
265 806
315 820
986 935
263 302
680 193
375 506
346 329
668 613
780 519
191 826
108 355
143 198
348 813
563 438
367 200
795 972
168 863
338 43
43 352
183 452
229 516
125 52
399 52
817 498
572 201
338 483
582 231
657 750
974 499
314 539
628 977
291 312
695 434
478 745
682 971
907 716
362 909
734 903
262 837
186 459
69 4
615 382
110 97
168 445
229 236
926 99
533 380
594 425
155 270
525 728
633 398
8 299
508 625
400 381
451 628
76 519
26 361
273 426
795 144
895 476
660 383
830 257
668 945
225 798
501 6
810 475
993 858
740 937
643 302
203 30
483 476
112 201
644 43
210 395
76 639
790 15
523 334
364 655
425 606
798 349
3 308
157 516
115 966
458 971
779 870
786 653
30 135
239 478
582 815
376 643
643 388
920 825
707 746
462 343
388 309
933 514
957 570
328 391
364 631
582 961
934 707
783 746
139 544
87 334
971 726
955 674
821 158
253 174
238 373
522 231
572 127
543 688
615 392
432 941
275 758
307 964
712 351
22 857
763 844
608 171
615 50
965 300
995 198
117 290
463 336
154 381
611 932
687 244
693 418
604 89
446 375
671 712
170 671
242 241
909 252
485 372
80 877
594 379
620 751
23 42
715 738
165 162
276 107
85 810
70 81
774 121
352 629
803 998
77 748
574 999
409 160
281 474
430 383
391 992
754 735
681 142
211 822
401 730
358 351
691 478
563 462
237 632
275 754
718 241
35 622
429 292
682 71
739 912
84 611
483 646
779 470
317 494
574 947
692 229
548 927
672 1
741 246
284 845
800 931
883 666
720 479
975 778
379 678
268 839
847 848
235 652
433 624
991 226
411 686
962 709
599 34
155 648
12 633
71 192
529 612
214 207
734 965
319 976
311 976
976 281
136 955
510 601
314 205
683 990
329 242
657 790
56 575
708 735
985 872
82 31
118 727
600 745
269 576
297 264
73 784
465 718
865 688
96 167
417 844
414 201
796 133
699 364
299 90
723 436
446 53
335 54
285 808
990 303
160 97
469 688
383 680
403 92
250 999
923 462
43 454
460 9
328 699
380 699
148 647
956 315
975 276
221 340
100 695
209 516
607 672
293 552
442 9
956 167
487 674
189 374
556 471
526 841
196 349
637 788
848 341
446 477
968 213
212 475
760 643
878 841
624 325
705 80
986 861
250 313
796 349
805 306
611 898
338 965
503 376
83 636
436 473
228 655
278 859
680 109
797 914
63 698
748 485
565 998
351 988
904 51
803 482
83 796
557 882
984 129
603 32
834 955
503 432
823 672
300 273
715 620
983 472
901 376
582 15
392 939
530 829
596 131
425 92
531 998
75 202
216 809
280 957
513 6
637 666
90 793
610 891
942 681
976 949
588 577
378 727
850 713
889 810
219 706
654 795
196 179
615 640
696 833
659 928
816 579
837 288
901 928
951 570
139 272
285 788
775 836
16 727
430 153
363 382
739 504
229 638
277 70
937 374
604 925
305 312
976 299
527 264
870 697
573 352
362 365
587 912
232 91
849 52
996 45
634 907
876 735
69 684
9 186
398 13
525 18
929 10
388 135
29 488
284 679
356 577
926 575
86 81
278 671
879 478
915 384
508 299
809 94
24 735
733 502
191 856
627 384
155 90
790 915
81 428
56 281
173 944
689 1000
304 81
745 618
313 318
880 335
805 10
644 839
985 742
7 248
622 283
267 540
814 443
398 541
161 708
263 760
669 442
26 543
478 681
67 950
615 604
67 724
453 646
905 502
475 584
597 558
914 189
365 834
647 20
319 20
556 351
767 624
531 234
27 542
739 726
136 315
83 202
90 91
103 246
971 242
531 372
450 639
290 389
550 333
938 33
528 229
918 223
639 490
342 871
199 316
82 839
489 384
298 39
441 974
712 637
562 553
470 927
734 161
157 678
528 303
628 431
452 971
180 611
320 677
628 327
506 169
805 114
398 923
366 693
50 201
853 912
166 753
789 436
306 495
279 202
172 917
270 409
162 421
929 70
646 769
162 649
40 709
615 332
840 401
196 5
871 852
303 938
426 897
102 759
582 599
984 909
568 909
106 989
898 649
33 162
147 486
907 832
604 281
127 16
836 931
122 287
625 710
40 643
455 336
337 288
177 812
247 274
627 116
364 189
944 191
862 81
651 698
825 860
655 792
44 563
185 934
343 518
885 846
988 663
978 861
64 305
768 361
506 729
842 425
94 989
284 221
25 998
367 316
403 748
630 245
109 352
638 981
732 991
939 452
723 502
224 261
537 832
351 740
233 294
412 573
211 106
205 934
565 978
519 248
709 786
690 269
860 129
226 65
623 68
248 707
902 745
693 268
972 259
166 361
445 580
325 652
763 118
180 235
812 901
815 408
422 715
352 525
103 500
685 646
305 10
670 185
279 370
242 711
410 169
547 146
860 157
927 954
659 844
833 838
810 425
83 716
835 168
882 405
504 219
240 763
74 975
421 580
77 780
610 201
681 682
275 348
535 878
123 504
640 591
225 802
808 137
933 676
243 154
378 333
214 727
712 853
66 235
474 599
153 302
499 236
878 791
66 635
4 45
330 381
729 256
798 405
601 40
882 875
503 882
724 667
524 685
507 218
802 749
898 783
613 66
473 756
624 11
683 766
379 638
112 451
531 256
644 733
568 583
229 54
130 927
275 186
967 432
810 57
201 562
574 69
442 417
892 315
554 559
45 252
814 927
798 135
10 879
183 306
655 398
676 33
175 612
982 579
201 90
388 977
579 678
752 367
934 153
17 474
695 618
699 148
952 531
719 626
563 76
246 881
273 886
812 103
679 334
32 475
372 977
649 562
75 676
662 709
805 264
587 252
595 996
661 284
108 491
36 321
551 888
239 790
755 560
963 660
814 89
588 937
12 363
816 91
926 57
520 145
848 473
438 507
128 431
415 202
273 746
444 79
787 494
967 312
338 279
123 2
816 123
498 547
308 537
621 538
406 987
691 6
894 793
351 708
459 968
873 284
37 538
597 774
312 549
321 994
89 340
911 68
953 350
887 858
834 629
234 143
844 283
304 695
253 16
897 512
508 293
219 490
487 112
229 650
640 441
124 139
542 929
411 744
656 669
716 191
500 25
55 406
134 147
860 49
474 969
803 928
990 463
557 102
519 636
419 180
127 1000
320 615
672 865
606 571
478 383
550 691
118 505
842 585
438 889
621 116
312 963
857 792
552 829
910 425
63 672
831 272
428 43
151 518
379 180
64 843
955 182
509 806
553 278
631 472
206 205
888 165
172 675
621 274
199 438
318 507
66 855
333 992
102 515
232 129
527 790
894 395
78 933
913 844
335 348
735 610
874 759
351 764
300 283
95 924
429 134
943 490
225 638
312 469
728 223
426 565
618 79
242 685
383 646
338 47
957 984
87 316
133 292
340 995
292 757
635 568
928 879
101 538
733 702
275 772
689 638
12 871
235 328
88 763
108 875
888 65
584 431
68 973
990 495
370 185
238 317
480 915
742 413
793 124
20 497
817 566
713 74
926 91
664 297
526 965
861 824
719 650
120 631
105 652
172 673
220 911
263 196
570 597
904 875
548 991
77 676
929 644
833 212
331 330
681 846
112 317
104 531
863 408
814 625
125 194
27 740
171 40
41 756
661 824
988 355
937 138
911 766
676 23
168 181
637 486
624 211
169 414
572 991
660 941
702 17
656 679
746 193
152 499
598 75
170 883
369 686
364 713
804 627
935 152
737 376
299 444
458 421
97 944
913 326
718 843
863 798
982 661
43 202
426 949
589 420
434 51
876 505
895 570
141 320
558 561
812 217
176 471
936 413
64 331
962 543
797 218
84 561
610 731
640 467
477 318
608 599
964 997
707 620
161 114
608 237
257 446
805 922
317 918
122 911
58 683
610 847
866 293
927 718
151 66
455 566
792 417
293 326
979 370
160 117
693 298
520 113
462 767
904 725
626 797
32 463
430 959
385 556
935 866
446 697
886 217
185 982
299 36
5 348
222 167
534 467
123 550
558 59
414 219
540 943
912 649
457 992
884 499
48 949
377 662
449 832
778 787
809 362
711 26
594 651
581 498
578 79
155 748
396 841
84 649
98 701
174 153
15 938
279 296
12 369
545 250
835 2
763 270
665 80
463 760
982 147
6 507
323 832
45 184
975 474
232 811
404 653
46 713
698 625
410 335
613 38
496 583
529 140
758 813
833 270
150 163
598 7
688 279
751 836
821 870
28 951
585 846
674 509
992 449
557 776
280 539
490 89
278 581
60 545
30 45
164 507
47 940
840 829
536 851
355 834
123 448
867 414
699 576
147 360
88 167
190 197
699 124
113 688
248 263
800 727
415 946
25 568
153 232
811 46
166 663
568 73
367 94
670 457
142 9
717 576
383 462
378 999
510 41
56 787
405 272
433 224
671 456
186 167
132 117
537 294
124 379
719 654
371 836
897 994
445 940
518 917
417 310
779 164
376 97
460 883
780 731
351 986
829 892
599 938
533 682
986 275
43 660
168 909
710 143
327 464
910 733
614 289
703 808
276 527
365 644
798 803
940 53
35 708
743 188
497 870
936 359
255 996
284 533
868 505
709 104
961 260
858 657
414 49
463 238
582 591
811 530
686 237
307 926
286 505
539 250
312 465
931 74
744 207
120 963
197 46
371 762
949 100
39 592
350 435
286 653
645 634
102 975
289 208
847 288
900 877
669 606
470 819
236 845
501 982
451 960
211 948
29 864
984 39
873 112
863 242
585 622
108 525
184 53
234 615
683 284
455 362
541 468
164 427
892 589
61 388
865 366
679 414
496 345
337 682
230 387
440 11
554 295
327 12
185 90
276 155
971 626
755 366
262 875
540 913
108 43
18 645
991 520
933 698
834 711
927 864
276 797
471 642
188 285
100 165
10 939
233 412
266 887
67 756
881 90
904 169
60 519
288 727
360 969
225 476
283 774
863 938
264 959
43 858
615 964
342 391
808 827
625 884
178 307
926 941
545 512
221 984
753 854
171 918
339 674
509 532
456 299
367 224
678 651
74 645
809 876
300 691
799 394
136 545
295 346
170 733
189 390
205 878
57 414
556 353
476 717
825 740
250 945
923 260
219 898
479 952
522 93
905 430
799 14
52 665
936 605
234 165
517 974
629 812
985 668
721 862
111 474
788 385
200 899
458 433
718 357
446 817
614 173
903 282
634 219
274 667
517 762
702 503
600 417
246 693
589 542
865 312
498 429
590 487
988 111
834 301
112 885
217 954
783 418
236 73
325 448
670 587
363 802
497 958
635 828
149 318
378 587
587 600
413 714
991 30
806 867
374 259
40 745
920 79
263 680
888 669
72 923
992 987
414 423
879 654
340 435
644 445
514 811
129 452
267 282
791 768
229 718
257 108
410 1
858 19
258 775
847 982
804 85
714 301
197 646
194 161
915 458
188 637
85 364
424 705
591 832
571 890
141 236
261 326
879 232
37 882
848 99
76 305
373 424
79 252
143 684
600 859
552 857
648 159
682 147
504 389
662 181
19 728
414 65
68 675
250 677
561 98
845 674
315 420
899 682
52 487
361 974
564 697
898 135
666 831
74 755
504 9
473 660
704 261
173 552
867 670
565 140
783 362
328 269
786 403
130 997
266 935
894 531
333 832
106 415
979 630
396 25
753 792
60 649
748 665
758 455
67 188
740 699
802 321
25 338
937 618
187 230
830 25
16 635
829 76
1000 605
539 182
820 723
534 731
440 189
878 419
452 619
799 756
696 43
907 64
105 118
724 407
63 446
765 162
647 324
625 382
676 827
77 702
669 994
425 612
65 978
259 160
939 558
119 324
640 493
54 747
386 907
470 457
263 482
860 107
453 588
648 253
980 765
969 132
86 457
172 531
1000 2001
450 213
870 287
155 796
214 63
467 816
990 121
829 732
537 648
517 844
714 361
99 184
665 808
555 664
363 570
344 355
464 373
888 161
382 89
844 63
723 638
845 834
164 449
785 606
629 608
751 908
510 631
209 364
654 21
544 283
657 152
294 689
383 820
674 629
349 836
783 846
157 434
751 668
925 592
354 707
348 363
121 118
375 628
567 910
806 869
193 594
464 21
279 48
8 261
204 905
711 460
964 947
1 704
918 327
149 256
794 707
902 271
807 902
968 809
884 167
931 648
319 734
718 905
153 26
848 159
142 933
80 59
464 965
987 422
731 62
836 269
26 893
280 967
213 326
50 63
842 85
925 72
634 257
222 11
234 915
100 575
187 770
90 957
51 274
665 120
25 606
93 136
314 453
414 799
970 47
436 361
46 781
161 284
346 301
605 200
837 324
511 194
351 914
431 896
838 493
107 194
663 640
956 221
365 144
645 782
931 696
403 554
496 129
329 126
937 462
680 729
553 270
512 543
466 617
371 710
689 246
752 227
669 96
701 314
462 803
370 693
113 680
67 296
820 797
457 842
569 582
242 819
212 75
891 892
943 106
527 666
368 201
422 795
810 907
803 974
292 513
155 652
854 873
333 242
576 865
32 775
773 114
17 704
615 992
767 438
39 396
101 438
893 254
269 846
437 718
507 30
529 366
551 872
663 776
622 569
59 564
656 323
596 9
570 315
595 956
608 903
418 651
747 530
10 895
774 699
225 538
782 469
483 244
194 869
157 938
429 786
72 977
647 14
293 378
407 718
677 230
580 785
883 784
597 200
884 997
323 36
131 64
664 409
484 645
725 852
829 8
224 611
883 26
401 40
747 936
61 514
397 870
976 273
682 357
401 132
896 821
910 49
45 868
629 622
247 390
58 273
117 718
13 980
739 656
120 779
947 384
675 782
893 916
369 350
323 150
505 660
945 232
909 20
260 475
980 407
589 250
191 80
894 975
82 523
935 18
15 702
852 655
768 135
808 403
160 51
713 42
766 801
698 811
665 406
694 923
543 788
435 834
211 980
950 141
74 345
152 427
709 44
43 540
851 76
29 228
193 360
659 238
25 644
55 860
92 757
938 959
948 961
952 709
952 287
603 128
70 409
129 206
895 224
409 950
941 694
745 684
586 353
41 348
580 871
150 269
366 793
298 589
520 483
88 781
653 298
289 390
82 419
925 210
754 789
735 48
299 196
890 747
818 227
697 888
72 249
185 628
148 319
441 262
513 866
443 458
78 233
21 526
856 965
915 826
368 307
844 437
865 434
698 889
697 660
300 385
102 529
482 125
951 134
418 165
914 273
56 203
684 555
761 418
410 17
668 287
513 732
912 355
969 166
245 188
24 681
521 680
693 108
794 663
959 758
586 557
427 920
156 387
576 229
339 228
780 751
645 922
967 326
383 112
859 486
922 293
579 170
40 873
696 633
153 994
211 826
381 678
228 373
265 64
121 980
518 579
642 607
665 196
643 552
595 92
240 5
942 967
369 312
341 574
352 455
655 796
563 660
538 945
487 646
86 91
348 943
14 181
291 352
799 26
881 640
387 934
87 566
848 513
668 963
970 213
424 477
212 297
68 573
651 612
564 151
938 889
723 572
23 76
867 514
416 145
404 721
503 776
336 285
742 899
692 41
437 68
893 666
2 453
999 872
500 367
871 666
153 898
698 787
135 204
872 841
513 964
146 533
222 741
172 907
202 727
776 403
4 835
477 770
212 473
445 464
393 916
236 27
895 864
281 676
987 418
571 230
441 466
418 731
207 328
497 770
78 127
338 617
942 241
766 327
686 735
67 316
396 177
934 275
621 506
939 190
591 948
860 569
762 695
731 318
444 713
964 185
70 225
586 337
850 169
970 729
872 599
957 462
252 271
752 255
864 445
719 594
945 2
762 733
53 724
871 906
344 519
973 364
679 482
399 380
429 584
575 352
299 846
267 332
827 296
480 597
921 360
64 873
295 100
736 431
906 757
713 420
426 867
545 100
522 511
848 145
532 451
852 27
52 325
987 410
65 476
680 337
906 687
816 477
390 35
313 10
629 670
701 728
629 118
863 808
290 73
839 288
753 844
88 763
248 53
817 138
147 384
978 297
145 532
591 648
1 462
345 392
105 816
49 888
475 164
144 221
254 747
949 650
582 981
825 108
614 211
335 90
822 293
218 539
149 852
524 15
67 20
638 237
779 894
266 483
80 479
641 796
638 313
743 396
480 601
842 131
350 199
179 362
825 676
608 905
453 186
770 415
115 10
291 268
727 774
301 626
132 441
746 467
806 765
927 74
427 780
311 622
260 697
989 868
927 596
234 403
264 455
208 109
253 136
697 86
8 913
393 12
170 411
212 749
151 56
156 591
760 359
891 646
39 124
265 728
172 785
942 175
37 290
134 585
781 336
417 84
844 49
361 256
265 24
144 833
878 585
682 753
388 465
463 148
642 345
121 296
753 412
262 763
746 587
590 125
697 380
587 530
135 442
571 114
82 785
376 367
649 946
167 566
775 8
962 123
781 474
682 961
374 317
334 223
504 67
986 751
363 932
243 128
892 859
919 134
588 65
788 41
833 626
404 147
26 521
269 678
544 829
535 716
485 708
820 855
251 180
42 465
260 55
663 566
553 964
45 64
411 792
717 692
649 880
790 101
887 736
969 480
825 852
180 655
392 551
968 515
519 582
351 606
299 770
884 671
571 532
967 276
582 525
872 489
665 686
162 199
771 314
578 609
843 688
281 648
166 777
633 686
850 833
489 758
835 758
398 691
505 334
872 365
287 586
62 281
426 749
105 574
448 907
289 472
271 890
680 535
809 244
362 581
151 250
904 473
27 600
79 300
902 607
484 615
42 483
660 885
898 127
45 336
985 410
431 206
612 5
640 65
185 242
785 128
845 148
789 78
290 533
470 721
816 675
258 719
171 250
715 314
585 92
803 496
114 465
871 308
375 596
366 407
774 923
688 211
321 180
662 551
346 221
137 552
257 380
404 593
119 206
973 320
55 518
236 611
4 401
556 379
955 32
208 343
882 979
856 579
414 127
341 432
329 104
161 776
403 268
850 483
498 851
612 671
886 399
644 791
319 310
17 130
667 150
629 380
271 670
641 116
499 926
351 674
817 186
472 793
176 573
627 732
863 556
330 165
320 527
134 445
999 78
747 226
163 248
753 770
122 261
254 19
344 893
354 631
960 807
722 739
439 246
630 929
467 144
128 609
523 970
597 524
443 844
897 206
625 638
356 633
120 145
316 213
254 285
167 46
734 755
623 210
277 844
935 992
97 572
342 359
716 185
184 901
357 276
714 231
188 595
784 689
641 534
977 94
656 849
861 802
585 414
485 108
330 439
260 863
975 452
650 311
621 854
945 300
992 781
120 883
392 967
96 331
55 876
730 979
153 286
746 401
50 817
553 364
950 855
359 880
740 453
256 745
554 591
451 846
316 645
546 405
684 513
75 168
996 25
644 465
186 493
836 901
115 54
444 445
137 700
859 334
703 250
809 792
601 698
477 678
707 246
547 350
810 979
835 284
568 299
143 344
667 990
276 829
195 886
658 681
899 790
583 820
74 43
461 608
484 917
689 536
549 986
396 15
225 100
530 381
984 709
152 741
854 493
631 780
291 424
150 365
891 816
754 991
781 250
939 900
128 769
880 485
725 58
209 972
627 994
928 903
312 365
262 565
127 34
883 600
514 947
797 156
438 989
436 545
939 40
774 95
273 176
971 778
261 130
147 492
558 383
593 266
284 895
464 217
92 87
308 349
598 55
157 932
175 108
532 369
494 215
640 17
301 244
351 746
923 570
542 39
895 186
964 859
447 200
371 818
835 684
830 411
1 44
884 485
268 153
55 506
55 382
290 951
17 258
862 439
985 390
528 885
70 53
308 287
381 308
566 497
60 437
978 187
13 982
198 981
759 100
754 747
930 161
301 50
814 881
25 722
208 879
112 433
688 419
698 267
821 498
887 18
797 980
240 735
803 982
494 275
927 432
670 253
430 81
994 897
356 45
482 473
77 232
368 413
340 621
236 863
692 911
42 827
450 141
360 873
721 568
103 260
542 41
562 519
344 935
131 338
139 484
54 67
887 300
693 480
5 718
519 794
756 167
799 868
581 464
999 60
563 386
741 748
285 762
729 842
821 82
522 291
356 675
886 453
156 175
15 932
751 164
107 258
659 492
347 266
80 879
512 843
576 407
575 860
279 484
702 627
753 978
401 304
940 841
49 222
740 369
865 776
720 819
512 169
734 203
997 906
928 59
54 47
833 190
235 346
438 931
762 991
581 574
135 520
860 453
599 898
242 265
657 264
325 354
861 504
105 652
241 994
246 181
558 611
289 240
191 264
416 209
797 910
878 857
856 29
934 343
888 581
963 534
647 358
949 370
945 322
977 372
603 158
672 917
952 783
913 534
53 74
975 788
130 585
910 47
20 845
805 72
295 604
647 820
433 920
192 393
984 25
365 556
836 87
623 608
910 33
662 353
311 44
792 589
477 772
488 149
138 705
296 741
722 61
657 924
270 139
387 190
48 891
249 444
74 405
808 257
304 217
752 709
18 987
94 849
909 328
239 380
180 319
707 302
134 297
489 348
184 57
878 733
810 469
282 7
670 439
498 543
460 309
145 738
983 394
492 47
173 754
971 690
741 282
842 731
590 311
978 795
354 831
30 801
266 579
609 940
559 518
719 834
761 188
93 692
5 560
415 996
12 601
56 133
947 78
67 882
276 271
855 286
756 1
975 714
391 718
896 281
207 218
688 601
804 415
862 427
479 706
767 666
871 850
346 701
250 845
425 502
309 582
593 216
844 127
818 461
939 542
950 701
968 693
371 186
418 647
583 352
309 202
624 161
185 526
882 653
330 543
427 778
919 574
163 78
907 642
978 407
267 102
592 29
641 886
740 941
187 896
183 670
884 749
936 725
276 419
170 541
346 11
476 715
477 936
983 862
556 289
799 76
541 730
841 248
420 607
737 662
182 987
1000 309
138 479
30 535
177 542
360 403
199 672
60 145
721 188
933 894
726 247
482 701
85 256
139 348
956 31
409 900
882 395
143 844
313 230
10 745
143 962
586 575
85 130
261 356
735 126
876 703
884 981
78 363
558 123
671 564
568 173
757 54
703 440
672 887
391 970
965 896
698 317
67 88
32 997
134 589
746 233
476 573
841 936
659 386
489 250
49 386
655 84
837 70
861 294
46 719
495 500
827 884
373 580
558 463
413 434
199 26
433 948
161 838
178 863
860 547
524 225
654 607
52 735
802 211
776 95
990 285
484 449
361 148
926 801
632 521
107 104
958 877
946 613
961 628
68 729
501 948
266 163
279 362
497 722
835 292
300 449
495 290
119 708
117 388
44 971
379 714
165 184
124 887
878 557
830 621
267 484
654 309
569 442
786 783
594 543
619 874
823 994
145 144
183 836
50 489
567 470
776 661
164 425
139 406
86 769
948 83
223 810
85 310
307 744
662 391
285 186
745 394
443 604
602 747
855 740
889 968
267 104
337 256
566 173
806 425
367 846
252 97
75 716
589 18
987 836
671 228
163 792
806 101
115 726
136 535
759 976
453 276
92 987
683 270
961 710
921 344
319 868
408 13
212 895
393 800
625 602
263 98
430 717
876 229
189 440
583 600
225 984
748 943
551 736
439 782
17 818
34 533
768 657
401 762
514 835
499 208
262 299
740 725
947 268
672 927
470 913
75 510
652 7
930 23
43 292
145 926
756 767
62 655
297 504
412 207
330 259
200 95
111 508
915 138
52 921
238 85
171 426
455 414
727 106
353 962
70 357
571 632
864 975
201 884
842 379
275 284
524 459
956 311
87 160
250 847
793 682
704 331
331 140
552 933
306 339
353 38
424 807
56 583
271 194
759 154
911 116
637 740
873 460
610 419
453 330
595 640
543 766
310 159
984 985
827 266
787 182
203 910
397 6
589 124
112 461
191 40
940 457
420 105
830 329
824 995
470 389
969 944
822 645
266 293
57 806
659 844
632 227
720 173
218 991
155 436
956 63
701 134
253 386
671 980
585 128
78 355
214 19
945 598
627 498
356 77
501 444
4 459
46 913
692 805
365 304
605 580
743 142
845 268
53 322
427 52
473 864
963 926
46 961
34 83
940 233
129 284
771 404
552 53
7 938
151 828
843 776
271 522
641 510
13 396
290 931
742 793
862 591
214 397
980 21
30 23
782 951
224 453
341 148
372 539
708 811
875 200
863 834
733 168
139 474
271 176
223 932
953 852
699 856
523 972
158 197
315 440
379 496
881 410
417 852
922 343
488 583
430 875
76 423
456 237
287 772
299 618
972 377
760 371
10 611
777 330
174 233
542 599
742 53
432 697
469 2
737 510
400 585
157 48
119 88
679 690
273 226
41 856
933 432
955 454
501 778
474 227
781 288
626 717
247 18
372 577
896 931
701 722
145 410
711 436
291 62
59 242
874 947
990 371
578 117
590 331
255 682
979 862
392 681
703 950
628 273
733 796
793 476
59 294
20 265
642 169
216 549
687 206
166 265
426 481
843 128
796 801
581 502
311 214
431 622
846 53
355 722
626 921
118 65
268 547
629 902
983 240
445 900
387 230
285 586
699 408
384 955
679 658
771 40
222 277
229 94
180 49
900 23
728 297
763 714
469 366
144 193
704 221
8 151
895 496
189 946
566 551
269 606
791 770
250 753
968 797
154 227
524 619
291 618
148 919
900 539
57 326
306 359
589 366
348 219
598 649
210 651
120 95
199 314
523 76
880 305
22 643
928 909
834 225
128 117
22 17
407 522
954 231
901 816
420 9
426 677
673 416
540 687
759 708
886 13
558 551
642 263
796 797
621 988
826 145
800 451
764 247
306 39
399 332
213 706
914 113
17 208
32 409
797 262
518 969
552 543
686 905
590 269
715 270
242 137
708 195
412 129
126 601
115 664
392 881
501 838
229 628
429 22
574 989
79 978
246 305
249 710
769 852
780 387
146 445
555 752
355 810
416 623
176 165
934 573
692 131
362 659
834 477
936 861
607 952
371 812
929 642
526 799
439 604
847 980
5 204
753 144
876 231
181 4
105 834
192 957
963 772
730 51
870 881
862 959
59 128
789 48
592 141
415 494
947 96
287 32
945 978
67 474
58 517
485 698
436 395
835 522
132 599
261 210
376 279
218 227
989 590
496 945
782 507
154 207
481 210
79 18
352 393
820 53
205 290
236 849
301 618
449 456
827 654
96 787
534 449
113 944
13 810
471 444
740 525
906 391
531 848
517 44
229 952
378 135
5 542
73 168
648 161
871 846
579 290
296 927
469 504
553 220
797 508
322 553
24 963
265 160
964 633
780 875
960 625
699 728
629 928
381 534
227 458
573 60
714 665
679 774
661 368
256 815
124 19
372 947
92 531
16 19
592 187
605 610
372 813
52 77
22 119
695 304
913 280
367 42
653 480
997 444
764 957
490 5
325 254
973 894
218 145
708 893
686 825
382 635
697 600
104 129
597 20
331 602
616 341
852 979
675 20
265 648
766 879
853 362
104 775
254 431
228 133
973 398
497 512
951 674
901 768
742 249
238 929
419 636
461 336
184 5
333 828
65 902
216 603
811 942
200 863
89 912
251 368
880 957
334 285
637 636
879 662
369 520
969 322
460 603
797 472
804 75
85 554
234 355
325 436
453 648
572 409
153 260
331 84
403 700
801 444
632 509
287 430
4 703
499 62
183 286
713 254
273 714
191 642
922 725
69 832
179 222
78 421
683 32
340 49
916 475
632 899
255 580
12 305
352 747
422 973
203 300
201 134
552 391
434 611
579 954
662 263
42 405
418 823
781 552
180 85
630 809
526 873
311 940
229 252
524 9
292 795
29 612
831 78
439 494
149 186
316 969
66 129
441 430
106 607
362 39
259 542
903 686
442 283
375 216
396 973
735 598
308 661
475 68
567 566
684 849
183 666
342 899
437 304
33 662
211 374
213 72
168 381
172 67
852 753
779 996
762 967
441 604
428 439
900 191
887 258
862 471
863 430
235 796
423 38
662 471
892 309
974 699
812 741
448 219
584 649
528 639
345 786
24 645
558 549
544 73
809 38
862 31
199 916
902 771
933 558
675 800
788 649
462 19
410 581
884 769
816 447
672 775
611 790
207 472
623 326
182 891
955 840
518 521
754 159
364 99
409 316
397 84
831 620
209 994
814 455
120 677
983 616
569 584
413 768
875 588
263 154
887 328
748 753
71 726
387 610
225 822
414 229
879 758
461 644
10 191
568 793
869 154
889 592
666 117
127 620
601 414
698 831
524 993
282 157
625 480
445 532
696 433
204 987
629 466
946 179
832 909
532 713
515 358
896 283
842 179
536 201
596 693
303 578
444 61
478 925
719 604
759 238
392 937
322 793
300 961
255 608
199 488
622 213
524 605
879 916
713 714
91 342
380 957
564 235
76 485
970 499
45 760
944 827
772 965
409 138
241 478
457 738
164 233
675 28
1 352
303 556
563 96
929 738
65 322
696 555
459 826
137 890
300 337
398 427
552 537
586 605
654 611
660 297
464 715
687 144
391 454
62 481
568 799
53 624
946 405
117 304
981 288
829 182
12 673
664 867
729 230
798 71
783 60
599 384
163 18
104 209
965 866
336 357
572 669
462 397
963 786
874 403
240 203
206 961
522 21
497 232
362 103
3 482
676 107
555 920
430 833
505 234
114 283
526 759
159 702
620 363
727 134
407 602
591 70
606 603
945 542
782 445
838 47
704 341
379 188
661 910
406 769
646 121
464 353
223 404
843 536
713 296
682 833
875 806
211 70
986 415
764 135
629 84
221 456
699 696
699 852
796 491
357 330
437 140
809 18
244 79
999 830
124 121
11 704
864 815
287 172
154 339
820 513
641 884
566 539
338 955
824 937
616 905
511 94
332 897
924 65
992 351
556 653
341 60
88 419
127 748
605 278
752 77
232 615
482 979
547 356
577 712
916 707
224 49
461 90
157 916
421 726
156 313
