100
791095845
282876139
93770124
5303368
491263
550290313
298508491
290846341
630311759
13994432
396591248
703301249
799981516
666063943
484172013
876537340
704103302
18109721
314200242
634877716
800426750
345499493
942995346
252917204
878115723
904615676
771485674
986026652
117628829
295290254
879636018
925436996
792310487
963679703
399554537
849836273
602957303
33523166
850839392
343156310
439171725
75069929
158651785
447817223
346146623
398576445
973502998
225448249
764062721
715233664
842306364
561158865
365262088
563119320
167739021
172740723
729416111
254447594
771593337
879896008
422396446
547196999
808643459
884732358
114104213
768615473
289927481
848474627
971589572
243949848
355129329
610401323
948499020
364310042
584689972
771840848
78547565
146764659
221845289
680188370
247126031
837408832
213347012
282027545
204497775
916133090
389928919
954017671
443352346
315096729
923688040
15364118
902387977
413056707
261063143
879945342
235985687
513207677
558468452
253996187
