30
-240997600 -253382263
-290554282 -310514027
-223226812 -232895087
-223868026 -233634315
-273241504 -290554871
-179715862 -182733187
-305851816 -328149895
-128142000 -116232263
-357108650 -394488513
-85821150 -64801013
-285271720 -307187263
-285597265 -307582888
-354395775 -391191638
-246163248 -443719311
-233332960 29034377
-238219168 -151006231
-234075472 1675265
-231464704 97873433
-251105344 -625819207
-241751941 -259049512
-194048853 99336520
-267184009 -450116764
-189019913 137118180
-280690305 -551587508
-233238664 -195090559
-188817052 -303500303
62219618 -544614403
63973586 -546299043
-93445042 -395102603
54984500 -537665263
-66916276 -420582783
