74
999999990 999999990
-999999992 -999999992
-999999992 -999999991
-999999992 -999999990
-999999992 -999999989
-999999992 -999999988
-999999991 -999999992
-999999991 -999999991
-999999991 -999999990
-999999991 -999999989
-999999991 -999999988
-999999990 -999999992
-999999990 -999999991
-999999990 -999999990
-999999990 -999999989
-999999990 -999999988
-999999989 -999999992
-999999989 -999999991
-999999989 -999999990
-999999989 -999999989
-999999989 -999999988
-999999988 -999999992
-999999988 -999999991
-999999988 -999999990
-999999988 -999999989
-999999988 -999999988
-2 -2
-2 -1
-2 0
-2 1
-2 2
-1 -2
-1 -1
-1 0
-1 1
-1 2
0 -2
0 -1
0 0
0 1
0 2
1 -2
1 -1
1 0
1 1
1 2
2 -2
2 -1
2 0
2 1
2 2
999999988 999999988
999999988 999999989
999999988 999999990
999999988 999999991
999999988 999999992
999999989 999999988
999999989 999999989
999999989 999999990
999999989 999999991
999999989 999999992
999999990 999999988
999999990 999999989
999999990 999999991
999999990 999999992
999999991 999999988
999999991 999999989
999999991 999999990
999999991 999999991
999999991 999999992
999999992 999999988
999999992 999999989
999999992 999999990
999999992 999999991
999999992 999999992
