100 960 25
366 375
726 735
630 639
230 239
764 773
239 248
468 477
96 105
688 697
903 912
814 823
145 154
854 863
307 316
125 134
744 753
105 114
950 959
639 648
601 610
564 573
248 257
385 394
135 144
317 326
221 230
20 29
574 583
784 793
440 449
535 544
610 619
941 950
404 413
375 384
192 201
893 902
678 687
774 783
804 813
211 220
668 677
717 726
298 307
87 96
155 164
278 287
164 173
413 422
554 563
327 336
844 853
49 58
592 601
59 68
649 658
583 592
658 667
30 39
268 277
874 883
824 833
288 297
450 459
337 346
258 267
422 431
922 931
883 892
932 941
526 535
356 365
545 554
754 763
69 78
0 9
698 707
864 873
497 506
517 526
507 516
477 486
913 922
40 49
394 403
487 496
78 87
201 210
735 744
834 843
707 716
115 124
620 629
10 19
347 356
182 191
459 468
173 182
794 803
431 440
