100 19814 1000
62 364 65 85 90 57 290 242 40 15 16 57 86 25 33 11 314 66 56 1 343 61 66 421 39 496 164 70 87 624 9 29 495 14 97 262 18 110 341 79 64 54 20 87 346 58 255 400 64 93 69 60 23 7 97 69 19 31 28 40 121 6 39 94 87 243 40 81 7 33 71 64 175 3 254 71 33 205 49 76 74 112 119 188 486 202 74 16 730 13 240 10 43 27 77 134 406 195 31 68
42700 42796
24576 45794
22492 39493
27164 32199
18620 38636
44526 44819
13258 24614
13925 18064
35702 42762
36086 47534
6646 35161
25862 46484
41779 48541
34689 47338
43514 43590
46103 48369
30413 33791
3673 21790
26912 37682
37232 45247
11324 18796
49927 49970
27566 38446
28556 36120
36921 44095
46515 49881
3856 47099
25875 29276
3245 31006
36518 49691
2397 8307
46829 47561
34338 35610
29930 32852
24047 26937
36933 48620
45504 46609
8312 32411
1519 21750
1187 5390
416 17697
14360 31442
3142 29379
48800 49210
31931 48432
22004 38417
36012 44381
7636 25666
3627 4181
21252 42786
252 388
46362 49587
1720 10197
13890 27812
25757 44579
36602 38845
44491 47792
48902 49390
16136 22153
12829 19557
9710 15406
13674 17296
19512 41668
8828 43926
37928 47165
47606 49791
32916 35648
20863 38204
25508 46198
36388 42735
37382 48182
47297 49556
36299 44129
21276 24951
15415 44740
3658 8361
7476 30129
2984 18936
35903 46896
47011 49982
1322 4112
25808 30807
49769 49773
30181 32689
26757 42800
22398 43066
24028 25618
31913 45558
24126 43948
11434 25687
33746 46660
23064 26715
42639 44885
31102 33936
34707 44665
38187 39367
32272 45630
4978 43170
19210 29611
37291 37520
34746 48490
33840 42671
39118 42653
8577 20962
23830 28173
8128 21616
48473 48896
47062 48503
4926 39679
2236 17840
17732 45800
3267 29188
33162 42567
173 28429
26151 28755
31153 44062
1507 27093
29371 38987
13308 21796
5945 22504
31187 34497
45151 47165
588 45060
6868 14977
43665 46568
24611 47903
19824 45418
37755 40193
12088 30893
30752 49915
24848 37425
11415 21006
36929 40606
39694 47430
20887 36800
37169 47849
16243 42176
38278 46277
48892 49561
29011 39958
16649 44997
34402 41679
15545 48263
11764 21877
36507 45221
46091 48671
9142 25214
10830 22514
24082 36974
36585 48277
37117 39814
14266 41308
37880 38214
34117 48212
43592 45990
18385 29099
22197 35044
22329 27296
11725 46914
2732 48786
45234 46278
44286 45117
26168 40871
40565 45636
37080 45191
25980 31184
37664 43748
19555 19930
47969 49111
24317 38611
34608 37805
30592 32910
7285 9757
39545 46442
16639 18588
27558 30845
48109 49110
48233 49231
2470 23049
23772 24693
36899 39855
29768 37468
41936 47591
33068 38531
6958 46508
13916 27391
42372 49920
31823 36402
11833 20400
9569 38253
22908 44489
22127 43355
5613 31007
47885 49829
5889 46101
47315 48712
31585 41571
43804 44849
38955 44378
2470 15669
40240 49132
3604 17015
43236 46390
38975 41848
30018 46441
31265 41803
12678 39262
5944 10012
22544 38320
41 49821
37287 46647
45931 46837
7156 45683
34248 38443
48323 49863
32383 49893
9766 31534
36788 47071
20225 46762
1199 11609
10975 39074
34905 47755
30875 39658
39842 48322
28504 41678
20974 35156
474 48880
28787 43734
27195 30693
37932 47751
44535 48657
24137 27498
26832 34002
44349 45768
13210 43858
20511 38157
33680 35048
34937 44965
9502 13527
5148 32193
15812 26178
7610 13965
15482 32335
11659 24758
29206 39509
21465 33511
48967 49800
13523 35385
94 3420
41230 43188
25696 33374
37327 48584
31797 34981
20306 40657
49308 49819
26438 33862
7109 17998
22671 36648
13429 21513
47203 48208
46470 48931
27341 37173
41540 46975
32910 33680
43985 49209
30726 41052
4785 40778
6943 30273
10639 37722
42835 46513
41767 48667
23489 47798
38201 43391
36060 40382
16621 41096
46140 48245
27833 36058
9883 46185
33197 49664
8264 11375
26519 36450
43048 47004
37631 39087
29472 30522
17485 37905
24908 40223
7693 46414
2620 6669
16946 28276
6929 32553
17937 20245
34468 37146
40433 46375
35600 46414
13986 19982
12803 32559
23986 38463
26673 46373
249 15355
45825 47818
1055 15160
32110 36829
27361 48513
43559 47520
15744 43782
11807 44383
15729 38608
45661 48021
1726 32145
42030 42409
5987 15588
14238 34320
36002 49467
34435 40842
27679 44442
3154 36932
47829 48977
12855 33353
33696 48620
14386 16888
49153 49989
35077 40827
40845 44781
1751 35778
18894 27949
15475 48560
35264 46164
7946 20376
11861 49112
333 33138
12210 18583
84 43124
1328 27814
12201 27714
11900 29385
19390 49454
49431 49806
1635 30793
34838 42246
28416 49916
16627 21002
7602 13248
14202 39746
21973 44539
26093 32112
22863 42093
13729 39313
45573 48590
14703 15137
49780 49986
36612 49546
11529 30934
18657 35574
48393 48590
18267 46493
30314 49250
6588 46514
20008 27826
38352 47565
11905 46899
18121 18299
16889 47575
13820 13842
33303 49766
21042 24154
14054 41093
45016 48687
20629 43795
1519 48198
47672 48785
43308 44169
25444 42851
33241 44145
44807 49676
36018 40173
5677 30465
47993 48384
10012 49451
11731 36103
42617 48061
46841 47154
6305 47895
40120 46608
26562 39899
40465 48640
31886 36274
18202 35765
29055 41428
42842 48770
9117 32071
48017 49699
8362 20465
7758 39253
27623 43363
24487 47177
18236 46524
33445 35847
36020 42064
6373 37754
14702 27439
35176 39301
7133 46385
14659 37940
19417 28100
24464 43987
36157 44333
10828 40480
44614 48812
44967 45801
33786 36835
25895 28868
28047 43713
33973 45982
27647 35867
44510 45658
2939 28789
35107 45177
14565 42039
19945 47373
29108 44716
19882 36382
12052 40566
37923 39715
30963 31881
4500 18062
11926 33648
48339 49466
28274 46304
30505 34895
22131 34832
26131 41783
22616 47331
33874 36227
2164 18021
13259 49898
36927 38795
44504 46729
30116 38479
27158 34155
10769 26028
14725 48578
7641 45909
48347 49325
5797 12194
13233 33179
10494 25195
9316 30175
25605 48690
40629 40747
2396 30715
43722 47992
34651 38904
3563 38678
34651 49630
34613 35701
10350 28414
11275 47481
5957 46280
15760 15832
20424 27091
7982 11305
28962 35302
41090 45507
44771 49528
32253 47070
27420 45807
35589 47279
49830 49892
39602 47545
31612 33275
5425 45922
21036 40539
14212 18083
31513 35214
35424 36974
39836 42607
1918 20668
35167 47088
2300 30664
20176 44306
49241 49892
28309 44443
3739 17906
15186 15847
42365 43156
48564 49642
24185 38705
32393 34539
15810 37750
598 640
48734 49115
40848 43236
47636 49735
35107 43170
30018 38469
1086 42757
23497 25763
22213 22996
17615 20507
12414 48369
8252 36965
15557 47124
27725 37467
14760 44395
69 37577
5338 7998
21623 31796
48884 49738
13373 16623
21968 32374
42212 46351
19693 25386
33213 42485
40702 48016
24734 37817
8394 35238
17439 44149
23517 40170
21678 44318
11846 29233
24891 37774
49031 49810
46028 46747
10793 40623
49067 49346
21557 36091
47379 47799
37355 46591
24790 35932
41727 49601
24170 28764
46519 47416
30839 48089
11966 46500
42779 49721
11045 28519
28294 45052
19453 33166
26590 43213
29789 49428
3804 28722
40498 48653
33870 34957
29210 35323
34531 46028
13032 37064
11890 31881
16196 31280
49443 49751
20840 32835
8996 22415
18948 24816
16725 49071
17930 28593
29356 41423
6594 33036
10579 18792
45240 46837
49189 49276
12521 40815
3604 9497
6746 17596
1318 47184
6945 14781
6211 42453
41513 42516
44217 45860
30899 45733
32424 43917
38640 49008
7063 43805
9832 49667
27069 33488
7493 35265
4136 10005
23368 38477
3194 20598
17732 37007
19158 46492
19070 35306
2520 35239
48579 49447
24666 42670
9698 15000
13296 32807
41806 46327
48973 49548
621 729
187 43759
15467 18289
32552 44961
30728 38456
23971 28514
28374 33199
26019 34658
45772 49625
1184 2738
3077 27076
32152 39612
41298 47103
38716 44701
33748 47734
12192 42867
38051 41894
7998 18264
30730 46284
36884 44018
28936 42847
24849 45681
928 46012
2156 46751
24170 25418
42861 48762
29216 43094
33394 38774
39106 45354
2716 32137
22306 34131
42783 43980
3561 3576
31637 35386
35584 45647
18684 40591
18312 22639
23043 46989
6147 41800
27521 31118
37624 42828
37775 39721
45234 49048
1864 32811
33410 43922
42704 43920
33305 49896
23354 37465
25535 41187
26225 34396
34447 41570
26272 41929
28344 46842
29786 46522
45693 49129
41059 42943
21126 48286
25012 32808
20189 26288
18667 46265
27778 36057
41481 43201
8760 29932
21826 43336
10101 47764
43648 49079
38886 40339
10289 20469
31384 33455
26276 42354
37072 38586
21504 26886
39797 46380
2990 30959
8272 9641
2138 12364
20707 46743
1973 23210
8527 27303
26774 34993
10124 41385
1796 8760
34453 47733
32510 41849
1289 46062
27299 35056
5820 12907
49322 49601
36899 45981
4476 47904
2412 22028
38789 43966
33572 46202
23542 31626
2366 21598
40326 45405
22963 42851
29708 30080
11469 20175
37831 40244
48666 49520
22103 41885
5231 25984
12289 15341
44291 49421
45918 48784
14063 46132
32460 42057
43157 47393
9052 47685
20998 37988
42770 49642
42234 48608
11593 21781
47324 49222
21228 23632
13244 15865
18078 33233
17019 33402
22115 35257
13890 39858
25364 27564
14315 44159
15983 18394
7510 28405
47317 47540
34966 40813
42123 47575
6434 21995
6921 9163
44372 46051
18638 46201
48093 49695
49690 49950
47711 48964
25746 44201
15362 15982
43343 48901
26447 45506
4591 20837
23416 44695
19043 48732
44702 46614
26240 47393
46057 48035
40190 42008
7701 49576
34492 37895
14639 26200
20058 33357
15723 27499
10717 25314
42369 44253
27614 42613
42252 47180
37259 45532
24874 49720
12997 45767
14991 33059
44769 46813
24577 29277
2695 35563
24413 25886
25910 48538
4385 12679
4814 30695
14736 23935
15972 26065
28577 32020
42897 42925
3008 44418
29636 40014
16172 41591
27531 49830
18327 38733
39006 49958
43210 43957
10613 28709
29214 38488
27484 32287
38979 43425
29302 43658
49741 49979
20679 28503
13170 36863
42185 44053
20221 30954
14360 18994
35182 47779
13590 30446
4072 7636
7848 17960
43154 44445
7910 33642
4007 24780
14575 31914
28102 32405
21955 23297
21970 32451
22935 39211
44194 44578
18549 41871
35314 41015
36505 38930
24737 34020
34149 34159
27537 30140
5421 25967
39355 49632
2220 40716
15576 41683
18174 45278
42696 47014
36964 49954
34879 34992
46899 49396
39443 46941
33829 41803
9872 45607
25574 27191
8964 28996
33624 46802
40691 44739
25471 34029
41748 42362
11990 34714
7954 30270
39065 44351
42523 47704
8137 16528
14149 46386
4955 20161
6340 24275
37945 44865
32853 40073
34799 46699
38103 49998
1839 37878
925 33679
25822 28590
36493 49303
12276 21341
20979 32108
29120 37907
34735 34924
45282 46263
45618 46684
26784 28470
19366 47912
48449 49010
3187 7417
21061 33150
27882 32467
47579 49584
35854 41720
32152 36486
19190 46860
21863 45796
35309 36359
35796 49694
33106 41515
16512 18575
34409 39376
40800 41621
37191 45553
3838 45935
36121 49556
17862 29672
20222 31275
34218 40258
22985 28916
35903 48438
9024 15858
20718 21659
31440 47424
3092 36184
45606 48419
15906 25853
503 9627
45853 46510
27465 38713
48975 49128
36008 47646
48868 49292
17010 24958
40510 42647
3755 48290
31778 43735
34890 39235
22457 25292
874 44677
27312 33289
11802 29088
8856 27496
1981 45540
14214 23923
7115 49232
23476 42750
24478 40956
16879 32634
20982 37099
34679 42147
5718 44753
32194 35311
19044 49122
39432 42674
31821 43600
36088 40974
10094 13785
45746 46855
13100 17285
13756 45777
11533 23186
15566 41773
45453 48300
15269 36104
1067 25206
20659 32340
5561 18804
41469 42694
31823 39154
35260 47398
2744 41612
33805 47263
22067 25698
48993 49121
32867 42340
19246 30710
42368 44431
8379 42181
20836 39721
36632 47245
25775 35090
45924 49404
7156 11189
45221 48614
32665 40245
44052 45672
46235 48914
49854 49957
21560 37911
24356 43954
24275 37580
28107 45230
9763 28907
15117 24077
22884 24909
16167 31075
22516 30362
31289 38799
10887 42311
18665 34976
36100 42364
37984 45789
6790 23041
37931 48468
5181 16256
9515 43514
2394 6676
13958 31606
12374 26543
36996 44312
7915 42801
9874 24818
39161 48630
46786 48403
1075 26360
11481 29480
41776 49960
36336 49744
11418 38736
26244 27569
6818 47177
47767 49091
20170 34562
31596 47222
18457 43916
14718 17546
16747 23767
28522 28584
4655 21178
44112 49180
9159 20059
16998 22233
18331 20106
437 45141
35014 38973
49722 49808
47703 48724
6806 21315
3874 38031
48335 48482
30957 45219
7981 45773
6851 33250
24301 32740
18756 38206
21346 26080
7539 22801
42943 43269
44583 49967
5582 31342
19562 31374
47580 49152
48285 49979
3018 39998
42338 43581
5406 28819
43649 45237
9824 30766
16356 26547
2157 46571
1 50000
