100 11389 1000
12908 89 35 81 24036 232 13 24302 39453 56 26859 171 51 210 150 66 113 23429 611 15487 24123 120 280 28217 48368 23227 59 44353 404 34477 11201 47039 46954 35191 64 39622 39700 14218 33 273 33178 22 46097 259 19557 141 30790 48120 11215 27174 14045 3 66 397 10609 33461 9 40891 135 153 7304 128 26641 2 28221 32282 32390 25218 41061 78 585 22067 47373 39626 357 45271 19296 27751 20974 17377 16 2866 30314 661 16646 39080 330 35407 20984 155 46932 583 72 17269 43183 10 3 969 26564 325
31564 40506
16826 29091
22880 25006
23704 35331
38541 45449
36526 39099
37413 37883
5399 33390
27053 33952
13027 29144
41375 45105
23109 41168
1850 16822
23782 26547
42541 47232
18160 27733
41039 46377
23251 35092
24234 45446
18147 48100
27035 30064
20712 48542
37364 37536
12028 20218
31483 46509
16401 26134
33144 49090
7785 34888
27371 34914
32668 36840
42291 47926
29925 41909
21464 45867
15397 44986
13778 26451
17919 20391
2383 3525
45818 46496
41169 46836
45635 49478
16830 48829
48600 49939
46318 48339
5805 18587
14593 25842
10411 44223
2423 42944
48780 48802
43781 49115
27937 46977
21718 31398
8636 43944
6888 28829
12566 48434
36859 44537
40554 41186
49238 49611
17128 23443
24082 24152
37027 44690
15116 39353
43475 49500
36823 44656
9892 48861
19752 38918
25541 38699
10552 42905
34842 39934
1638 20602
35515 40527
40115 46013
26179 34208
23107 29604
19185 34352
48242 49261
23914 40058
37709 39684
38709 43541
9989 10700
19294 36827
19008 46244
28515 38580
4104 35993
36058 48052
3865 23029
21977 46791
31431 34101
44829 46772
31734 45286
12484 26037
29936 42656
3474 16417
5619 38832
6752 44008
21024 31838
4760 36507
3677 42464
5835 23423
45060 46572
4171 42514
47410 48365
17249 33845
43817 45924
3320 24123
32350 33580
2272 24471
31147 33724
18732 31393
40830 48874
37732 43784
46761 49518
42724 46060
15104 24687
15323 25177
33662 46773
42925 46276
48368 49425
30338 45016
30984 34788
22517 25347
15627 37145
14789 41891
44100 47075
33415 49368
42239 42618
3266 38196
4750 48980
49185 49554
26088 27191
49445 49480
15301 37135
14161 18893
11571 41682
7372 10356
11572 23058
32482 37931
37150 41616
12851 39456
30825 40304
27299 37253
32405 43495
18952 42425
33345 34749
48752 49711
1749 19855
46920 47595
18345 27648
35765 43014
22524 34217
14015 21261
39982 43079
6417 16538
27653 45872
23179 47512
8588 42649
10688 40996
41488 49505
36728 40018
3393 34239
13183 38385
34791 44259
4788 10340
32475 45668
8363 40051
36105 48983
17868 26070
39061 44100
16306 30809
49282 49298
3388 35995
11116 24296
25631 49898
14192 23105
27842 49768
37599 49854
31408 42644
33199 36173
48058 49933
41977 44415
19299 22756
7516 14557
9730 10866
17065 41017
803 29716
39285 49644
30198 39079
23162 37021
36143 38625
7541 44871
7956 25949
2122 9573
17506 43026
47740 48577
37401 40798
1445 6638
42491 49078
36148 41424
9713 29394
16234 17951
1110 23543
26076 32935
19066 45362
21796 22624
26528 36689
44000 48484
2512 28981
49265 49825
23350 32394
24430 27069
25601 48073
9695 35310
38165 41988
11890 28227
45609 47431
6856 37243
12314 16405
42713 43185
44342 45564
15228 41792
40306 47949
18896 39347
9173 11705
46311 47418
35274 42298
26053 47670
26674 27827
20917 31165
11968 29298
29204 32489
11 45294
48724 49611
30527 46456
48987 49746
1148 9035
7809 22143
9558 16501
43733 45401
23683 27908
49881 49975
38976 45503
49010 49396
2540 16998
21241 40181
428 5777
48620 48760
42662 48778
6365 29846
15381 27013
9282 36253
17611 34029
44340 49753
4586 6922
45584 49540
38314 38715
44313 47525
24487 39472
47587 49556
36240 45366
4154 47251
22313 45771
38457 44098
44282 44643
24084 38630
41693 47127
15806 44629
24660 43302
25939 45252
32384 38880
10080 29897
23323 49526
8374 18752
1552 11988
4955 45705
14621 41144
20344 32509
5784 36347
2588 28665
40711 42916
15703 49260
35014 42224
43168 49592
41701 46830
28336 45005
9624 24035
36789 47860
4005 12673
28576 31652
40329 47148
46823 47792
3812 44608
25379 46853
42776 48945
43331 46108
23182 46298
38744 39762
10368 24296
10295 18060
10800 23359
29850 37572
25888 43451
31071 39766
41240 42843
28391 45639
36980 38299
29784 42972
41395 47660
31372 32781
10281 47264
7648 25868
38077 49557
43814 48978
19228 30915
18739 40317
22708 48282
32706 35114
12298 31981
43183 48011
44053 47333
21500 30094
47152 49915
26687 46427
33868 42948
43618 46480
7915 38976
36994 41860
36695 42938
32785 33105
43737 45159
16965 33602
48674 49712
278 34623
28453 49102
5987 37194
4523 29662
19982 33922
4046 25360
9483 29393
42398 43648
16949 25875
28719 44252
746 23195
27529 28710
22026 31232
12663 31814
7083 18544
2472 25717
8744 12997
25713 45331
31437 49140
48537 48613
4269 22499
26844 27207
45213 47353
48169 48571
10150 32276
24628 42947
39638 43238
45700 48085
10384 15273
35542 37888
4503 16077
42568 43118
14663 28325
34207 41353
16605 42019
30898 33107
15449 28904
25740 47187
15971 18926
29310 34958
24100 46314
23562 39088
7224 45012
39353 40476
33427 44980
46966 49742
33624 42907
6241 44035
48323 48335
7950 38940
15489 41993
14243 42445
13523 17330
49485 49925
35055 42180
26555 48678
36687 40442
26850 31942
33247 39067
1575 40728
2163 24207
33352 43850
36895 47471
21668 29013
48141 48552
25966 27293
34971 40427
11406 35450
41418 49409
13584 41866
17840 33443
38499 41554
26023 42657
48826 48952
12348 19208
45263 47714
33040 46042
12411 43367
1803 34467
5775 28974
37732 38635
12735 48731
45898 46665
46674 46812
46126 47332
30755 47206
3254 5702
15699 32238
21900 28899
24180 36743
49229 49301
33327 46534
43883 45376
10831 43135
43484 47644
28004 28811
45224 48667
12642 39712
26126 44774
34719 35710
31456 48949
11768 20643
9042 11361
3292 39579
36767 42372
9247 26376
44884 46066
36745 45528
3827 48317
13525 19767
24226 35406
10531 45470
36361 39347
42374 44284
29368 42333
34214 49588
13006 26293
25694 34415
43587 44321
6655 43377
14431 16657
39564 49134
15200 38547
36204 36937
7977 43593
28268 41901
349 23885
9802 34855
7800 17342
8955 14117
12230 25095
29669 37408
986 14973
13238 14298
44201 47605
35035 46485
22460 35833
16618 27022
43346 44470
29241 49333
33211 38239
25572 40861
22158 23639
23179 41841
32436 40778
13553 30576
14058 40849
44318 49940
43651 48734
32878 39115
4580 38799
7408 44546
48087 48859
21433 28044
42344 43723
5486 23720
4811 8664
25261 46840
28068 49055
2149 18961
7229 43904
23112 29433
25828 38528
7136 21089
16922 41643
48984 49804
33941 34876
22943 49071
19214 33279
26649 47744
1588 40349
25357 49692
44888 47667
17367 20286
16111 40437
42696 48249
2787 5234
36241 47607
7602 29806
8236 17909
19805 47491
18307 35845
6187 48302
26775 48073
6467 27991
29770 33694
31253 37564
25093 48386
17458 26166
26083 29292
38928 39846
1156 28860
22343 39067
8555 10802
15190 42480
18257 34751
47310 48189
19104 24254
16678 41698
11768 34826
25606 45362
43149 45170
45884 48011
11878 19311
29130 35269
5712 8169
7381 7584
5978 16367
40728 42648
31223 41216
45391 45841
10303 11104
10125 26428
49853 49931
47398 49625
9506 46791
11669 17684
16897 33535
48887 49517
8113 40792
37439 49838
34414 36547
8448 38735
3801 3947
45990 45999
4867 23431
5549 49265
30358 35065
8008 27015
18460 28670
31644 48397
37750 40266
17026 37093
7046 15912
33208 44267
22981 37675
21089 36331
18078 37211
30656 32826
37649 43796
26385 29752
5761 25246
11441 25354
2246 13752
13313 38498
10748 29426
42902 48746
28706 34815
23660 29188
24476 30921
1166 28327
14610 42562
27296 29470
2223 21320
15702 33556
7506 37050
19802 42505
24656 35108
24442 30924
20032 47188
20679 32194
5838 42302
35559 37535
2888 18382
37779 39412
48132 49477
15066 35705
24952 37165
8412 38876
25009 43787
18801 47600
32509 42722
30656 33709
23984 26115
2216 32276
29923 44512
28986 39302
15232 44522
8828 10504
15544 23475
37064 43112
29437 34366
46411 48426
33912 34982
47446 49702
31508 33617
35792 43606
36193 46937
31955 45612
9874 13325
5659 7192
10975 20389
3546 4236
10692 33397
35510 41379
31696 42693
22873 25995
11383 31656
6464 18403
29953 48707
38973 48120
43368 48575
22486 29857
766 1700
47011 48452
24693 28396
21411 33600
47621 49096
47992 48641
43273 43696
15190 47363
21122 49638
34200 38463
22067 39281
20252 36029
10931 13999
34434 49536
48190 48831
17888 33529
48644 48942
26401 29145
13033 39771
31457 34574
44483 48045
21683 41636
45024 49609
35483 40173
24557 35286
41845 42958
37359 44632
21772 40647
37198 40206
4723 26552
47093 49832
7408 9675
5716 45737
28700 33508
42974 48959
17428 24152
42219 45020
5563 31801
3783 42029
7190 18151
42257 47884
4718 10640
8829 44401
8498 13484
29795 39773
39906 42219
16029 35158
5237 44365
12941 28487
41684 47607
2021 20006
40172 46611
16061 31974
7072 37441
48336 49324
12229 46600
23375 28711
33957 45973
15948 45787
44076 44338
24305 39063
12670 16675
32071 41328
5279 6197
47919 48475
49753 49924
5436 31556
30586 34177
3191 43166
47171 48617
5546 9900
31850 48542
43638 45831
3209 47023
47197 49606
12077 15245
2616 45086
10263 39421
19410 35024
41326 43838
11162 41931
9932 27750
25910 32968
8301 37373
14331 30540
16227 38201
28982 46376
40836 49639
47366 48331
7146 36256
17039 48266
12546 29404
23336 28553
36142 47463
39070 42957
1027 10861
6927 45648
7596 41494
6144 9395
853 2471
21608 23376
38032 40223
46786 48332
8083 39759
11839 27063
43032 47700
5905 31264
33805 38744
35938 49721
1826 12225
6187 26855
9773 32463
29117 37709
31881 41329
2907 9998
47826 49103
18158 30133
46698 47751
49952 49987
45064 45493
8977 34469
25380 45646
33862 34300
45292 47043
9988 22560
37811 45954
37641 47467
19340 44661
3156 11588
42675 48526
26728 49631
6708 45649
37837 38016
10594 17127
18527 32152
27410 47226
11261 34954
11373 37430
47515 48251
27922 41275
12225 13932
15761 32675
49673 49969
11553 32267
5077 38615
43275 49522
9382 47407
4940 46515
46230 48981
35799 37147
45071 46345
20753 46560
4962 49866
2483 10701
27570 39489
924 18678
48822 49847
25692 42865
12730 33646
44842 46071
30446 48039
44735 46288
19606 36835
48409 49350
31112 45877
1465 24186
23633 29626
16693 47806
592 33228
10903 38703
794 36809
20796 42110
49956 49967
4197 24071
41868 47960
34473 40176
40721 46034
15474 37353
1062 12743
32219 44784
45283 48687
25769 43053
48964 49079
607 28092
664 43373
11368 16145
37763 44276
11697 22604
9868 22474
10875 16929
21264 28340
14030 22598
44125 46927
44753 45153
31752 49238
47363 47640
14920 40707
517 29804
26504 45992
47534 49282
19673 47072
12390 30563
15853 46128
45163 46381
43085 48929
34735 35657
38309 49114
23127 27875
10707 21127
25470 40100
26523 30602
42080 44919
37637 45067
12063 22958
22189 41098
1138 16076
21635 43181
40033 42157
13001 45356
24490 29401
15912 34643
42719 47353
4027 26216
36950 44757
10865 23538
22551 32708
8175 24749
19154 36306
32652 39543
6886 48958
6708 13974
44267 45955
11238 46190
26649 29608
36694 46371
47743 47919
26795 44815
48333 48731
7490 12511
41466 47061
17369 26592
21902 36470
27317 30227
32345 40341
30653 44414
25979 29018
29708 47536
35946 48463
12115 37544
9855 34152
42676 46929
873 3684
14216 37056
28760 48708
49962 49966
13443 47778
10426 19983
26979 47841
3948 30292
5622 7519
42710 49305
33197 41951
25861 34243
29293 45650
31704 45824
49714 49909
18196 43368
38072 42560
34142 46948
33952 37327
48836 49911
6929 38318
14773 40227
14148 19448
23876 49623
33463 47917
41961 45894
43611 48560
25759 47729
49143 49450
40007 43203
36706 38764
15908 37584
39436 42942
10974 13806
16518 30488
45487 46355
23621 40591
2648 17294
14339 20092
48077 48607
47726 48113
11077 23911
6280 36523
21243 29570
25957 26308
34928 47154
43024 45387
41382 44850
41110 41459
28838 29527
24537 27287
42123 44275
750 41211
31093 39782
34943 35548
5240 21503
34763 44986
35530 36757
38465 38502
37992 44115
2168 32464
26209 49338
26282 29119
5849 44300
48549 48875
49240 49802
47721 48916
36745 45665
37212 48121
24187 28725
9513 33965
24179 27795
40204 40944
46264 49138
26840 46808
24022 29720
46705 47431
44092 49169
31026 36706
22446 35685
5129 36034
12003 19250
45846 48100
47336 47567
45568 49641
5115 33927
22303 47213
39424 40829
32483 34018
15440 18792
11916 46091
43557 46512
30175 32088
18880 28495
30216 40930
23459 35004
12482 13389
39607 44067
21201 39852
3928 38711
38632 45098
14180 43103
20739 45417
44911 49008
47695 49086
26209 47099
21629 32486
13158 49499
8259 38245
4909 26289
25706 48795
40026 41845
35137 35966
29029 37222
40 21638
1 50000
