verysecret
69 152
2 8 30
7 27 125
13 47 114
66 36 66
9 7 117
13 53 50
2 1 39
10 12 22
29 17 92
38 41 68
42 51 90
5 2 39
6 13 117
2 54 88
23 24 126
64 22 93
55 11 115
34 48 123
17 16 30
63 49 13
11 33 93
32 12 35
34 29 17
32 43 35
46 10 87
19 69 140
15 20 129
31 62 11
5 18 121
10 3 143
6 5 108
25 11 8
24 49 150
42 19 84
38 12 12
9 52 113
57 24 49
26 22 32
35 15 143
26 40 132
23 9 40
14 9 30
67 46 109
14 16 35
21 8 66
1 7 3
50 3 104
28 7 38
36 21 26
58 57 125
9 31 7
32 65 103
44 19 9
16 19 45
34 39 27
6 15 141
37 29 128
23 45 14
59 17 150
22 2 145
30 24 1
22 61 146
2 3 13
60 41 124
56 55 114
68 14 1
2 4 115
11 7 77
