2472 1981 2472 831 2472 949 2400 1461 2400 2425 1272 2425 1272 242 298 1745 298 1745 130 1745 130 949 2400 1745 298 242 1272 242 3 548 269 548 269 348 495 348 2186 1106 2101 2454 2186 1106 2417 2489 2417 1106 2186 548 2186 2454 2101 2305 78 1231 685 2385 2143 829 2143 1786 1882 1786 1882 1786 2143 829 1882 1786 2143 275 2140 358 1587 1503 200 829 2143 275 1037 2072 751 857 1989 995 84 995 1989 995 215 1106 2417 2489 1037 2072 1989 995 215 548 3 115
814 835 1735 2105 1757 2105 1757 2105 2463 1897 1757 2313 2326 2137 2326 2137 1401 970 1401 970 993 619 984 2281 984 1798 15 2281 558 2466 1621 1127 2292 1127 2452 1127 2292 1127 328 1870 328 1870 328 1127 2452 1367 2452 736 328 1870 310 132 950 2460 2188 410 838 410 838 2460 2188 1025 1125 1025 1125 1025 1125 497 1125 1654 444 2337 444 1654 1659 1911 1659 1654 444 2337 1314 2337 1659 1654 1125 497 1763 497 1659 2337 2161 1889 444 1889 2298 1889 2161 1889 444 2337
1394 1888 1394 878 1394 689 645 689 645 62 1303 8 1303 8 1303 738 1185 2275 1185 2250 373 500 805 551 359 551 359 2020 359 1289 1361 1289 1361 1289 2194 1289 805 551 805 1289 2194 1289 359 2020 784 2324 2278 2324 784 923 1174 113 1535 1227 2075 2119 2075 2122 1891 2122 2075 2122 1716 1950 1891 2122 1891 695 515 695 515 1950 515 695 1891 1950 1438 1677 1166 1645 1767 1933 1767 1781 280 1933 280 946 2429 1631 1359 1117 515 1950 1891 1248 2207 1963 1162 2040
1732 1599 1290 1056 1290 1599 1732 222 1222 799 2190 1826 552 1812 552 1669 552 1826 552 1826 552 1669 2163 1669 2027 879 2163 2062 2163 1669 552 1826 552 1812 50 1669 50 2062 2145 652 219 1708 644 1375 1443 1375 2401 2483 2401 1708 2401 1708 219 652 219 652 2401 652 2145 652 2401 652 219 174 233 547 233 547 2190 547 942 1568 1377 1568 2246 1568 1377 1568 513 1568 2246 326 2246 326 367 20 656 2331 1570 1590 1570 1590 1570 2331 2071 326 2071 1091 2071 1091
1238 1982 1226 712 1226 712 1238 712 356 712 1709 2006 2191 2006 2191 1834 1709 1834 570 1521 1920 454 168 1830 1920 1830 1920 2357 205 1830 2266 1830 205 1466 622 2357 1920 454 532 875 570 1678 1698 292 153 1283 929 285 929 292 153 292 929 285 1219 285 1219 2456 2310 1634 2310 61 2310 2456 862 1466 205 1830 2266 2399 2266 2000 709 229 709 35 243 1335 1541 2444 1541 1335 168 1335 168 251 1647 1892 2294 2045 2258 2084 2111 1167 1151 1167 2086 1167 2086 1167
739 297 739 2263 739 2263 539 2263 539 501 2297 102 491 1275 1846 854 1646 681 1534 2044 1895 1514 121 1110 790 842 1507 501 1507 102 491 1044 1906 2221 1454 797 2204 797 2204 1265 2076 1425 1378 2091 282 2288 640 2288 960 2288 960 2288 640 972 1108 224 1108 972 996 972 1108 972 640 972 165 1444 568 427 277 933 787 1602 640 2288 2032 1209 2092 1209 787 609 277 933 568 1444 996 224 100 697 1455 1004 853 1444 853 697 1455 1004 1455 765 223 1004
2431 1556 2033 926 1102 2050 1102 1781 1767 1781 280 946 2429 1556 2431 2470 2003 1618 2003 2470 690 621 1499 1103 1499 695 1891 1248 1891 1950 1891 695 1891 1950 1716 1950 1438 1677 1887 1933 1166 1645 1166 1933 1166 1677 1166 1677 1438 1117 1438 1117 1887 1933 1166 1677 1887 1117 1887 1677 1438 1677 1166 1677 1887 1117 1438 1677 1887 1677 1887 1117 1359 2262 2429 946 280 946 1102 2050 33 1482 1767 1933 1887 1677 1166 1645 1166 1888 1166 1933 1166 1645 1946 1482 610 953 2319 2360
2054 1399 281 1722 281 1532 509 1542 1592 643 1028 1662 2285 668 2053 2098 2285 668 2285 1662 1028 668 1028 643 1592 92 112 2011 2476 2011 1344 2011 1050 2094 1725 2336 1725 2094 611 2094 1050 2011 2476 1662 2476 1334 1899 341 1899 985 1899 2336 1856 341 2351 2098 1286 2098 2351 2098 1286 1539 954 524 764 1119 1462 524 2361 1588 262 2449 1844 319 1844 2449 262 1588 2089 128 2361 524 764 1833 1049 1383 1049 1833 1049 1383 913 1383 176 1383 1049 1383 1049 1833 2408 59
1560 2092 1209 787 1209 1807 2284 1807 1209 1807 1209 1807 1209 2092 1209 1807 604 1807 609 2474 609 2474 406 2474 406 1218 2042 1139 442 1824 1494 706 1384 2484 1384 706 2445 1477 1345 1477 1345 1477 1345 2438 1236 1169 1236 2438 1345 2438 1236 706 1236 1169 1236 2438 1381 2438 2445 2438 1381 1269 1381 1671 937 2096 1284 1814 152 1814 1253 1157 925 1239 677 2012 677 1239 337 1239 677 1307 677 2012 677 2012 677 2012 677 1239 337 1307 947 189 337 189 111 2096 152 1157
2320 1431 246 1431 1806 474 865 474 6 754 818 1076 818 743 1228 743 1075 743 1228 1471 1228 1471 818 1076 818 1076 1702 1471 1228 743 818 743 818 754 1386 474 1386 639 1386 474 865 474 6 711 1075 754 1386 1076 1205 639 1806 1431 865 474 865 474 1386 639 1386 754 818 1471 1228 743 1228 743 1228 743 1228 1471 1228 743 1075 743 818 1471 1228 1471 1228 1471 1702 1076 1205 1837 2198 2304 726 2304 1571 2138 1571 2304 2198 1837 2198 605 1205 639 1806 474
577 372 577 1187 458 158 458 150 1936 150 915 1305 458 1305 915 880 641 1114 133 1259 527 1452 1908 873 1819 1259 411 1259 1819 873 1819 1452 527 1259 133 1903 1819 873 870 1147 1282 1903 133 1114 641 638 1060 638 887 1667 1123 848 722 848 722 2390 2154 2390 1397 1199 1279 1715 2367 557 1279 1199 2174 1149 1279 557 563 557 1279 1715 2367 259 1024 1502 16 15 2281 984 619 984 1798 15 2281 558 2281 558 2466 1621 2466 1511 368 1243 368 1243 619 2283
568 249 308 49 308 49 626 817 734 249 734 427 568 1444 853 697 1455 1004 308 49 308 249 308 249 734 49 734 817 734 49 1135 1487 308 249 853 249 853 1004 853 249 308 1004 308 1004 853 1004 308 1004 223 1871 223 1871 1810 1360 452 1321 2171 1321 110 1360 452 2245 660 488 2167 1679 596 2147 2076 1497 1378 1918 1900 443 1124 1265 2080 2147 2076 2147 2076 1497 1378 1497 1378 1497 1154 2147 596 1420 1276 1422 2354 851 1495 851 733 1189 1912 533
134 76 134 895 483 1002 1968 1327 1968 1002 1968 1002 1673 2247 579 2247 579 424 579 1615 378 603 2433 603 2433 2197 318 2197 2168 127 2175 127 691 1947 318 2197 691 1237 691 1237 1847 1098 1673 1002 1968 1327 1968 1327 207 1202 1329 1433 803 1639 630 825 67 1930 718 1465 1285 226 2200 1449 374 1093 630 1093 2418 825 630 825 67 825 630 1093 630 825 67 377 207 377 1710 1930 718 1930 1710 628 349 1327 349 1416 349 519 553 1988 553 28 1964 228
210 2074 210 1211 398 296 398 493 398 1211 1429 591 1155 591 2251 1792 2251 1211 1429 591 2251 1211 1429 87 1750 542 1310 135 1155 591 2368 591 2251 591 2368 218 1460 2372 265 2372 1460 2372 470 2392 407 2392 708 2461 1896 1657 708 1264 708 2392 265 2372 265 1264 1328 1264 319 586 265 2392 470 2392 407 2461 708 2461 1896 1657 1896 2461 300 2289 1070 13 670 1020 658 1991 1988 553 1851 1884 1557 980 658 980 905 1613 905 2095 199 2187 199 2187 1557 2187
1289 2194 345 997 878 1617 878 1394 689 944 1645 1767 1482 610 1482 33 1781 1767 1933 1767 1933 1166 1677 1887 1117 1359 2262 2431 2262 1359 2262 2429 946 280 1781 1767 1482 610 953 33 1482 1946 8 1946 1482 33 2050 2319 2050 33 1482 1767 1933 1887 1117 1887 1631 1359 1631 2429 1631 280 946 2429 1556 2033 53 1855 1069 1855 1651 1911 1659 1654 1125 1654 1659 1654 444 2337 1314 119 651 569 331 2134 1747 1783 459 1783 1747 1783 331 2134 651 119 53 119 651 2134
1214 590 1440 2456 1440 590 1440 1813 1643 1134 318 2197 318 1947 318 1947 29 1237 1847 1358 469 1130 469 1130 578 2473 431 1358 1281 839 1564 872 469 2473 578 1859 578 2473 431 2473 431 1156 475 1156 431 1098 1673 1002 483 1202 483 895 475 1859 475 1859 134 76 134 76 2349 1433 2349 76 2349 76 1329 76 1329 895 483 1156 431 1156 475 895 1329 76 134 1859 578 2473 475 1156 483 895 1329 76 2349 76 2349 1639 803 825 2418 1093 2418 825 803 1433
1976 1308 1714 2041 993 619 1243 619 1243 1308 1976 2009 1714 2196 1638 2196 1714 2009 621 690 621 2009 1976 1751 2470 690 2470 1751 2470 690 2262 1359 2262 690 2262 2429 2262 1359 1117 1438 1117 1887 1677 1617 1888 1617 878 997 345 573 345 573 345 2194 1289 1361 113 1361 345 997 388 2075 1227 573 1227 2075 2122 2075 1227 1535 1227 1535 113 1174 113 1361 923 359 923 1174 311 861 311 1333 864 1174 864 2371 1907 2371 1907 2496 1907 600 1680 1013 811 2496 1907 2371
1198 424 1884 1557 1884 1615 2187 199 378 199 1161 229 709 2000 709 229 2433 603 2168 2197 2168 603 1161 199 378 1544 378 199 1161 229 709 1233 1567 1134 1643 1813 1643 1134 1567 2399 1567 2399 205 1466 622 1466 622 1466 622 516 862 2456 862 2456 862 516 862 516 1219 2456 2310 61 1219 285 2057 285 2057 1283 692 1016 692 1939 2179 508 2057 285 2057 1283 692 1939 2179 1939 2391 1939 2179 508 2179 508 886 653 2179 653 648 464 886 1297 1748 1297 710 464
2183 2162 1388 2162 1388 1445 2183 1445 2183 597 1528 1990 1593 1990 415 1039 1528 1990 1273 1590 824 1590 824 816 877 1707 232 336 1475 336 232 1707 232 20 232 760 232 336 1524 336 232 760 232 1707 1475 336 1524 336 232 760 656 326 2246 1091 2246 1091 2246 326 656 2331 1570 1434 1570 2331 2071 1091 2071 326 2246 326 2071 2331 2071 1434 2155 2488 2155 297 525 1543 2192 1740 539 842 790 1531 1365 1740 1363 2263 137 468 1065 468 2297 102 491 1044 171 1044
2135 1208 1566 1368 1207 815 404 635 404 1208 1566 1368 1566 1208 293 635 1414 2104 293 1821 2135 1208 404 635 293 1208 293 1821 2135 2434 2135 2434 466 2434 533 2249 533 2434 533 2335 533 2434 1566 2434 2135 2434 1566 2434 533 1912 1189 733 1346 1622 465 1912 1189 1495 2252 110 2252 110 1207 815 1360 110 1321 660 1084 149 1084 660 1084 100 224 149 224 149 1679 149 1679 149 1084 100 224 996 697 996 972 996 697 853 249 734 49 1135 1487 1027 1054 1604
18 1593 597 1593 18 1593 18 1593 2162 1388 2162 1388 1293 1145 105 478 543 1815 1426 1701 473 1077 323 1736 758 1701 758 1200 419 1428 1402 2080 1265 2080 1402 1428 694 2080 1265 1124 443 1454 2221 1906 2221 1115 2221 1115 46 1115 1407 2005 1173 2039 1730 351 2273 1439 86 157 1994 157 1994 157 2216 157 1994 2348 607 2348 1994 1266 1994 157 2216 1266 681 1534 2044 1731 117 1731 2044 1534 1514 1646 854 1646 2268 1530 181 2005 607 2005 1407 876 181 2005 181 876
1490 2308 1490 1571 2304 726 1490 2362 544 1961 74 1689 426 1961 194 1961 194 686 1285 594 1285 226 1788 1533 1788 1930 67 377 207 1433 1329 1433 207 1433 2349 1639 803 1639 803 377 1710 1930 67 377 1710 377 1710 377 67 825 630 1639 803 1433 2349 1639 630 1093 2418 1093 374 1093 2418 1449 2200 1533 67 1533 2200 1533 2418 1093 2418 1093 374 1449 374 585 1664 1689 426 1961 194 1354 194 487 507 1354 544 1961 74 686 74 226 74 686 194 1961 74 686
2287 1925 1464 48 1464 48 389 48 2421 48 1464 1925 2327 753 683 385 683 994 612 343 612 994 683 385 917 1357 917 1047 917 2180 1729 940 771 750 1665 545 1665 545 1665 750 771 750 1665 750 649 940 1729 940 1729 1840 682 1840 396 943 761 1840 396 1393 1255 1393 649 1393 649 595 236 1393 236 2034 272 2464 195 305 270 408 270 408 270 408 1071 1424 2322 1101 299 2462 1728 2462 1728 2462 299 1101 299 1101 2029 1150 39 1280 1315 1280 2209 897
1828 680 1447 680 2233 1753 1742 1926 1527 732 1527 732 1553 145 1553 2181 728 732 1553 881 1553 732 1527 1926 728 1563 1873 1563 1742 1563 728 1926 2056 380 1527 1926 2056 1926 728 1926 1527 732 1901 732 1527 732 728 1926 728 1563 1873 746 1873 1008 2293 2309 2293 1008 1873 1008 1742 1563 1742 1926 1742 1753 2056 1753 2233 320 769 361 109 763 1958 763 387 421 148 2395 2430 1419 2124 2097 2430 2035 462 2035 2430 2035 561 587 1685 890 561 1758 561 2035 462 730
2233 1753 1742 1563 966 1111 2296 1111 175 1111 2296 881 1235 2299 2439 2129 1623 1143 1561 1143 4 1099 1995 1246 4 1099 1995 1260 2242 1296 1343 1296 675 1835 675 582 2146 1972 2446 582 2146 429 89 429 688 759 2257 2328 688 429 2146 1972 2146 123 1616 1349 2242 1296 675 582 1616 123 2146 582 675 582 1616 1296 1616 582 675 1448 1848 1835 2446 1240 2455 1835 1848 1835 675 1296 2242 1260 2242 1296 1616 123 2146 123 1966 123 2146 582 2446 582 675 1296 1616 1349
2006 2191 2006 1226 2006 1226 712 1709 712 1238 712 356 1863 1709 1863 1709 1863 721 1678 721 1834 2191 875 2191 875 2191 1834 721 1678 1698 2357 1920 1521 570 875 532 454 532 1252 2294 1892 376 116 376 772 376 1892 1647 2444 1647 116 376 1581 2294 1581 2294 2045 800 875 532 875 532 1252 532 875 570 875 800 606 800 2045 800 1252 2359 251 1541 1335 2266 1335 168 1830 168 1830 205 2357 1698 1678 153 292 1698 1678 570 1834 570 1521 532 1252 532 454 168
343 969 245 969 245 1469 757 577 158 969 150 915 150 915 150 458 1305 915 150 1936 343 969 245 1469 1688 2164 1688 503 1277 844 1778 699 1094 1046 1090 798 1090 1046 1090 1395 1026 1395 1090 798 654 2363 1682 2363 1391 1766 1391 2248 1682 403 1682 979 654 2363 654 979 1090 1046 1779 403 1779 844 1277 2164 1909 844 1277 503 1688 2164 1277 327 2412 1545 1573 1545 2150 1545 2150 998 1574 1506 1523 1506 1383 1049 1383 1049 59 913 1383 1049 1383 1049 1833 1049
1216 555 22 156 1380 495 344 571 43 571 1216 571 344 555 344 156 22 156 22 914 329 225 2183 597 2183 2162 2183 597 1593 597 1593 2162 858 1293 1077 2214 2290 1760 739 297 1363 297 525 1434 525 297 525 297 739 1760 2155 1760 739 490 739 297 739 297 525 1091 513 247 288 1708 219 174 219 652 219 1708 644 1708 2401 1375 1934 927 1443 1375 1934 1375 1443 1531 790 1485 1443 1375 1934 1375 2401 1375 1443 927 1895 1485 1443 1531 1443 1375 2401 1375
100 224 996 224 149 1679 1154 2147 2080 694 1428 419 1200 419 2398 2128 2058 2128 2204 797 529 2221 1454 797 529 2128 2398 419 1428 694 1131 167 1131 1420 1131 167 625 167 1428 1402 2204 797 2204 2128 2204 797 2204 797 1454 46 1115 46 321 46 1115 46 321 443 1900 1918 1378 1425 1124 443 1454 443 1124 443 321 448 2256 1407 2005 1407 2005 181 1530 968 1530 2268 1530 1994 157 2216 2500 681 1646 2268 1530 1994 1530 181 1530 181 1530 1994 2348 1994 1530 2268
1832 2176 1955 2276 1955 2176 1515 32 1515 2369 1006 234 1006 715 1584 27 1584 27 2453 777 2453 1484 1831 672 317 1785 1316 672 1998 672 1998 1268 449 27 1423 1948 1486 1637 1486 1948 2261 2177 536 1030 804 1030 804 400 776 1385 776 1385 1628 400 804 1030 804 400 804 1030 536 400 776 720 776 400 536 400 776 720 776 720 776 1385 840 2230 1628 2177 2261 1637 124 1642 1547 1188 1660 819 1660 729 2365 729 977 1800 2365 2467 1271 2201 2239 2201 2239 1031
1307 947 1307 947 1603 1505 1603 1560 1816 193 11 604 1807 609 1807 2284 11 1066 11 604 2474 1141 2244 427 734 427 277 933 165 972 165 1444 165 933 568 933 165 1602 787 933 165 1602 165 1602 2032 1602 640 978 282 2091 282 422 960 71 960 2059 1042 1579 1042 2059 1488 2142 1042 2142 1488 422 960 2288 282 978 282 978 1108 972 1108 855 14 2091 14 1497 1154 1497 1378 1918 1378 1497 14 1497 14 2091 693 1652 693 1652 693 1918 1900 443 321 448
1050 2011 2476 1662 2285 1662 112 2011 112 2011 1050 679 1344 2479 183 2479 1344 679 1344 2479 1344 92 1344 2479 183 1520 183 679 1344 2479 183 1520 183 2479 541 2352 1001 1741 1841 240 730 2217 1960 1610 1608 2494 869 2494 1608 2481 1608 1610 869 2217 730 462 2097 2124 1898 179 1898 179 1898 179 1898 2124 2097 240 1841 2330 869 2494 869 2217 1960 2300 587 2300 587 1685 890 148 421 394 890 148 421 1958 361 109 1885 769 1885 1765 2286 1765 1885 769 1885 1765
854 1450 854 1846 854 1646 2268 1266 2216 2500 2216 157 1994 2348 607 2005 1173 2256 46 2256 1407 2005 1173 1794 1173 2039 607 2348 181 2005 181 876 968 1697 1044 1697 968 876 181 2348 181 1530 2268 1646 1514 1534 2044 1 178 1 1144 1 2044 1 178 1 2044 1 1144 1055 1144 1731 927 1443 1531 644 744 644 744 644 744 644 1708 2401 1375 2401 652 2145 652 219 174 233 1826 233 1812 552 1812 552 1812 50 1669 552 1812 219 652 50 2062 50 2062 1548
1536 1612 1017 1612 752 177 2136 177 1456 177 1017 2427 1489 2427 1489 747 2136 2427 1489 2427 2136 1309 2340 5 52 1674 416 1997 416 1585 919 717 1340 717 945 1984 1080 463 945 1984 416 1997 1080 463 1080 1195 1536 1997 752 177 1456 1674 752 1612 752 1612 1017 2427 2136 747 42 1309 42 747 2136 177 2136 1309 2340 5 2340 258 1901 258 1527 380 1858 383 42 747 1489 1180 362 1398 2243 2278 362 1398 362 629 1756 678 866 1636 2478 2366 1879 252 1879 589
778 896 778 58 2347 58 778 896 1116 896 1116 1836 91 964 91 989 390 316 390 2024 1107 1802 504 460 1874 511 1916 511 831 511 831 1183 2259 1183 2259 89 2259 89 2259 1183 831 559 892 89 429 89 2259 1033 1822 460 1822 1966 1822 460 504 1504 1916 1504 1874 1504 1874 511 1874 1504 162 1504 504 1802 185 742 185 1802 185 1802 1107 1802 504 1802 162 1504 162 1504 504 460 1874 1183 831 559 831 2472 489 2389 1893 457 588 1304 1234 1713 1234 1294
1434 1570 1434 2155 1434 525 1434 2155 1760 2290 490 1065 323 1736 758 1200 496 2398 496 1200 1426 1122 167 625 907 1122 907 1582 868 625 167 1122 419 1200 1426 1122 167 625 907 1815 105 1701 758 1200 758 1337 496 1200 496 2058 2128 2398 496 1337 496 1200 1426 1200 758 1200 758 1200 1426 1200 496 1200 1426 1701 473 1701 473 1701 758 1200 758 1200 1426 1701 758 1337 976 1640 2345 1640 1670 1736 473 1145 480 478 480 478 543 1582 907 625 868 625 167 1428
1827 2108 257 2015 1827 2149 599 2015 1827 287 1827 287 65 287 65 1038 371 1038 562 1038 2224 432 2224 432 1801 432 663 57 1043 222 1222 1526 552 1812 552 1812 552 1812 233 174 233 1812 219 174 233 1812 552 1669 50 1812 233 547 942 56 357 1599 1801 1599 357 430 1290 209 1290 209 1290 1599 1290 430 731 430 357 56 357 56 357 1599 1801 209 371 1038 371 2307 562 423 65 287 65 423 2229 1971 2229 1971 2001 1971 451 1967 1525 1971 2001 1559
352 1962 352 79 352 1003 352 1003 2119 2075 2122 2075 1227 2075 388 1716 1950 515 1950 1716 388 997 388 2075 1227 573 113 573 113 1361 1289 1361 923 784 311 1333 580 600 1907 600 1907 2496 1907 2414 1907 2496 811 600 1907 2414 1225 2414 789 1003 789 79 352 1962 1326 1962 2419 1897 439 1897 439 615 849 1962 1326 2313 2419 1897 439 1184 2463 614 2471 2388 1554 339 2160 1683 2160 339 741 835 1735 835 455 339 1554 1196 2420 2409 1578 2409 918 2465 2 1683
2429 2262 2429 2262 1359 2262 690 2262 2429 946 2429 1631 280 1781 280 946 1102 946 2033 926 2033 1556 1855 53 1855 1556 2033 946 1102 926 1018 53 119 1651 119 53 1018 651 569 331 1022 2161 2337 2161 1889 2298 714 2298 1022 2161 2337 444 2337 2161 2337 1659 2337 1659 497 1125 1025 1217 2460 1217 132 310 132 1217 132 310 132 1217 132 1217 1025 2188 497 1763 497 2188 2460 838 1136 838 1914 1197 662 749 1136 1618 1922 1976 2009 1714 1308 1243 1308 1714 2196 1103
1273 1590 824 2331 656 20 2497 1299 2497 1299 1057 1696 1057 1299 1057 430 1290 209 1290 209 239 2307 239 1910 2068 1910 2002 1910 2002 1910 2068 1559 562 423 65 287 393 423 562 1559 562 2307 2068 1910 239 1910 2002 1693 1524 1713 1234 1294 1203 346 1203 1294 1234 1713 1234 1713 1234 1194 1481 1713 1234 1713 1234 1304 588 1294 1893 457 1461 956 949 2400 949 2472 949 130 1981 2472 949 956 1893 457 1893 2389 1932 2389 1893 1294 1234 1194 1203 2389 1932 559 892 1113
563 557 563 1149 2174 1163 1738 617 1738 617 66 617 66 1894 66 1894 2458 1894 334 1291 389 903 1464 48 2421 48 389 48 2421 445 2287 2499 682 445 1464 445 2287 2499 1777 2499 682 1840 1729 940 1729 2180 1729 940 1729 940 396 940 396 1393 396 1393 649 1393 649 940 771 940 1729 1840 396 1393 649 940 771 2180 917 2180 1729 1840 761 943 1255 1085 236 1085 313 1803 272 1743 863 701 863 1750 542 1310 135 1983 998 1983 1467 1983 998 1573 1545 1463
44 1103 2009 1103 44 1103 44 1248 1162 1963 2207 1248 1891 2122 1716 388 573 345 1361 345 1361 113 1361 113 1174 311 1174 864 1333 864 1174 864 2371 864 2371 580 1311 1415 139 1126 2184 1172 666 1172 666 1858 383 2340 258 1901 258 1527 380 1858 383 42 383 2340 383 1172 1036 1704 666 1172 383 42 1309 2136 1309 2340 383 1858 666 1704 45 1447 680 1447 45 1516 1370 1516 1370 1765 320 1828 680 1447 680 1447 666 1858 383 42 1309 1456 177 1017 2427 1017
683 286 1192 324 1041 324 1192 245 612 994 413 397 793 2210 793 2210 334 1894 1432 2468 1432 848 1432 1894 2458 617 66 617 1738 617 2458 1291 389 48 1464 445 2287 1925 1464 1925 1464 48 2421 467 682 445 682 2499 1777 385 1041 324 503 1688 1469 757 665 1909 2164 1909 2164 757 2164 757 2164 757 577 158 458 150 458 158 577 158 1469 757 577 158 577 757 2164 757 2164 1688 503 1277 503 1277 503 324 1041 385 917 1047 1665 750 1306 595 1306 1537
2106 1312 852 820 1318 231 1318 1312 2144 1104 2144 1312 852 1312 1318 820 1318 1312 1318 190 2029 859 1313 1150 39 2411 1012 1478 211 1104 2144 231 1012 2320 521 1478 211 1104 2106 2077 1880 2077 1880 2077 1079 1754 1079 1258 1880 2077 2106 1312 2106 2077 1999 1754 1999 1754 900 1510 1176 1510 1074 266 1074 266 1213 494 1999 1754 900 506 900 1754 1079 1258 1921 2070 211 1478 521 2320 206 1280 206 2320 1431 1806 639 2088 154 246 521 1478 2144 1104 2106 2077 2106 2077
1559 2229 1971 2001 1971 2001 1353 2001 1971 2001 2329 2002 2475 1481 1713 1234 1194 1203 1194 1234 1194 1234 1194 1203 1194 1234 1304 2373 1707 1475 1713 1481 1713 1234 1294 1234 1194 2253 1160 1805 1353 451 1967 1668 941 2315 2007 703 151 703 1959 2178 1959 1352 845 556 845 1451 151 1451 845 1352 1959 1352 1959 2178 2201 2239 2159 315 2201 2178 1959 703 2007 2315 2007 2166 2007 2178 2201 315 1800 315 2201 2239 2201 2178 1959 703 1959 2178 1959 2239 2159 2239 2201 2178 2007 2315
524 2361 1588 2089 1274 822 1575 822 263 623 382 1096 202 2393 202 1096 202 2316 264 1577 264 906 264 1577 1717 637 1355 906 264 906 1355 1878 366 2301 366 1797 1223 2279 366 1878 366 1797 1724 1797 1223 1797 2492 450 930 922 2018 802 1223 2279 212 637 1355 906 1717 637 1355 906 1083 1986 283 1986 283 1625 309 1625 2078 1625 806 2393 202 1096 382 1096 382 623 2010 1577 264 906 1083 906 1355 906 264 428 202 428 202 1096 382 1558 263 822 1575 822
521 2320 1431 1806 154 1215 2138 2088 1837 1205 639 1386 1076 1702 1076 1205 639 1386 474 1806 639 1205 1076 1386 474 6 754 1075 743 1075 754 1075 743 1075 711 2060 2209 897 1313 859 2029 1150 2029 859 2029 1101 299 2462 299 859 2029 1150 1313 897 2209 1280 1315 865 1431 1806 474 1806 154 246 955 1354 544 1961 74 1961 194 1354 507 487 194 1961 544 2362 2138 1571 1837 2088 2138 2362 1490 2308 1490 1571 2304 726 1490 726 1490 1571 1837 1205 1837 1205 639 2088
622 292 1698 1521 1920 454 168 251 2359 454 532 454 1920 2357 1698 292 153 1678 721 1016 692 1016 153 1678 570 875 532 1521 532 1521 532 1521 1698 292 1698 292 1698 1678 721 1016 153 292 929 1283 2057 1297 2057 1297 886 653 648 653 2179 874 1118 30 107 2036 364 2117 1458 2107 1458 2291 364 2036 107 2036 834 2036 834 353 2115 2260 1522 1241 1749 353 1749 1241 1749 2291 1458 2117 107 2153 727 435 727 2402 727 350 1586 314 1011 314 1974 1493 2448 227
21 2127 1331 2127 1331 2410 2301 2410 1331 1356 1040 2410 2212 2410 1331 1508 434 1917 21 1917 1629 304 1249 974 21 974 1759 479 244 479 1759 479 1759 479 702 479 1759 479 702 1882 702 200 829 2143 1786 1882 702 1775 1062 1775 1062 1436 235 2382 2172 2255 788 1051 2459 1356 1331 1508 1331 1356 2459 1051 21 2127 2459 1356 1331 1356 2459 2127 2459 2127 2459 1356 2459 2255 2172 2255 827 2255 2172 2443 788 1051 2459 1051 1759 1775 702 1882 829 2140 275 1037 2385 2143
163 1218 2042 1218 2042 1218 1251 2043 2042 1218 1251 1218 2042 2043 952 2043 2280 1169 1236 1867 1236 706 1384 1417 1384 1417 1384 2484 1384 706 2445 706 1494 706 1236 1169 2280 1169 2280 1867 1236 706 2445 40 55 1421 2236 2067 1540 2067 1540 98 1540 2067 1540 2067 1540 98 620 98 1540 2067 2236 2067 1540 98 1540 98 1540 98 1540 2067 2236 2067 1540 98 1540 523 2236 523 2457 1421 2236 2067 2236 1421 55 2484 1384 706 2445 2438 1345 2438 1345 1477 1345 2438 1236 706
1057 430 731 1956 2246 1956 2246 1091 525 1091 513 1091 525 297 2155 2488 2038 2488 1570 2488 1273 2488 1570 2331 656 20 232 760 656 326 2071 2331 1570 2488 2038 18 2038 1760 2038 2214 2038 18 1593 1990 1528 1379 891 225 2183 1445 425 225 891 597 1593 597 891 1379 22 1379 1528 597 1593 597 891 225 891 914 1479 914 329 1221 126 1221 201 704 126 899 1944 1850 1626 1850 2424 1850 2424 704 2424 1850 1944 1594 1620 2031 1372 78 1372 78 1372 982 1231 78
1735 2105 2463 1184 2463 614 2463 614 2471 1184 439 1897 1757 2313 2419 2313 1757 2313 2419 615 439 615 439 1184 2471 2388 741 339 1554 339 1554 1196 2160 1196 1554 537 1554 1196 2160 339 455 1683 2208 2152 2208 1641 2 762 1095 696 143 2409 143 783 143 1705 143 1705 1820 1705 1023 250 1722 1706 1722 281 740 281 1399 250 1722 1705 1820 1898 2124 783 2124 1898 240 2097 462 730 240 2097 462 730 462 2097 462 2035 462 730 240 730 462 2035 2430 1419 417 1876
375 1058 77 1362 77 1058 1953 1601 375 1405 1332 549 1034 1601 1034 1601 1034 1031 1352 1031 1352 845 703 151 2166 948 1525 948 2166 948 1668 114 180 1097 759 1097 1240 114 170 114 1668 114 180 114 1240 114 180 114 1240 114 1668 948 1668 948 1525 948 2315 941 1668 1967 451 1967 1525 1971 2001 2329 118 2475 2253 346 1932 2389 1203 2389 489 2389 1893 457 588 457 1461 457 1591 847 1591 457 1591 457 1461 2400 1461 457 588 457 1591 893 1690 63 1591 847
2335 1676 1120 2451 1890 2451 2356 354 2356 1762 1120 938 1890 2377 1109 1949 192 1949 1518 650 1862 650 201 1221 425 707 201 707 1862 650 1862 1190 517 1190 517 1818 1582 907 1815 1426 1815 907 1122 907 625 182 843 868 843 868 1582 907 1815 543 517 1206 478 105 1701 105 1145 1293 858 2214 858 18 858 18 1273 1990 1593 2162 2183 597 1593 18 1273 2488 2155 2488 1273 18 858 18 2038 1760 2155 1760 2290 1760 739 490 739 1760 2038 2488 1570 1434 1570 2331
1843 928 2061 301 538 1987 1116 291 391 274 391 291 2347 84 115 58 122 3 548 215 548 3 122 298 2425 63 1591 63 1690 1272 2425 2400 1461 457 1461 2400 1745 2400 949 2472 949 2400 1461 2400 1461 956 1893 1294 1234 1713 1481 1693 2002 1910 2002 1693 1524 1693 1481 2475 2253 346 1203 1294 588 847 1591 457 1591 63 1591 63 2425 2400 949 2472 489 956 1461 457 588 457 1591 893 1591 457 1893 2389 1893 1294 1203 1294 588 847 588 1294 1203 346 2253 1194
2387 1123 2387 887 2387 887 1627 1133 2387 722 2390 2154 1163 1738 1695 1738 1695 66 617 66 1695 1738 1695 66 617 1738 617 66 1894 66 1695 66 617 1738 1695 1738 1695 2154 1695 66 1695 66 1894 1432 2468 161 1667 161 1667 887 2387 722 848 66 1894 66 617 2458 617 2458 1894 2458 1894 2458 1894 1432 848 66 1894 2458 617 2458 617 2458 1894 66 1894 334 903 389 903 334 903 1464 903 389 48 2421 467 761 1840 1729 2499 2287 1925 2287 445 2287 753 2327
471 2370 1634 255 1634 131 1634 2310 1845 255 1634 131 61 131 61 1748 1164 710 464 648 1493 1974 874 2391 1939 1369 1016 692 1016 721 1678 721 1678 1698 1521 1698 2357 205 1466 862 516 622 1466 1339 1813 862 2456 1440 2456 1219 2456 2310 2456 1219 516 622 516 929 285 1748 1164 710 1297 2057 1297 710 1297 1748 1164 1748 285 929 285 929 1283 2057 285 929 285 1748 285 929 1283 153 1678 1698 2357 1920 1521 570 1834 721 1678 721 1016 1369 613 356 1404 837
518 2087 518 2087 1162 1248 1162 2087 1865 2087 518 1326 2313 1326 1865 2087 1162 1248 2207 1963 2207 1963 1865 1963 1162 2087 518 2269 970 2269 518 2269 518 1326 1865 2087 1162 2040 44 1103 44 1103 2009 1976 1308 1243 1308 1243 368 1511 368 1204 1922 1618 1751 1618 1922 749 1914 838 410 88 410 1763 410 838 410 88 1136 749 1136 88 1136 1618 2003 88 1136 838 410 838 1136 749 1914 838 2460 838 1136 838 1136 838 2460 838 2460 950 2460 2188 1025 1125 1654 1125
2140 829 2143 829 2143 829 2143 829 1882 1786 2143 1786 1436 1396 1436 1062 1775 788 1775 1759 479 1759 1775 702 200 702 479 1503 479 1503 479 1503 200 1503 479 702 479 702 1775 1062 1882 702 200 702 1882 1786 1882 1786 2143 2385 273 1786 273 1786 273 2385 2143 829 2140 275 2143 829 2143 1786 273 2385 1037 2489 2101 2489 685 2305 961 2397 961 2454 961 2305 685 2489 2417 995 215 1106 2417 2489 685 2305 685 2489 2101 2454 1138 2454 2101 2489 1037 2072 751 1605
637 1717 1577 264 1577 2010 428 202 2316 264 1577 1045 125 1866 1410 1866 1410 1979 72 1045 1254 2010 1577 264 1577 264 428 382 1558 382 623 263 623 2010 1254 2085 1254 1045 72 1979 2441 1496 642 1606 642 1770 782 772 724 826 828 1072 1000 2238 748 992 1000 2238 748 2238 1350 2045 1350 1581 748 1581 748 1581 376 116 1647 116 376 1892 376 1892 376 772 724 992 724 1606 642 1770 642 212 916 1606 916 212 2279 212 637 1355 2279 212 637 1496 72 1979
1123 848 66 617 1738 1695 2154 1199 2154 1695 2154 1163 1738 1163 1738 1163 2154 1163 2154 1695 66 617 1738 617 66 1695 1738 1695 66 1894 66 617 66 848 66 848 1123 848 722 1695 2154 2390 1397 801 1182 1627 1060 1114 641 1114 411 2404 2428 2404 411 1259 1819 1903 133 1259 1819 1903 133 1903 1819 873 1908 2406 1721 1735 614 741 339 741 835 455 1683 2 1683 2 762 2 2465 2 1683 2160 2465 2160 339 455 835 741 835 741 835 741 339 455 339 455
100 224 996 972 1108 978 640 972 996 697 996 697 100 224 996 972 996 1444 568 427 734 817 626 2416 626 1928 1883 817 626 817 2244 1632 2244 1141 277 609 1807 604 2474 604 11 2284 1807 604 2474 406 2474 604 1807 609 787 1602 2032 71 2447 1560 1603 1505 1656 1505 1816 2284 1816 2284 1807 604 2474 406 981 1251 2043 952 1139 2042 1218 406 981 1066 981 406 780 1632 17 1661 340 687 1773 687 791 1661 2051 1661 791 687 1773 2215 999 214 667 214
1516 1013 1680 600 1907 600 811 2496 1907 600 580 1333 864 1535 962 2371 580 600 811 1061 360 1370 1516 1370 1765 1370 1765 2286 365 2286 365 69 1366 1184 1366 1576 395 1576 2471 2388 395 106 395 2388 1554 2388 2471 1184 2463 614 1735 1721 1338 1721 1338 1442 2326 518 1326 1865 2087 581 1638 2196 1638 970 1401 2137 146 2137 2269 518 1326 1865 1326 2313 2326 1442 1757 1897 439 615 2419 1962 352 1865 2087 1865 352 1003 2119 2207 1963 2207 2119 2207 2119 2225 789 1003
1243 1308 1204 662 749 662 1511 1718 1511 368 2283 2466 1621 1127 1621 1718 2292 1870 2292 1127 2452 1127 2452 1367 1952 16 15 2281 2283 619 984 1798 15 16 1952 1024 1952 1024 259 2495 1502 1168 2132 1168 453 1168 2132 2220 1147 870 2406 1908 1452 2152 814 1721 814 1721 1338 2105 1735 1721 1338 24 2406 870 873 1908 814 2152 814 1721 814 1908 873 1282 1147 2220 939 833 1325 833 1401 2137 1401 833 1325 870 1147 1298 2270 888 1903 888 1903 1819 1903 1282 873 1282
293 635 1414 635 404 635 293 1821 293 2104 80 191 409 2086 409 499 409 499 1175 1849 1175 1849 1614 837 1614 1238 1982 1238 712 1226 1982 499 1982 499 1982 499 1614 499 1614 499 1175 1849 1390 1458 1390 1849 2306 1849 1614 1238 712 1226 2052 1247 606 800 875 532 875 570 1521 1698 2357 1920 1830 1920 2357 622 516 862 1813 1339 1134 1339 1813 1440 1845 2310 61 131 1624 2370 1624 131 1164 290 2116 710 1164 131 1164 710 1164 290 1164 710 2116 1191 464 710
804 400 804 1030 2211 2343 2211 456 705 1637 124 540 124 1637 705 2177 705 1637 2261 2177 1628 1385 1158 234 1053 234 1006 1268 1006 234 1158 1691 271 2121 271 1691 1256 1691 271 1691 271 1691 1256 1551 1860 1551 1092 1551 1860 1951 1860 560 1092 1784 1092 912 1427 912 871 1322 2321 560 1092 1784 1427 332 418 1919 1153 332 418 1919 418 332 1317 332 1153 1919 418 911 418 332 1427 912 1092 560 1860 560 2321 120 160 2276 510 2102 510 2276 1726 2276 160 1854
885 2222 303 1711 1800 1711 2159 1711 1761 1552 1838 716 885 1555 885 2222 885 2222 303 977 819 2311 1177 2311 2090 1245 1005 1555 12 931 809 221 809 221 809 9 1088 792 836 2303 836 1148 836 1148 25 1418 2498 70 967 1519 1064 1519 661 1519 967 1519 1064 1519 2498 1418 2498 1418 2498 70 967 1019 661 1019 520 96 2103 96 2103 2403 1009 2403 661 2403 661 1633 1064 774 2498 1418 25 1148 1088 9 1088 792 1088 1148 25 166 2228 81 2342 618 2169 618
1789 369 1789 260 1789 369 1789 505 576 1773 2215 369 1789 260 1267 554 2022 1809 276 1809 2022 260 1789 505 576 505 1789 505 2215 1773 576 340 1661 17 163 2051 1661 791 2109 1295 2130 667 2130 1773 687 791 810 1453 2415 1453 2109 1453 2415 1453 810 1453 1928 1883 810 791 1661 2051 477 1229 1267 505 1789 505 576 505 1789 369 1789 505 576 340 477 2051 477 1139 442 1229 477 2051 1661 340 1661 791 687 340 576 505 576 1229 1267 1229 442 1229 442 554
169 2194 169 1394 689 1394 1888 1394 689 944 1888 1617 1010 997 388 997 1010 997 878 2194 1289 2194 1289 805 551 204 551 359 551 805 551 359 2020 359 1289 805 169 805 500 805 500 373 2275 373 2275 1185 2275 1881 2275 1881 1437 373 2275 1881 1437 1210 500 1210 500 216 2250 216 689 1394 689 1394 878 2194 878 997 1010 997 1010 1438 1010 1617 878 2194 169 216 500 373 2275 373 2250 1185 2250 645 689 944 1645 944 1888 944 689 944 62 944 689 645
1755 1663 1954 1409 2358 1409 1954 228 1964 228 673 28 673 1988 673 28 553 1988 1991 1557 1991 1988 1991 1557 1991 1988 1991 1557 1884 1615 2187 905 2187 1557 980 1100 980 905 980 1100 1613 1100 1020 658 1020 670 1020 1100 1613 905 980 1557 2187 905 980 905 2187 1557 1884 1851 553 519 349 1416 1968 1202 207 1202 207 377 67 377 1710 377 207 1202 1329 1433 1329 895 134 895 483 1002 1968 1002 483 1202 1329 76 134 1859 134 1859 134 895 483 895 134 1859
840 2230 1628 1385 840 2230 840 715 1006 2369 1053 2369 1832 1268 1832 2193 1316 2193 1316 1785 1316 1785 338 1343 317 1785 317 1343 317 1785 2295 1430 2267 322 737 1684 1201 1684 268 342 2141 342 2129 144 1977 1623 2129 1623 1977 347 1143 1623 1977 144 1977 1623 1143 347 1107 964 1107 1802 185 347 1107 964 91 1836 91 1811 91 964 91 1836 91 989 91 964 162 1811 1703 1686 1981 130 1745 936 1745 936 122 936 95 1686 1981 511 1981 1686 1916 1811 91 1836
1513 2272 755 1546 655 965 655 1546 755 2148 54 2170 1364 2148 1364 1483 254 1373 306 1373 254 1483 254 2264 254 856 254 856 254 2264 1364 2148 54 2148 2333 2272 755 1546 655 1546 755 2272 796 1371 187 2013 446 965 446 420 592 1595 792 2413 792 836 2303 520 2303 520 2303 520 1019 520 2303 967 70 836 2303 2413 792 1088 9 1088 792 836 792 2413 2303 967 1019 520 2303 2413 1517 1323 1517 2413 2303 520 96 2103 96 1323 1517 520 2303 520 2303 836
1105 900 1754 1079 1105 1342 1663 1342 1105 1342 1413 1342 1258 1921 1413 1869 594 2358 594 1869 686 1285 594 1285 1465 718 1465 718 1930 67 1930 1788 1465 718 628 1710 377 67 377 803 1433 2349 1433 207 1327 1710 377 67 1533 2418 1093 374 1449 374 1449 1664 1689 74 686 1869 594 2358 1409 1954 228 673 28 1653 28 673 228 1954 512 184 904 1842 658 1020 670 13 670 1768 267 1020 1100 980 1100 920 1100 1020 658 1991 658 1842 670 1842 904 13 904 1842
1015 1641 1015 1300 808 762 808 1931 1023 1931 808 584 75 1931 75 2054 1399 281 1399 1996 1399 281 740 281 1722 281 740 509 2352 1152 2352 1152 1741 1152 2352 1152 2352 1001 1741 1841 1741 1152 1741 1001 1741 894 2494 869 2494 830 1520 1152 1520 894 2330 1841 2330 869 2330 1841 240 730 2330 894 2494 894 2494 869 2330 1841 179 1706 1532 1706 1820 1706 1532 281 1532 1706 179 1001 1741 1841 240 730 240 2097 240 2097 2124 783 1578 2277 1578 2277 1578 1419 2124 1898
1646 1514 1895 1485 121 1485 790 1110 1450 1110 1450 102 491 1044 1906 1902 1906 312 1115 2221 1454 2221 1906 312 876 968 1697 968 1846 968 1697 968 1530 2268 1266 2216 1266 2268 1530 968 1530 2268 1530 181 2005 1407 876 1407 2256 1407 2005 1173 1794 983 723 448 723 1904 386 1918 386 1652 386 1918 1378 1497 2076 2147 2080 1402 1428 419 1428 694 1131 1420 1131 167 625 907 1582 1818 669 1190 2131 1853 2334 241 2334 1853 1146 1512 1622 465 2335 1676 1120 938 1622 1346
2361 987 2241 333 1049 1833 2241 333 1137 2449 1137 319 586 319 1137 319 1264 1328 1844 1328 1844 1681 1719 1681 262 1681 1719 850 2437 2099 2437 2099 822 1575 2089 1575 2437 2099 822 2099 2437 2099 822 1575 822 1274 822 1274 2089 1588 1719 850 1719 1575 2437 1575 1719 850 2437 197 1712 850 1712 850 2437 850 1719 1588 2089 1575 822 263 7 2274 2069 2165 2069 546 988 2165 2069 2274 2151 2099 2151 1727 2151 2099 7 2099 2151 197 2437 197 2437 197 2151 197 2437 1575
428 382 1096 103 719 103 1096 202 1096 103 1096 1776 2393 283 2393 283 1625 2078 1986 283 2393 1776 2393 202 1096 202 1096 1776 1021 806 2393 806 1625 309 1625 283 1986 2078 1861 1630 434 1917 21 974 1249 304 807 2490 1249 2490 244 2490 244 479 702 1882 702 1882 702 479 702 1882 1062 2443 2172 2382 2172 2382 2172 2382 1382 2382 1382 2112 235 2382 2172 2382 1700 860 1780 1839 1796 1825 1569 354 1029 2377 1109 481 192 1600 192 1949 1518 241 1518 241 1109 1949
1343 1448 1857 1448 1857 317 672 1831 1484 1165 1484 1831 1857 317 1785 338 2242 338 2242 1296 1343 1448 1343 1296 2242 1349 1966 1822 1966 1822 742 185 1802 1107 964 162 1811 1916 1811 1703 1686 1981 130 95 130 1745 130 949 2400 1461 2400 1461 956 1893 457 1591 457 1893 956 949 2400 1461 956 949 956 1893 1294 588 457 588 1294 1203 346 2253 346 1203 1294 1893 457 1591 893 414 847 1591 893 1690 63 1461 2400 1745 130 1981 130 1745 936 122 298 242 3 122
1278 951 2120 435 2046 770 2120 951 363 1089 667 214 1224 1969 1224 1969 1224 214 667 214 1224 1609 999 2215 1773 2130 999 2130 999 1609 369 1609 369 2215 505 576 1229 477 340 576 1773 2130 1773 2130 1295 687 1773 687 1773 687 791 2109 1295 2109 791 687 791 1661 340 576 1229 477 2051 163 2051 163 2051 2042 1218 1251 1218 406 780 406 1218 163 2051 1661 2051 477 2051 1661 791 810 17 1661 791 687 791 687 1295 687 1773 2130 1773 687 791 2109 2493 83
1557 1884 1851 1991 1851 68 1851 553 1851 68 1851 68 1416 1968 1202 1329 76 2349 1639 803 825 67 1533 2418 1093 374 1093 374 585 1664 1449 2200 226 1788 1533 1788 226 2200 1689 74 226 74 1689 1664 1449 2418 825 67 825 2418 1533 2200 1449 2200 1689 2200 1689 2200 1449 2200 1533 2200 1449 374 1449 374 585 38 726 1490 2362 2138 1215 154 2088 639 2088 154 246 521 1478 211 1104 2106 1104 1880 2070 507 2037 955 246 955 246 521 2037 507 2037 211 2070 1880
1373 306 856 306 384 82 2015 82 1942 1476 2237 2234 1942 82 2015 82 1942 1476 1942 2234 482 2234 1942 257 2108 1451 287 1827 287 1451 845 1451 2108 257 482 257 482 257 1942 2234 2237 77 1362 2317 1411 221 1838 1552 549 1552 1761 1552 1838 1332 549 1552 885 1555 885 1555 885 1552 1838 221 1838 1552 1838 1332 1838 716 12 399 12 716 12 399 756 399 90 1245 1005 1245 2066 1063 2066 1245 2066 1245 2090 1771 819 1660 819 977 1800 977 303 1771 1005 1245
1501 259 1501 259 2495 884 1737 884 2367 259 1501 259 1024 1952 295 558 295 2452 295 2452 736 2452 295 2452 1127 328 1870 310 2156 1197 1914 749 1136 749 1136 749 662 1204 1308 1714 1308 1976 2009 1103 2196 1103 2009 621 1499 695 515 2318 515 1950 1891 2122 1891 1950 1891 1248 1891 2122 1716 388 1716 388 2075 2119 2075 2122 1891 695 1499 2318 1359 1631 280 1631 280 1933 280 1631 2429 2262 690 621 1751 1976 1751 1618 1751 621 1499 2318 1359 1117 515 2318 1359 2318
423 2229 1971 2001 1971 451 1967 451 1967 1525 1967 180 114 1240 1097 1240 2446 1835 2455 170 941 1668 114 170 114 180 1097 1972 1097 1240 2446 582 675 1296 1616 582 2146 1972 2146 123 2146 582 2446 1835 675 1296 1343 1296 1343 317 1343 1296 1616 582 675 1448 1848 1193 1484 2453 777 2081 921 1423 27 449 1268 1832 2369 1053 234 1158 234 1158 1385 840 234 1006 2369 1006 234 1158 1385 1158 1385 1628 2230 2261 2177 1628 2177 536 2177 705 456 2211 2343 381 2343 381
148 421 1958 421 394 832 779 1739 1958 361 1958 763 1958 361 1412 2309 2293 2487 2293 2309 2293 1008 1742 1008 498 51 498 51 498 51 498 1753 1742 1008 1873 1008 1873 746 966 1111 966 746 1873 1563 1873 746 2223 1583 1873 1563 1873 1008 498 51 2233 320 769 51 1412 1739 1412 2309 779 2487 779 2309 779 2309 1412 51 1412 361 1958 361 769 320 2233 680 2233 320 769 361 769 361 1412 361 109 763 109 1885 769 320 1828 680 2056 680 2233 320 1828 1370
459 1783 459 1783 331 2134 1747 2134 1747 2134 651 2134 651 569 651 2134 651 2134 651 2134 1747 2134 651 119 1314 1911 1314 2337 1314 569 331 569 1314 1911 1314 569 1314 1911 1763 1911 1659 497 2188 410 2188 497 1659 1654 1659 497 1763 1403 1763 497 2188 1025 1217 132 950 2156 310 1870 328 1127 2292 1127 328 1870 310 2156 950 2156 310 2156 1197 1718 1197 1914 838 1136 88 1136 838 1136 88 410 1763 1911 1314 2337 2161 569 2161 1889 2298 1889 2161 2337 1314 1911
2418 1093 374 1449 374 1449 2200 1533 1788 226 1285 594 1869 686 1869 594 2358 594 1285 226 2200 1533 2418 825 2418 1533 2418 1533 2200 226 74 1689 1664 1449 374 585 374 1449 374 1093 2418 1533 1788 226 1788 1465 484 1409 2358 1663 1755 506 173 506 173 300 173 407 2461 300 2461 1896 2461 300 173 407 2392 407 2461 1896 1657 1328 1844 1681 1719 1681 1719 850 2437 850 1719 1588 2361 524 2361 128 954 882 719 103 812 882 1286 882 719 1274 1558 382 428 382
806 1625 309 1856 2336 1725 1720 959 1720 611 304 1629 304 807 304 1629 1917 21 1051 1759 1775 702 479 702 200 358 2140 358 2140 829 200 1503 2026 1503 1587 1503 1587 1503 2026 841 2490 1249 2490 1249 1917 21 2127 21 1917 1249 2490 841 1993 2332 2314 2332 1993 671 2481 1608 2314 572 1658 1320 1823 1970 1823 932 1823 587 2300 587 2300 587 1823 932 2265 1529 1597 1263 1112 1263 2396 932 2396 932 2265 932 1823 932 2265 1320 2265 1320 1658 572 1648 2332 1648 2332
856 306 1699 186 1699 794 2440 795 335 217 889 1043 222 1732 222 1732 1032 1801 1599 1290 209 1801 1032 1732 1032 1043 889 1772 2491 2027 879 1067 1287 330 2341 330 2139 1886 2065 957 2100 279 2170 54 2148 755 2272 755 965 655 991 1927 1323 96 520 2303 2413 592 420 446 991 446 965 1513 2272 755 1546 54 2148 1364 2170 1364 2170 279 2100 279 2264 1562 370 186 1699 794 2440 794 1699 794 1699 306 384 601 1699 306 384 306 1699 601 1699 601 1347 599
1768 267 2185 1727 2151 1727 920 267 2185 1727 2069 2165 2069 1727 920 2165 2069 546 1142 2021 1142 2085 1254 2085 7 2274 7 2099 822 1575 1719 1588 2361 524 2361 987 2361 1588 2089 1575 2437 2099 2437 850 1712 1864 631 1179 1319 1179 1712 197 2437 1575 2089 128 719 882 954 882 812 882 1286 882 1286 882 954 524 2361 987 764 1833 1049 333 176 1523 2282 1523 218 1348 1137 333 1049 1833 1049 333 1049 59 913 59 913 1383 1506 1383 176 1383 176 1523 2282 1155
2350 2423 2350 1612 1017 177 1456 177 1017 2427 2136 747 1489 1180 1756 629 1756 2346 1756 629 1756 1180 2199 2427 1017 177 1017 2423 1017 2427 2136 1309 2136 1309 2340 258 2340 5 2340 258 1527 732 728 2181 728 1926 728 1563 1742 1563 1742 1563 1873 1008 2293 2487 2293 1008 2293 1583 1873 1008 1742 1008 1742 1563 728 1563 966 1563 728 732 1553 2181 2296 2181 728 732 728 2181 728 2181 728 1926 1742 1753 498 1753 2233 680 1447 45 1828 1370 1828 45 1828 680 1828 320
805 551 1210 1829 1210 1437 1210 1437 73 1437 73 1170 436 461 627 2079 627 530 627 530 629 530 629 1756 1180 362 1180 1756 678 1756 629 2364 627 2364 627 530 678 1655 1636 2375 1498 1655 678 1756 2346 1459 773 1459 1498 1459 1498 1666 355 2482 713 1324 2485 1666 355 2482 1635 2049 1635 574 1635 2482 713 2482 898 2482 355 1288 773 1666 355 2482 1635 1817 1317 332 1317 332 1153 332 1427 912 1427 1784 2405 911 418 332 1427 332 1153 332 1427 332 1153 1817
1832 2193 1316 1785 338 2242 338 1343 317 1785 1316 1785 338 2242 338 1430 2295 2102 1572 2436 737 2436 1572 1854 510 2276 160 1854 1572 101 1572 1854 1572 101 1572 1854 1572 2436 1572 2102 2267 322 737 1561 1246 1561 1143 4 1246 4 1246 322 1246 322 2267 322 1246 322 2267 322 737 1561 268 342 2129 342 2141 342 2129 144 486 2024 1107 1802 162 1504 1916 1504 1916 511 831 2472 949 130 1981 1686 1916 1811 162 1504 1916 511 1916 1686 95 1686 95 936 122 936
870 873 870 1325 833 146 833 939 1798 984 1877 939 1877 1401 970 2269 970 1401 833 939 1877 1401 970 2269 2137 1401 970 993 1877 984 1877 939 833 939 833 1401 970 993 2041 1638 2196 2040 1162 1248 44 2040 2196 2040 581 2040 2196 1638 2196 2040 2196 1638 581 2269 970 1401 833 146 1442 2326 1442 1338 2105 1338 1442 146 2137 1401 970 993 619 1243 2041 1638 2041 1243 619 1243 368 1511 2466 2283 368 1511 2466 1511 2466 1511 2466 1621 1127 1621 1127 2452 1127 1621
549 1552 1761 2222 303 1711 303 977 819 2311 2090 1220 2090 2311 2090 1771 2090 1771 1005 2222 1761 2189 2159 315 2467 1271 2467 315 1800 1711 303 977 1800 977 729 1734 147 1734 729 1660 540 124 1188 1660 819 1771 819 2311 1188 124 1188 2311 1177 2311 1177 1220 1177 2311 819 977 729 1734 540 124 1637 124 1642 705 456 2211 1030 2211 1030 536 2177 705 1642 124 1642 705 1637 1486 1637 2261 1948 1423 921 2081 777 1165 616 1257 821 1550 821 1598 821 170 821 170
806 1625 309 1861 1508 1861 1508 2212 1508 434 2127 434 1630 1861 309 1625 806 2393 202 2316 202 1096 1776 1096 1776 1021 806 1625 806 1021 806 1625 283 1625 806 1625 283 1625 283 1625 2078 1861 2078 1625 283 2393 283 1625 2078 1861 2078 1625 309 1861 2078 1861 2078 1625 309 1861 1508 1331 2410 2212 2078 1986 1083 2316 283 2316 283 1625 2078 1986 1083 2316 283 2316 283 2393 202 2316 1083 1986 325 1986 2078 2212 325 2301 366 2301 1724 1797 1223 1797 2492 1797 1724 2301
299 1101 2029 859 1313 859 2029 190 2023 2411 39 2411 206 1280 206 2320 1012 231 1012 1478 1012 2411 206 865 1431 865 1431 1806 474 1386 474 6 711 6 711 2060 711 6 474 6 754 818 1076 1386 639 1205 605 1205 639 1806 1431 865 1431 865 1315 6 1315 865 1431 2320 1431 2320 1431 1806 154 2088 2138 1215 955 246 1431 246 955 1354 507 2070 211 2037 955 246 521 2320 1431 246 955 2037 955 246 955 246 955 2037 211 2037 521 1478 2144 1104 2106 1790
2094 1725 2336 1899 341 2351 2376 2351 2376 812 882 1286 1539 1462 1539 954 128 2089 1274 1558 103 1096 202 2393 283 2316 283 2316 1083 906 1355 637 1355 906 264 428 202 2393 202 1096 103 1096 202 2393 1776 2393 1776 2393 202 2316 283 2393 202 2393 806 2393 806 1021 1776 2393 202 2393 806 2393 1776 2393 806 1625 806 1021 1776 812 103 719 128 2361 1588 2089 1575 2089 1588 262 987 2241 2449 262 987 764 1833 2241 2449 2241 1833 2408 1026 2240 379 1387 1804 1596
2415 608 41 2226 785 1522 41 1522 2260 2115 2260 1749 353 364 2117 1458 2107 837 1614 1238 1404 1392 2063 1392 613 1392 613 1392 2063 1118 30 1011 350 1011 30 1011 350 1957 2402 1957 350 1957 1086 1957 350 727 350 727 2402 727 2402 2046 435 2120 770 2120 770 2046 2402 727 2153 107 2153 107 2153 107 2036 107 2153 727 350 727 435 632 435 632 2153 1011 30 107 30 1118 314 1974 874 1118 874 2179 653 648 464 1191 227 2448 1493 648 1493 648 653 648
98 2378 98 1540 523 1540 2067 1540 2067 2236 1421 55 40 1384 706 1384 40 1384 706 2445 706 1494 1824 442 554 2022 1809 2022 554 1267 260 1267 554 1267 505 576 505 1267 260 2022 260 1267 1229 477 340 477 1229 1267 1229 1267 505 1789 369 2215 1773 576 340 576 340 687 340 477 2051 477 2051 163 2051 163 17 1661 340 687 340 1661 340 1661 340 1661 340 477 1139 952 1824 442 1139 2042 1218 406 1218 163 1218 2042 1139 952 1139 952 1139 442 1824 952
166 1068 931 1068 399 12 399 90 1980 2066 1063 2169 1063 2169 618 700 1980 756 166 25 166 2228 674 2342 81 2342 81 2228 166 2228 166 2228 81 2228 1418 2498 70 836 70 25 166 25 1148 1068 1148 1068 1148 836 70 967 1019 520 2303 836 70 25 1148 1068 166 1068 931 809 9 1595 592 420 592 2013 592 1595 9 809 221 1411 9 1595 187 1411 221 1405 2317 1405 1332 549 1552 1761 2189 2159 1711 1800 2365 147 2254 1052 1165 777 1423 1948 1584 2230