2322 1424 1071 408 270 305 195 1803 313 1085 1255 943 761 467 2421 48 389 903 334 1894 1432 2468 161 1667 887 638 641 1114 133 1259 527 873 870 146 1442 849 106 2326 518 2087 1865 1248 1438 1950 515 1933 1767 1482 610 953 
246 955 1354 2200 226 803 2464 272 2034 236 1393 396 1840 682 445 1464 1291 2458 617 66 848 722 2387 1133 1627 1060 2270 888 1903 1819 1452 1908 2406 24 1757 615 395 2313 1326 79 352 2207 1010 1716 1677 1166 1645 1946 8 33 
521 2037 194 1533 67 377 207 1743 493 595 649 940 1729 2499 2287 753 413 1163 1738 1695 1123 1305 1397 801 1182 155 1300 1015 1641 2208 2152 814 1721 1338 1897 439 1576 2419 1962 15 1003 2119 2075 388 1617 1888 944 62 1303 1781 
1478 507 686 1869 1930 1710 701 863 1537 1306 750 771 2180 1777 385 683 994 612 343 1936 150 915 880 1766 142 584 808 762 2 2465 455 835 1735 2105 2463 99 1366 2496 2132 1798 789 2225 1227 573 878 1394 689 645 738 280 
211 2070 1285 1465 718 628 349 1750 542 545 1665 1047 917 1357 1041 286 1192 245 969 1779 1046 1682 2363 1391 1996 75 1931 1095 1683 918 339 741 614 2471 1184 97 69 811 2220 939 2414 1225 1535 113 2194 169 216 2250 1185 1631 
1104 1921 594 484 228 296 398 87 1463 1545 2412 327 1277 503 324 1049 1833 2408 1026 1395 1090 798 654 2054 1399 250 1023 696 2160 2277 1554 2388 88 2003 2470 2431 365 1061 1325 833 1907 2371 864 1174 1289 805 500 373 2275 1887 
1880 1413 2358 1409 2074 210 1211 1429 699 1778 844 1909 2164 1688 913 59 764 1119 1462 141 140 138 979 740 281 1722 1705 143 783 1578 1196 1714 1308 1976 1751 1618 2286 360 2137 1401 600 580 1333 311 861 551 204 1437 1881 1117 
1258 1079 1754 1884 1557 1792 2251 591 1155 135 1983 665 757 1469 1588 2361 524 2053 668 1028 643 1592 1542 509 1532 1001 179 1898 2124 1419 2420 2409 387 763 109 1885 1765 1370 1516 1013 1680 1311 786 784 2020 359 345 73 2318 1359 
1342 1105 900 1851 1991 658 1768 2368 2282 1864 998 372 577 158 2089 128 954 1539 1286 2098 2285 92 541 2352 1152 1741 1841 240 2097 2430 2395 148 421 1958 361 769 320 1828 45 1704 1036 1415 567 2324 411 923 1361 1170 1499 621 
1663 1954 512 184 904 1842 670 631 1179 1712 197 2151 1187 458 1274 719 341 1899 1334 2476 2011 1344 2479 183 1520 894 2330 730 462 2035 561 890 394 1739 1412 51 2233 680 1447 666 1172 2184 1126 2278 2243 2346 2122 1891 695 2009 
1755 506 173 407 2392 265 1020 267 920 2165 2069 2274 7 263 1558 103 812 2376 2351 1662 112 679 830 2494 572 1648 196 172 164 1685 587 1823 832 779 2309 498 1753 2056 380 1858 383 19 139 26 1398 1756 678 2079 44 1103 
28 2289 300 2461 708 1264 319 1137 333 988 546 1142 2085 623 382 1096 1776 1021 1460 2372 470 1050 1610 1608 2314 711 2060 743 2217 1960 2300 932 2396 2487 2293 1008 1742 1926 23 10 42 747 1489 1180 362 629 530 627 461 436 
673 1070 403 1896 1657 1328 1844 2449 2241 1002 483 2021 1254 2010 428 202 2393 806 1856 2336 1725 2094 869 2481 2332 6 2209 897 690 1658 1320 2265 1529 1597 1583 1873 1563 1527 258 2340 1309 2136 2427 2199 31 36 47 2364 85 94 
1988 13 1233 709 2000 176 1681 262 987 1968 1866 125 1045 1577 264 2316 283 1625 309 959 1720 611 417 671 647 39 1280 1313 2262 2429 1556 1855 926 1263 2223 746 728 732 1901 5 1456 177 1017 2423 136 1636 2478 2366 1879 252 
1643 1134 1567 35 243 850 1719 2099 68 1416 1410 1979 72 1717 906 1083 1986 2078 1861 1630 1629 304 807 1993 1012 2320 206 1150 299 2462 1728 53 1018 1112 2337 966 2181 1553 881 52 1674 752 1612 2350 129 2375 1498 1655 589 866 
2456 862 1466 2266 1335 2437 1575 822 1072 828 826 2441 1496 637 1355 2279 325 2212 1508 434 1917 1249 2490 841 231 1431 2411 2023 1101 1911 1651 1843 651 569 2161 1111 2296 145 1235 34 416 1997 1536 60 1348 1580 1459 773 962 1298 
622 2399 205 1830 1541 251 1647 116 376 772 724 1606 642 212 1878 366 2301 2410 1331 2127 21 974 244 2026 2144 865 474 190 2029 859 119 928 2134 331 1889 175 188 159 2299 37 1585 1080 1195 104 1538 1829 1589 1666 2485 1147 
2357 1920 454 168 2444 2294 1892 1000 2452 782 1770 916 453 563 1223 1797 1724 1040 1356 2459 1051 1759 479 1503 1587 154 1806 1318 820 1074 1510 2061 1747 1022 2298 714 1383 198 2439 1984 919 463 108 537 1799 1210 1288 355 1324 1282 
1698 1521 2359 1252 1350 1581 748 992 1367 1952 16 1502 1168 557 802 2492 980 1100 827 2255 788 1775 702 200 358 1215 2138 1312 852 266 1176 301 1783 379 1387 1804 1596 203 2129 945 717 64 1509 1310 1744 2210 793 2482 713 1607 
875 532 1449 74 2238 29 1813 1339 558 295 127 2495 884 2367 2018 450 905 1613 519 2172 2443 1062 1882 829 2140 544 2362 2106 1790 1213 274 538 459 2240 316 486 144 208 342 268 1340 93 1113 1758 1820 1733 397 898 1611 2047 
800 606 1664 1689 255 1845 1440 590 1214 1327 1501 259 1737 1715 922 930 2187 199 1382 2382 235 1436 1786 2143 275 1961 426 2077 1999 494 391 1987 218 989 390 2024 185 1623 2141 1684 1201 213 1467 1670 1640 2345 1723 1619 2327 2030 
2045 1247 471 2370 1634 2310 516 1219 985 1315 1217 2154 1199 1279 1149 378 1615 2095 2112 1700 575 1396 273 2385 685 2489 2417 995 84 2347 291 1116 1836 91 964 1107 347 1143 1561 737 220 1524 1094 2497 1299 2004 2049 1876 1925 1550 
132 2052 1226 1624 131 61 929 292 570 1358 662 2390 2174 1202 1673 2247 579 424 586 860 553 767 1605 1037 2072 2101 1106 215 115 58 778 896 1703 1811 162 1802 1977 4 1246 2436 278 101 534 535 550 1808 1913 2025 1598 1491 
310 1870 653 886 1297 1748 1283 153 1678 2418 825 2349 1433 1329 1098 1847 1237 1198 901 1780 883 766 751 857 1989 2454 2186 548 3 122 936 95 1686 1916 1504 504 742 1099 322 1572 1854 160 120 2321 1322 564 813 1468 1470 1317 
1127 2292 1718 1511 290 1164 2057 285 721 1834 630 1639 2258 76 431 1156 691 2162 1593 1839 902 760 1626 1594 1620 1138 348 269 242 298 1745 130 1981 511 1874 460 1822 1995 2267 2102 510 2276 1955 560 871 1784 2405 332 1153 1817 
1621 2466 2283 368 2116 710 508 692 1016 374 1093 2191 2084 134 2473 475 2197 2038 18 1796 908 2424 1850 1944 2031 1372 495 2183 1272 2425 2400 949 2472 831 1183 2259 1033 1260 1430 2295 261 1726 2176 1092 912 1427 911 418 1919 1635 
1161 603 2281 227 1191 464 2179 1939 1369 1863 1709 2006 2111 1859 578 895 318 1760 858 1825 909 982 329 899 2305 78 344 597 1690 63 1461 956 489 559 583 1966 1349 2242 338 1785 1316 2193 1832 1551 1860 1951 823 921 2081 574 
229 619 984 1877 818 648 874 2391 613 356 712 1151 1167 469 1130 539 2263 739 2214 1569 1762 1231 225 126 961 1380 156 891 893 1591 457 1893 2389 1932 593 123 1616 1296 1343 317 672 1998 1268 1256 565 566 2201 2239 1694 1492 
2433 1243 2041 1638 2448 1493 1974 2063 1392 1404 1238 1982 2086 872 1564 501 137 473 2290 354 2356 2451 1435 704 2397 555 22 914 414 847 588 1294 892 89 429 2146 582 675 1448 1857 1515 2369 1006 1691 271 2121 315 2159 1675 1573 
993 970 2269 581 30 1011 314 1118 2107 1849 1175 499 409 1281 839 1507 842 1736 490 1029 1949 1120 1676 201 571 1216 1379 1479 602 2373 1304 1234 1194 2328 688 1972 2446 1835 1848 1193 32 449 715 1158 234 1053 2467 2189 1687 1970 
2156 1197 1914 1086 1957 2153 107 2117 1458 1390 837 1614 191 2044 1895 1485 790 1110 478 2377 1109 241 1518 650 43 1221 1528 1039 1475 336 1203 346 1481 2475 759 1097 1240 2455 1831 1484 2453 27 1584 1385 776 720 1271 1692 1706 1574 
950 2460 838 410 2402 632 350 1586 2291 1837 726 38 80 1474 1514 121 466 754 480 1890 481 2334 910 1862 707 425 1990 415 1713 877 1707 2253 1693 2002 2257 180 114 170 821 1165 777 1423 1948 1628 400 804 492 1787 1763 1506 
497 2188 1136 1204 2046 435 727 2036 364 2198 2304 1571 2104 293 1208 2135 2434 533 2249 938 192 1853 2131 1190 669 1445 1273 1590 824 816 232 1160 1805 1353 451 1967 1668 941 1257 1052 840 2230 2261 2177 536 1030 485 514 1403 1523 
1659 1025 749 1922 770 2120 1075 834 353 1749 2308 1490 1414 1821 404 1473 1566 1912 465 1622 1512 1146 1818 517 1206 1388 2488 1570 2331 656 20 118 2329 2001 1971 1525 948 2315 616 2254 392 1486 1637 705 456 2211 2343 381 522 1788 
2319 1125 1654 444 1441 1480 608 785 2115 2260 2167 488 635 46 815 585 1368 1189 2335 1346 843 868 1582 543 1145 1293 2155 1434 2071 326 367 1910 2068 1559 2229 174 2166 2007 2178 147 1734 540 124 1642 472 476 502 526 1791 2013 
2050 2033 1267 1229 477 1446 2415 2226 41 1522 1241 605 1205 321 2245 452 2252 1495 487 733 182 625 907 1815 105 1077 297 525 1091 2246 1956 239 2307 562 423 393 151 703 1959 2365 729 1660 1188 1547 447 1319 882 1793 2123 2205 
1102 946 554 442 1139 1408 1406 163 17 1632 2244 427 568 1262 1810 1360 110 1207 171 851 2204 419 1122 1426 1701 323 1363 1543 513 1568 942 209 371 1038 65 287 1451 845 1352 1800 977 819 2311 1177 528 1314 1923 2125 2231 2355 
276 1809 2022 260 1789 505 576 2051 1661 780 817 1883 249 1455 1871 660 1321 2171 2088 2354 1402 1428 167 1200 758 1065 1740 2192 247 1377 547 1801 432 2224 598 1827 2108 556 1031 1711 303 1771 2090 1220 437 438 1774 1964 2083 2232 
1162 1963 1376 214 369 2215 1773 687 340 1928 626 49 734 765 223 697 100 224 639 1422 1276 1420 1131 496 1337 468 1365 744 288 1812 233 1032 663 646 624 2015 257 1942 1034 1761 2222 1005 1245 2066 1063 2169 440 1727 2185 2093 
2040 1389 1969 1224 1609 999 2130 1295 2109 1453 2416 1135 1487 308 1004 853 1444 996 1084 149 1679 596 694 2058 976 2297 1531 644 1708 219 1826 1043 57 657 633 82 482 230 549 1552 885 1555 90 1980 700 618 441 1513 2028 2206 
2196 1472 1278 951 363 1089 667 83 2493 2042 1218 406 2474 1141 277 933 165 972 1108 855 1154 2147 2080 2128 2398 102 1443 1375 2401 652 50 889 1772 2491 634 384 2234 1601 1332 1838 716 12 399 756 402 2342 531 1795 2126 2323 
1947 1985 1242 1417 1384 706 1494 1824 952 2043 1251 981 2284 1807 609 787 1602 640 978 14 1497 2076 1265 529 1044 1450 927 1934 2483 2145 2062 217 659 664 636 306 253 375 1405 221 809 931 1068 166 2228 674 433 1769 2118 2312 
2168 2202 1978 1232 1230 1212 1186 1181 1169 2280 1140 1066 11 604 2092 1209 2032 422 282 2091 1900 1425 1124 2221 1906 854 1731 799 1222 222 1548 335 795 2440 794 856 1953 1058 2317 1411 187 1371 446 991 81 405 1752 2113 2271 2384 
2325 2353 2195 1975 1600 1973 1301 1244 1236 1867 1270 791 193 1816 1059 973 71 960 2288 693 1918 1378 443 1115 312 1646 117 552 1526 1732 2149 599 1347 601 1699 1476 2237 77 1362 9 1595 592 420 1927 412 1764 2114 2302 2386 2450 
2407 2383 2248 2182 2008 1302 2484 2445 2438 1345 1477 810 1159 1505 1171 990 2447 2059 1488 963 386 448 2256 1407 876 681 1534 1669 2027 1599 357 56 735 1373 186 370 1364 2272 2333 1088 792 2413 1517 1323 401 1746 2110 2235 2381 2442 
2422 2394 2339 2203 1992 1292 55 40 1381 1671 937 997 1128 1656 1178 1007 1560 1042 2142 971 1652 723 1173 2005 181 2500 2268 2163 879 1057 430 1290 1056 254 2264 1562 2148 755 965 1148 836 2303 520 284 1644 2048 2213 2374 2432 2486 
2338 2306 2175 2157 2014 1330 1421 1261 1269 1250 1132 1284 2096 1129 1073 1014 1603 1579 975 797 491 1904 1794 607 2348 2216 1266 968 1067 1696 731 781 745 1483 279 2170 54 1546 655 25 1418 256 96 289 1649 2055 2218 2360 2426 2480 
2173 2158 2150 1938 2016 1341 2236 1336 1069 1935 1965 1121 152 1078 337 1307 947 986 1905 1454 1275 1846 983 2039 924 157 1994 1530 1287 330 2139 1886 2065 957 2100 676 684 698 237 70 2498 774 2103 294 1650 2064 2219 2379 2404 2469 
1941 1940 1937 1386 1400 2378 523 2457 1351 2017 1945 1087 1814 1081 1239 677 189 1035 1929 1054 1027 1782 958 1730 934 86 736 1457 867 2341 1 1144 775 768 725 1852 796 1549 238 967 1519 1064 2403 302 1672 2073 2190 2344 2428 2477 
1228 1471 1702 1076 620 98 1540 2067 1374 2019 1943 1082 1253 1157 925 2012 111 1048 1902 1604 1924 1024 935 351 2273 1439 328 1697 1915 846 178 1055 1500 1872 1868 2133 1875 1565 248 1019 661 1633 1009 307 1544 1653 2082 2227 2380 2435 
