99
34.619679798611 22.679866553917
81.652976548146 26.509341533436
191.510499098360 35.665106806252
263.669428305370 41.967464540636
331.155591797447 48.039716113076
395.438505470725 54.058649027185
438.901881136256 58.280265879279
503.581745279015 64.575516506926
543.022669114306 68.599249765939
618.591297806875 76.635995135081
636.258827895267 78.553775483407
666.013761219261 81.917025380936
716.199319086624 87.873140744247
764.223657371870 93.729143569798
772.564516346290 94.874179476210
810.852016010111 100.137408476602
838.178043265183 104.159191092580
854.600543486328 106.609497828215
862.684125381847 107.964892251896
872.451132560933 109.617066998397
882.697404136276 111.646097195884
902.077043792153 115.676317822540
914.111415476617 119.168789627058
915.402006914649 119.809798091380
919.670738345211 122.911334823969
918.165368757032 124.290959178727
903.736263437640 127.317254889868
893.514116254555 128.091749082642
885.596013367922 128.511180877629
865.462200010849 128.738346763869
853.712965818844 128.859452526099
823.655427817656 128.671424064554
800.989924051941 128.507532785999
779.820274719094 128.039530712459
763.577731279167 127.577057245657
729.405554725106 126.405362246179
699.645673797687 125.274966401669
641.575063031497 122.610077333314
608.770222629122 121.072067929021
580.181952811321 119.634769111461
547.045536358644 117.740651502447
456.390857935820 112.541653099693
394.896370612681 108.722780125726
344.486741788354 105.447874246045
279.802295645161 100.998557233358
226.333759280675 97.287452096062
218.120020992826 96.699037924533
175.304119127376 93.581417510022
107.004255462559 88.471950546535
74.108936784772 85.942298465882
0.607984098038 80.157131437527
-20.700972149602 78.436532346733
-114.131901951144 70.687441309813
-253.602096041271 58.483786271237
-304.819874333552 53.845307194919
-320.331005011221 52.403872993580
-346.401639926853 49.947290841375
-350.712385563010 49.540015435832
-421.773447899275 42.697916983834
-434.272944469100 41.448257144429
-449.372291559887 39.930673579861
-502.481486594237 34.517040803170
-552.276217416081 29.242238029876
-585.001584060716 25.732572038099
-619.794998038047 21.775931716179
-673.521086982814 15.514563351458
-696.114710065932 12.794178005421
-715.439253028992 10.318915692431
-764.662885109147 3.655330280364
-783.534409501766 0.790498425741
-846.572395449947 -9.726968718186
-860.084998921293 -13.107903778484
-868.270805768585 -15.875219983836
-872.402230715739 -17.387742630365
-872.691769723992 -19.394367914153
-856.981182381695 -23.844773586550
-851.800054602954 -24.154546844400
-839.212721227199 -24.905440327354
-787.630219007544 -25.168882804588
-771.568167403372 -25.122042011959
-753.577619663311 -24.840825238740
-743.299109813129 -24.619151087599
-734.770315319120 -24.346285611136
-695.614806811139 -23.058335980729
-658.434559459577 -21.800551390182
-574.383718842307 -17.960017299281
-497.441466096609 -13.951618202016
-444.921253738675 -10.930549530872
-388.744328827414 -7.552613502160
-385.659243805739 -7.362923189549
-371.562073511140 -6.474991098497
-317.233639198609 -2.989663141835
-278.305754619400 -0.390956053306
-247.719162320816 1.678750747387
-185.756090816844 6.035072331166
-160.013600965695 7.870297886005
-118.019286193319 10.939703969542
-53.314367251576 15.834339895040
-34.079270003720 17.294251406018
