20 20 100 15
1 1 22 22 22 2 3 4 4 5 5 13 13 6 6 6 7 8 9 10
11 12 22 22 22 22 22 22 22 13 13 13 13 6 14 23 23 15 16 17
29 22 22 22 22 22 22 22 22 22 13 13 18 23 23 23 23 23 19 17
29 20 21 21 22 22 22 22 22 22 13 13 18 23 23 24 24 23 25 25
29 26 26 46 46 46 46 46 46 22 46 33 27 27 23 23 28 28 35 25
29 30 30 31 32 46 46 46 46 46 46 33 27 27 33 33 28 34 35 44
39 36 31 31 41 41 37 46 46 46 46 33 33 38 33 33 43 35 35 44
39 39 39 31 40 41 41 46 46 42 42 33 33 33 33 48 43 43 43 44
39 39 39 31 54 54 45 46 46 42 51 52 52 47 48 48 48 43 49 65
39 39 31 31 54 54 54 50 46 61 51 52 52 52 48 53 53 53 65 65
39 39 60 60 54 54 54 54 55 61 56 56 56 57 48 48 53 53 65 65
58 59 67 60 54 54 54 54 61 61 61 56 62 63 48 64 71 71 65 65
66 80 67 67 67 54 54 68 75 75 61 56 69 77 70 70 71 71 65 65
72 80 67 80 73 73 73 74 75 75 76 77 77 77 78 79 71 71 71 71
80 80 80 80 88 88 88 81 75 75 75 75 75 78 78 79 82 83 83 83
80 80 80 80 80 88 81 81 81 75 75 75 75 85 78 79 82 100 87 87
80 80 80 93 84 88 81 81 81 81 81 75 75 85 78 78 78 100 86 87
98 98 93 93 93 88 88 88 89 89 90 91 75 78 78 92 92 100 100 100
98 93 93 94 94 88 95 95 90 90 90 96 96 78 78 92 92 97 100 100
98 99 93 93 93 88 95 90 90 90 90 96 96 92 92 92 92 97 100 100
8891
23664
12563
23578
4488
4763
50539
18287
13607
14899
6245
17425
25935
47321
1779
11183
7499
22366
7194
5050
4907
15459
14584
1899
4515
22671
22941
36719
7954
4359
7790
17905
36196
74731
7635
12978
3025
7361
9836
6820
22791
4620
11897
54073
4400
4064
40384
13006
2109
6915
4679
13341
29869
5236
35378
29882
4964
7754
23107
3883
19229
3630
16357
6585
7369
7957
5050
23582
41296
53915
14390
19467
3245
3584
17993
43758
8231
28348
33711
10210
13945
64604
36673
7739
16691
1776
28928
5673
34229
7257
4434
29770
20093
4296
17049
2174
1703
6814
6829
33362
1.06 2.5
