100 100 1000 20
14 14 14 14 14 1 69 69 69 69 69 2 2 3 3 129 131 131 131 4 17 17 5 5 5 19 19 19 19 19 19 19 19 19 19 19 19 19 19 6 19 19 7 20 20 20 20 20 20 20 20 20 20 20 20 20 20 8 20 20 20 20 9 20 20 22 22 34 10 10 10 10 23 23 24 24 24 24 24 24 24 24 114 114 11 114 114 114 114 12 12 114 114 95 95 95 95 13 45 45
14 14 14 15 69 69 69 69 27 69 16 2 2 129 129 129 131 131 131 4 17 17 5 5 29 29 18 19 19 19 19 19 19 19 19 19 19 19 19 19 19 19 7 31 31 20 20 20 21 20 20 20 20 20 20 20 20 20 20 20 20 20 20 20 20 22 20 34 34 34 23 23 23 23 24 24 24 24 24 24 24 24 24 114 114 114 114 114 114 114 114 114 114 95 95 95 95 95 45 45
25 26 69 69 69 69 69 69 27 69 2 2 2 129 129 129 129 131 131 131 131 131 5 5 28 29 131 40 19 19 19 19 131 30 19 19 19 19 19 19 19 19 7 31 82 82 82 82 82 20 20 20 20 32 20 20 20 20 20 33 20 20 20 20 20 20 20 34 34 35 23 23 23 23 24 24 24 24 24 24 24 24 24 114 114 114 114 114 114 114 114 44 44 95 95 95 95 95 45 45
69 69 69 69 69 69 69 69 36 69 37 37 129 129 129 129 129 131 131 131 131 131 38 39 39 131 131 40 19 19 19 131 131 131 131 131 131 19 19 19 19 19 19 31 82 82 82 82 20 20 20 122 20 20 20 20 20 20 20 20 20 20 20 20 20 114 114 114 114 114 23 114 23 23 24 24 41 24 24 42 24 24 24 114 114 114 114 114 114 114 114 43 44 44 95 95 95 95 45 46
69 69 69 69 69 47 69 69 69 69 69 48 129 129 129 129 131 131 131 131 131 131 38 131 131 131 131 131 19 131 131 131 131 131 131 131 131 19 19 19 19 19 19 19 82 82 82 82 49 20 122 122 122 122 20 20 20 20 20 20 20 20 20 50 114 114 114 114 51 114 114 114 23 23 24 52 41 41 53 53 114 24 24 114 114 114 114 114 114 114 114 95 95 95 95 95 54 54 55 55
69 69 69 69 69 69 69 69 69 69 69 129 129 129 56 57 58 131 59 131 131 131 131 131 131 131 131 131 19 131 60 61 131 131 131 131 131 19 19 19 19 19 19 82 82 62 82 82 122 122 122 122 122 122 20 20 20 63 20 20 20 20 64 65 65 114 114 114 114 114 114 114 23 23 41 41 41 114 114 114 114 66 24 114 114 67 68 114 114 114 114 114 95 95 95 95 95 95 95 95
69 69 69 69 69 69 69 69 69 69 69 70 129 129 129 129 129 131 131 131 131 131 131 131 131 131 131 131 131 131 71 71 131 131 131 131 72 19 19 19 19 82 73 82 82 82 82 82 82 122 122 122 122 122 20 20 20 20 20 20 20 20 20 65 65 114 114 114 114 114 114 114 23 23 41 41 114 114 114 114 114 114 114 114 114 114 114 114 114 114 114 114 95 95 95 74 95 95 95 95
69 69 69 75 69 69 69 69 69 69 69 69 129 129 129 129 129 129 131 131 131 76 131 131 131 77 131 131 131 131 131 131 131 131 78 79 80 80 19 19 81 82 73 82 82 82 82 82 82 82 100 100 122 122 122 20 20 122 20 20 20 20 20 83 84 114 114 114 114 114 114 114 114 114 114 114 114 114 114 114 114 114 114 114 114 114 114 114 114 95 95 85 95 95 95 95 95 95 95 95
69 69 69 69 69 97 69 69 69 69 69 86 86 86 129 87 129 129 131 131 131 131 131 131 131 131 88 131 131 131 131 131 131 131 131 89 89 89 90 99 82 82 82 82 82 82 82 82 82 82 100 100 100 122 122 122 122 122 20 20 20 20 20 20 20 114 114 101 114 114 91 114 114 114 114 114 114 114 92 114 114 114 93 114 114 114 94 114 114 95 95 95 95 95 95 96 96 96 96 96
69 69 69 69 69 97 98 69 69 69 69 69 129 129 129 129 129 129 131 131 131 131 131 131 131 131 88 131 131 131 131 131 131 131 89 89 99 99 99 99 82 82 82 82 82 82 82 82 82 82 100 100 100 122 122 122 122 122 20 20 20 20 20 20 20 20 101 101 102 102 102 114 114 114 114 114 114 114 103 114 114 114 114 114 114 114 95 95 95 95 95 95 95 95 95 96 96 96 96 96
69 69 69 69 69 69 69 69 69 69 69 69 129 129 129 129 129 129 129 118 118 118 118 131 104 131 131 131 131 131 131 105 131 131 131 131 106 99 99 99 82 82 82 82 82 82 82 82 82 82 107 107 107 107 107 122 122 108 109 20 20 20 20 20 110 102 111 102 112 113 102 114 114 114 114 124 114 114 114 114 239 114 114 114 114 114 114 115 95 95 95 95 116 117 95 96 96 96 96 96
69 69 69 69 69 69 69 69 127 69 69 69 129 129 129 129 129 129 129 118 118 118 118 181 181 131 131 131 131 131 132 132 131 133 119 106 106 99 120 99 82 82 82 82 121 82 82 107 107 107 107 107 107 107 122 122 122 108 108 123 135 20 20 20 102 102 102 102 102 102 102 102 114 114 114 124 114 114 114 239 239 114 114 114 114 114 114 125 95 95 95 95 95 95 96 96 96 96 137 137
126 69 69 69 249 249 249 249 127 181 128 69 181 181 129 129 181 129 129 130 118 118 118 181 181 132 132 131 132 132 132 132 132 133 133 106 106 120 120 99 82 82 82 82 82 82 82 107 107 107 107 107 107 107 107 141 134 107 107 107 135 135 20 102 102 102 102 102 102 102 102 102 114 114 114 114 114 114 239 239 239 114 114 114 114 114 114 125 125 95 95 95 136 96 96 143 143 143 137 137
126 69 69 69 249 249 249 249 249 181 181 181 181 181 181 181 181 181 181 181 181 181 181 181 132 132 132 132 132 138 132 132 132 132 132 139 82 82 82 140 82 82 82 82 82 82 82 107 107 107 107 107 107 107 107 141 107 107 107 107 107 107 107 107 102 102 102 102 102 102 102 102 102 239 239 239 239 114 239 239 239 114 114 114 114 114 260 260 137 95 95 95 149 149 142 143 143 144 137 137
126 69 69 249 249 249 249 249 249 181 181 181 181 181 181 181 145 181 181 181 181 181 181 181 132 132 132 132 132 132 132 132 132 132 132 132 82 82 82 146 82 82 82 82 82 82 82 107 107 107 107 107 107 107 147 107 107 107 107 107 107 107 107 107 102 102 102 102 102 102 102 102 102 239 239 239 239 157 239 239 239 239 260 260 158 260 260 260 137 148 95 95 149 137 137 137 137 137 137 137
126 126 150 150 249 249 249 249 249 151 181 181 181 181 181 181 181 181 181 181 181 181 181 152 132 132 132 132 132 132 132 132 132 132 132 82 82 82 82 82 82 82 82 82 153 82 82 107 107 107 107 107 107 107 107 107 107 154 154 107 107 107 107 155 102 102 102 102 102 102 102 102 102 239 239 239 156 157 239 239 239 239 260 158 158 260 260 260 137 137 137 137 137 137 137 137 137 137 137 137
159 249 249 249 249 160 160 249 249 151 181 161 181 181 181 171 181 181 181 181 181 181 181 181 132 132 132 132 132 132 162 132 132 132 132 132 163 82 82 82 82 82 82 82 82 82 82 164 107 107 107 107 107 107 154 107 154 154 154 165 107 107 107 102 102 102 102 102 102 102 166 167 102 239 177 239 239 239 239 239 239 239 260 260 260 260 168 260 260 137 137 137 137 137 137 137 137 137 137 137
169 249 249 249 249 160 160 249 249 249 181 161 249 170 180 171 181 181 181 181 181 181 181 181 172 132 132 132 132 132 162 132 132 132 132 132 132 132 193 193 82 82 82 82 82 82 82 107 107 107 173 107 107 107 154 154 154 154 174 154 154 154 175 102 102 102 176 102 102 102 239 239 239 239 177 177 177 239 239 239 239 239 185 185 178 260 260 260 260 260 260 137 137 137 137 137 137 137 137 137
249 179 249 249 249 249 160 249 249 249 249 249 249 170 180 180 181 181 181 181 181 181 181 181 172 132 132 132 132 132 162 132 132 132 132 132 132 132 301 193 82 82 82 82 82 82 82 107 107 107 107 107 107 194 154 154 154 154 154 154 154 182 237 237 237 237 237 237 102 102 183 239 239 239 184 177 177 177 239 239 239 239 185 185 260 260 186 186 260 260 260 137 137 137 137 137 137 137 137 137
249 249 249 249 249 223 223 249 249 249 249 249 249 187 249 249 181 181 181 181 181 181 181 181 181 132 188 132 132 189 190 190 191 192 192 192 301 301 301 193 82 82 82 82 82 82 82 82 107 107 107 107 107 194 154 154 154 154 154 154 154 218 237 237 237 237 237 237 237 195 183 239 239 239 239 177 239 196 239 239 239 239 197 197 260 260 260 260 260 260 260 198 199 200 137 137 137 137 137 201
213 262 249 249 249 223 223 223 223 249 202 249 249 249 249 249 249 249 249 203 181 181 181 181 181 181 188 204 205 206 207 207 301 192 208 301 301 301 301 301 82 82 209 82 82 82 82 82 107 107 107 107 107 154 154 154 210 154 154 154 218 218 237 237 237 237 237 237 237 237 237 237 239 239 239 239 239 219 239 239 239 239 197 221 276 276 276 260 260 260 260 260 260 260 260 260 211 137 137 212
213 262 249 249 249 223 223 223 223 249 202 249 249 249 249 249 249 249 249 249 224 181 181 181 181 181 181 181 205 214 207 207 301 301 301 301 301 301 301 301 215 235 82 82 82 82 82 82 107 107 107 107 107 154 154 154 154 154 216 217 218 218 237 237 237 237 237 237 237 237 237 237 237 239 239 239 239 219 239 239 239 239 220 221 222 276 276 260 260 260 260 260 260 260 260 260 260 137 260 260
262 262 249 249 249 223 223 223 223 249 249 249 249 249 249 249 249 249 249 249 224 225 181 181 181 181 181 181 214 214 226 301 301 301 301 301 301 301 301 301 235 235 285 285 82 285 285 285 107 107 107 227 154 154 154 154 154 154 228 229 237 237 237 237 237 237 237 237 237 237 237 237 230 239 239 239 231 239 239 239 239 239 221 221 276 276 276 260 260 232 260 260 233 260 260 260 260 260 260 260
262 262 249 249 249 223 223 241 223 249 249 249 249 249 249 249 242 249 249 355 355 355 355 355 181 181 181 181 214 214 245 301 301 301 301 234 301 301 301 301 235 235 285 285 285 285 285 285 107 107 107 154 236 154 154 154 154 154 154 237 237 237 237 237 237 237 237 238 237 237 237 237 237 239 239 239 239 239 239 239 240 239 221 221 276 276 276 260 260 260 260 260 260 260 260 260 260 260 260 260
262 262 249 249 249 241 241 241 241 241 241 249 249 249 249 249 242 249 249 243 249 355 355 355 355 244 355 355 245 245 245 355 301 301 301 234 301 301 301 301 235 235 235 285 285 285 285 246 107 107 107 154 154 154 154 154 154 154 154 237 237 237 237 237 237 237 237 257 237 237 237 237 247 247 247 239 239 239 239 239 248 276 276 276 276 276 276 276 260 260 260 260 260 260 260 260 260 260 260 260
262 262 262 262 249 241 241 241 241 241 241 249 249 249 249 249 249 249 249 249 249 249 355 355 355 355 355 355 245 245 250 355 301 251 252 253 301 301 301 301 235 235 235 285 285 285 285 107 107 285 285 254 271 154 255 256 154 154 154 154 154 154 154 154 237 237 237 257 237 237 237 237 237 237 239 239 239 258 239 259 259 259 276 276 276 276 276 260 260 260 260 260 260 260 260 260 261 278 278 296
262 262 262 262 249 241 241 241 241 241 263 264 249 249 281 265 266 282 282 282 282 267 355 355 355 355 355 355 268 245 355 355 301 301 355 269 301 301 301 301 235 235 285 270 270 285 107 107 107 285 285 285 271 154 154 303 303 303 272 272 273 154 154 154 274 237 237 237 237 237 237 237 237 237 328 239 275 275 317 317 317 317 276 276 276 276 276 260 260 260 277 260 260 260 260 260 278 278 278 296
262 262 262 241 241 241 241 241 241 241 279 241 280 281 281 282 282 282 282 282 282 282 355 355 355 355 355 355 355 355 355 355 355 355 355 269 301 301 283 301 235 235 285 284 285 285 107 285 285 285 285 285 285 285 285 285 303 303 303 335 304 304 154 154 274 237 237 237 237 237 237 237 237 286 328 328 328 328 328 317 317 317 317 287 287 287 288 260 289 289 260 260 260 260 260 260 260 260 278 296
262 262 262 241 290 241 241 241 241 241 241 241 281 281 281 282 291 282 282 282 282 282 282 355 355 355 355 355 355 355 355 355 355 355 355 355 301 301 301 301 285 285 285 285 285 285 285 285 285 285 285 285 285 285 303 303 303 303 335 335 304 304 304 304 304 292 292 237 237 237 237 237 237 293 328 328 328 328 328 317 317 317 317 317 287 287 287 287 294 289 295 295 260 260 260 260 260 343 343 296
262 262 262 297 298 299 299 241 241 241 241 241 281 281 281 282 282 282 282 282 282 282 282 282 355 355 355 355 355 300 355 355 355 355 355 310 301 301 301 301 285 301 285 285 285 285 285 285 302 285 285 285 285 285 303 303 285 285 335 335 304 304 304 304 292 292 292 237 237 237 237 237 237 328 328 328 328 328 317 317 317 317 317 317 317 287 287 287 343 343 343 343 343 260 260 260 343 343 343 305
306 307 351 351 351 351 351 241 241 241 241 241 241 281 281 282 282 282 282 282 355 282 308 282 355 355 309 355 355 355 355 355 355 355 355 310 310 310 311 301 301 301 301 285 285 285 285 285 312 312 285 285 285 285 285 285 313 285 334 335 335 335 314 335 292 292 292 237 237 315 237 237 237 328 316 328 328 328 317 317 317 317 317 317 317 317 343 343 318 343 343 343 343 343 343 260 343 343 343 305
319 351 351 351 351 351 241 241 320 392 392 392 392 321 322 282 282 282 282 282 355 355 355 355 355 323 355 355 355 355 355 355 355 355 355 310 324 324 325 301 301 301 301 285 347 347 347 326 312 312 285 285 285 285 285 285 285 285 334 335 335 335 335 335 327 327 327 327 327 237 237 237 237 237 237 328 328 329 317 317 317 317 317 317 317 317 330 343 343 343 343 343 343 343 343 343 343 343 343 343
351 351 351 351 351 241 241 241 331 392 392 392 392 322 322 392 282 282 282 282 355 355 355 355 355 355 355 355 355 355 355 340 340 355 355 355 355 324 324 324 301 301 301 347 347 347 347 347 347 347 285 332 285 285 285 285 333 334 334 335 335 335 335 335 327 327 327 327 327 336 336 336 237 237 237 337 317 317 317 317 317 317 317 317 317 317 338 343 343 343 343 343 343 343 339 343 343 343 343 343
351 351 351 241 241 241 241 392 392 392 392 392 392 392 392 392 392 282 355 355 355 355 355 355 355 355 355 355 355 355 340 340 340 355 355 355 355 324 324 324 301 301 301 347 347 347 347 347 347 347 285 285 285 285 285 285 334 334 334 334 334 335 335 335 335 335 327 327 237 237 237 237 237 237 237 341 373 373 317 317 317 361 342 317 317 317 343 343 343 343 343 343 343 343 343 343 343 343 343 343
351 351 351 241 241 241 241 392 392 392 392 392 392 392 392 392 392 344 355 345 345 355 355 355 355 355 355 355 355 355 340 346 444 444 355 355 355 324 324 324 324 324 347 347 347 347 347 347 347 347 285 285 285 285 285 285 334 334 334 334 334 335 335 335 327 327 327 348 237 237 237 237 237 237 349 349 373 373 317 317 373 361 350 317 317 317 317 343 343 343 343 343 343 343 374 343 343 400 400 400
351 351 351 241 241 352 352 352 392 392 353 392 392 392 392 392 392 392 392 392 392 392 354 355 355 355 355 355 355 444 444 444 444 444 444 369 369 369 324 324 324 356 347 347 347 347 347 347 347 347 285 285 357 357 285 285 397 334 334 334 334 334 335 358 358 327 327 359 359 360 237 237 237 237 349 349 373 373 373 373 373 361 361 361 317 317 317 317 362 374 374 374 363 374 374 364 400 400 400 400
557 557 241 241 241 352 352 352 365 365 392 392 392 366 392 392 367 392 392 392 392 392 392 355 355 355 355 368 368 444 444 444 369 369 444 369 369 369 369 369 324 370 347 347 347 347 347 347 285 285 285 285 285 285 285 285 397 334 334 334 334 334 334 334 334 334 334 371 434 434 372 237 237 373 373 373 373 373 373 373 373 361 361 361 317 317 317 317 362 398 398 374 374 374 374 374 374 400 389 400
557 557 557 241 241 557 557 557 392 375 392 376 377 392 392 392 392 392 392 378 392 379 557 557 557 380 557 557 557 444 444 444 369 369 369 369 369 381 382 383 384 385 386 347 347 347 347 347 285 285 285 387 285 285 285 285 397 334 334 334 334 334 334 334 334 334 334 434 434 434 434 373 373 373 373 373 373 373 373 373 373 373 388 388 388 317 317 317 317 398 398 398 398 374 374 374 400 400 389 389
557 557 557 557 241 557 557 557 392 392 392 392 392 392 392 392 390 391 392 557 557 557 557 557 557 557 557 557 557 444 393 444 369 369 369 403 394 403 403 403 403 403 395 347 347 347 396 404 285 285 516 387 516 516 285 285 397 334 334 334 334 334 334 334 334 334 434 434 434 434 373 373 373 373 373 373 373 373 373 373 373 373 373 373 388 317 317 317 317 317 398 398 399 374 374 374 400 400 400 400
557 557 557 557 557 557 557 392 392 392 392 392 392 392 392 392 392 392 392 557 557 401 409 557 557 557 557 557 402 444 444 444 369 369 369 403 403 403 403 403 403 403 403 403 403 403 403 404 516 516 516 516 516 516 516 405 405 405 334 334 334 334 334 334 334 434 434 434 434 373 373 373 373 373 373 373 373 373 373 373 373 373 373 373 373 317 317 317 406 400 407 407 399 408 400 400 400 400 400 400
557 557 557 557 557 557 392 392 392 392 392 392 392 392 392 392 392 392 392 392 392 392 409 409 557 557 410 557 557 444 444 444 444 444 411 403 403 403 403 412 403 403 403 413 403 403 403 516 516 516 516 516 516 516 516 405 414 405 415 334 416 334 334 334 434 434 434 434 373 373 373 373 373 373 373 373 373 373 373 373 373 373 373 373 373 317 317 423 423 400 400 400 400 400 400 400 417 400 400 400
557 557 557 557 557 557 557 392 392 392 392 392 392 392 392 392 392 392 392 392 392 392 392 557 557 557 557 557 444 444 444 444 444 403 403 403 403 403 403 403 418 403 403 403 403 403 516 516 516 516 516 516 516 516 516 516 516 433 433 419 419 419 419 419 434 434 434 434 373 373 420 373 373 421 373 373 373 373 422 493 493 373 373 373 317 317 317 423 317 424 400 400 400 400 425 400 400 400 400 400
557 557 557 557 557 557 557 392 392 392 392 392 392 392 392 392 426 392 557 557 557 557 427 557 557 557 557 557 428 444 444 444 444 403 403 403 403 403 403 403 403 403 403 403 429 403 430 403 431 432 516 516 516 516 516 516 516 516 433 419 419 419 419 419 434 434 434 434 434 434 373 373 373 373 373 373 435 436 493 493 493 493 493 437 317 317 317 317 317 317 317 317 505 505 400 400 400 400 400 400
557 448 448 438 438 439 557 557 440 392 392 392 392 392 392 426 426 392 392 557 557 557 557 441 557 557 557 465 442 444 444 443 444 445 403 403 403 403 403 403 403 446 403 403 403 403 403 403 431 431 516 516 516 516 516 516 516 516 516 516 516 447 516 419 434 434 434 434 434 434 434 434 373 373 373 373 493 493 493 493 493 493 493 437 461 317 317 317 317 317 317 317 505 505 400 400 400 400 400 400
448 448 448 438 557 557 557 557 449 450 450 392 392 392 392 426 451 557 557 557 557 557 557 452 557 557 557 465 453 454 512 512 455 455 455 403 403 403 403 403 403 403 403 403 403 403 456 457 431 431 516 516 516 516 516 516 516 516 516 516 516 516 516 434 434 434 434 434 434 434 458 458 373 373 373 459 493 493 493 493 493 493 493 460 461 461 317 317 317 317 317 505 505 505 400 400 400 400 462 400
448 448 463 463 463 557 557 557 557 464 557 392 392 484 484 484 451 557 557 557 557 557 557 557 557 557 465 465 453 512 512 512 466 455 486 467 403 403 403 403 403 403 403 403 403 403 431 431 431 431 431 516 516 516 516 516 516 468 516 516 516 516 516 434 434 434 469 490 434 470 471 458 373 373 472 493 493 493 493 493 493 493 473 473 461 461 317 317 317 505 505 505 505 400 400 400 400 400 462 474
483 448 463 463 557 557 557 557 557 475 557 557 484 484 484 484 451 484 557 557 557 557 557 557 557 557 512 512 512 512 512 512 486 486 486 403 403 403 403 476 403 403 403 403 431 431 431 431 431 431 516 516 516 516 516 516 516 516 514 516 516 516 516 516 477 490 490 490 490 478 478 492 373 373 479 480 493 493 493 493 317 493 473 473 317 317 317 317 505 505 505 505 505 400 400 400 400 481 482 482
483 557 463 463 557 557 557 557 557 557 557 557 557 484 484 484 484 484 557 557 485 557 557 557 557 512 512 512 512 512 512 512 486 486 486 486 403 403 403 403 403 555 403 403 431 431 431 487 431 431 431 500 488 489 516 516 514 514 514 514 516 516 516 516 490 490 491 492 492 492 492 492 492 492 492 492 492 492 493 493 317 317 317 317 317 317 317 505 505 505 505 505 505 505 505 505 494 495 482 482
557 557 557 557 557 557 557 509 557 557 557 557 557 557 484 484 484 496 557 557 557 557 557 557 557 512 512 512 512 512 512 512 497 486 486 512 512 403 403 403 403 555 498 431 431 431 431 431 431 499 500 500 500 500 516 514 514 514 514 514 516 516 516 514 514 501 603 603 517 517 502 503 492 492 492 492 504 504 493 493 317 317 317 317 317 519 519 505 505 505 505 505 505 505 506 506 507 507 507 482
508 557 557 557 557 557 557 509 557 557 557 557 557 557 557 557 557 510 557 557 557 557 557 557 511 512 512 512 540 540 512 512 512 512 512 512 512 403 403 403 403 555 431 431 431 431 431 513 500 500 500 500 500 500 523 514 515 514 514 514 516 516 514 514 514 514 603 603 517 517 603 603 603 518 492 492 504 317 317 317 317 317 317 317 317 519 519 505 505 505 505 505 505 505 506 506 506 506 506 506
508 520 557 557 557 557 557 557 557 557 528 557 557 557 557 557 557 557 557 557 557 557 557 557 557 521 521 522 540 540 512 512 512 512 512 512 512 403 403 403 403 555 555 431 431 431 500 500 500 500 500 500 500 500 523 514 514 514 514 514 514 514 514 514 514 514 603 603 603 603 603 524 603 603 492 492 317 317 317 317 317 317 317 317 317 317 505 505 505 505 505 505 505 505 506 506 525 506 506 536
508 508 557 557 526 526 527 557 557 557 528 557 557 557 557 557 557 557 557 557 557 557 529 530 539 539 539 540 540 540 512 512 512 512 531 512 512 512 403 403 403 532 555 555 555 500 500 500 500 500 500 500 500 500 514 514 514 514 514 514 514 514 514 514 514 514 533 603 603 603 603 603 603 603 603 603 603 603 603 603 534 317 317 535 535 535 505 505 505 505 505 505 505 505 506 506 506 506 506 536
537 508 537 537 537 537 557 557 557 557 557 557 557 557 557 557 557 557 557 557 538 539 529 539 539 539 539 539 540 540 512 512 512 512 512 512 512 512 541 403 403 542 555 555 555 500 500 500 500 500 500 543 500 500 514 514 514 514 514 514 514 514 514 544 570 570 570 570 570 552 603 603 603 603 603 603 603 603 603 603 545 317 317 535 535 535 505 505 505 505 505 505 505 556 556 506 506 506 506 506
537 537 537 537 537 537 557 557 557 557 557 557 557 557 557 557 557 557 557 539 539 539 539 539 539 539 539 539 512 546 512 512 512 512 512 512 512 541 541 547 403 548 598 555 555 555 555 549 550 551 500 500 500 500 514 514 514 514 514 514 514 514 514 514 570 570 570 570 570 552 603 603 603 603 603 603 603 603 603 603 603 553 553 535 535 535 505 505 505 505 505 564 564 556 556 639 506 506 506 506
537 537 537 537 537 537 557 557 557 557 557 557 557 557 557 574 557 557 557 539 539 539 539 539 539 539 539 512 512 512 554 554 512 512 512 512 512 541 598 598 598 598 598 555 555 555 555 555 555 500 500 500 500 500 514 514 514 514 514 514 514 514 514 514 570 570 570 570 570 603 603 603 603 603 603 603 603 603 603 603 603 603 535 535 535 535 535 505 505 564 564 564 564 639 556 639 506 506 506 506
565 537 537 537 537 537 557 557 557 557 557 557 557 557 574 574 557 557 557 557 539 539 539 574 574 558 559 574 512 512 512 512 512 512 512 512 560 561 598 598 598 598 598 598 555 555 555 555 500 500 500 500 500 590 590 514 514 514 514 514 514 514 514 562 570 570 570 570 570 603 603 603 603 603 603 603 603 603 603 603 603 603 603 535 535 535 535 535 535 535 563 564 564 639 639 639 506 580 594 594
565 566 537 537 537 537 566 557 567 567 567 557 557 574 574 574 574 574 568 557 539 572 539 574 574 574 574 574 512 512 512 512 512 512 512 512 512 598 598 598 598 598 598 598 555 555 576 576 500 576 576 500 500 590 590 590 514 514 569 514 514 514 570 570 570 570 570 570 570 603 603 603 603 603 603 571 603 603 603 603 603 603 535 535 535 535 535 535 535 535 535 564 564 639 639 639 639 580 594 594
566 566 566 566 566 566 566 567 567 567 567 557 557 574 574 574 574 574 568 574 574 572 573 574 574 574 574 574 574 512 512 512 512 512 587 512 512 598 598 598 598 598 598 598 575 555 576 576 576 576 577 576 500 589 590 591 514 514 569 514 514 514 578 570 570 570 570 570 570 603 603 603 603 603 603 603 603 603 603 603 603 603 579 535 535 535 535 535 535 535 639 639 639 639 639 639 639 580 594 594
566 566 566 566 566 581 582 567 567 583 583 557 557 574 574 574 584 585 574 574 574 572 572 574 574 586 574 574 512 512 574 512 512 587 587 512 512 598 588 588 598 598 598 598 599 555 576 576 576 576 576 576 589 589 590 591 591 600 600 600 592 514 570 570 570 570 570 570 570 603 603 627 627 627 602 603 603 593 593 603 603 603 603 535 535 535 535 535 535 535 639 639 639 639 639 639 639 639 594 594
595 595 566 566 566 566 567 567 615 557 557 557 557 574 574 574 574 574 574 574 574 574 596 574 574 574 574 574 574 574 574 574 574 574 680 680 680 597 598 598 598 598 599 599 599 576 576 576 576 576 576 576 576 589 591 591 666 600 600 600 666 666 666 666 666 666 666 570 570 570 601 627 627 627 602 603 604 604 627 603 605 606 607 607 607 614 535 535 535 535 535 639 639 639 639 639 639 639 594 594
566 566 566 566 566 566 566 608 615 557 557 557 557 574 574 574 574 574 609 574 574 574 574 574 574 574 574 574 574 574 574 680 680 680 680 680 680 598 598 598 598 598 598 610 599 576 576 576 576 576 576 611 576 589 617 617 666 666 666 666 666 666 612 666 666 666 613 613 613 570 627 627 627 627 627 627 627 627 627 618 618 618 618 618 614 614 535 535 535 535 535 639 639 639 639 639 639 639 594 639
566 566 566 566 566 566 566 659 615 557 557 557 557 574 574 574 574 574 574 574 574 574 574 574 574 574 574 574 574 574 574 574 680 680 680 680 680 680 616 616 598 598 598 598 631 576 576 576 576 576 576 576 576 617 617 666 666 666 666 666 666 666 666 666 666 666 633 627 627 627 627 627 627 627 627 627 627 627 627 618 618 618 618 618 619 614 535 535 535 535 639 639 639 639 620 639 639 639 639 639
566 566 566 566 566 621 621 659 659 557 557 557 780 622 574 574 574 574 574 574 574 574 574 574 574 574 574 574 574 574 574 623 680 680 680 680 680 680 624 624 598 598 598 598 631 576 576 576 576 576 625 626 626 666 666 666 666 666 666 666 666 666 666 666 666 633 633 633 633 627 627 627 627 627 627 627 627 627 627 618 618 628 618 618 614 614 535 535 535 535 639 639 639 639 639 639 639 639 639 639
566 629 566 566 659 659 659 659 659 557 557 557 780 780 780 574 574 574 630 574 574 574 574 574 574 574 574 574 574 574 623 623 623 680 680 680 680 680 680 680 598 598 576 576 631 576 576 576 576 576 666 666 666 666 666 666 632 666 666 666 666 666 666 666 666 633 633 633 633 627 773 773 773 773 773 627 627 627 627 627 618 618 618 614 614 614 535 535 535 535 639 639 639 639 639 639 639 639 639 641
566 642 566 566 659 659 659 659 659 780 557 557 557 780 780 574 574 574 630 574 574 574 574 574 574 574 574 634 680 680 680 623 680 680 680 680 680 680 635 635 598 598 636 576 576 576 576 666 666 666 666 666 666 666 666 666 666 666 666 666 666 666 666 666 666 633 633 633 633 637 638 773 773 773 773 773 773 773 773 627 618 618 618 614 614 614 535 535 535 535 639 640 639 639 639 639 639 639 641 641
566 642 642 730 730 643 659 659 659 780 780 780 644 780 780 645 574 574 574 574 574 574 646 574 574 574 680 680 680 680 680 647 680 680 680 680 680 680 680 680 680 598 598 598 576 576 666 666 666 666 666 666 666 666 666 666 666 666 666 666 656 656 666 666 666 666 633 633 633 773 773 773 773 773 773 773 773 773 648 648 649 650 651 651 614 652 673 673 673 535 535 535 639 639 639 639 639 639 639 639
730 642 642 730 730 659 659 659 660 780 780 780 653 780 780 654 654 574 574 574 574 574 574 574 574 574 574 680 680 680 680 680 680 680 680 680 680 680 680 680 680 680 680 655 655 666 666 666 666 666 666 666 666 666 666 666 666 666 666 666 656 656 666 666 666 666 633 633 633 773 773 773 773 773 773 773 773 773 773 773 773 650 673 614 614 672 673 673 673 657 535 535 535 535 639 639 639 639 639 658
730 642 642 730 730 659 659 676 660 780 780 780 661 780 780 780 780 574 574 574 662 662 662 574 574 574 574 680 680 680 663 680 680 680 680 680 680 680 680 680 680 680 680 664 680 665 666 666 666 666 666 666 666 666 666 666 666 666 667 656 656 668 666 666 666 666 666 633 633 773 773 669 669 773 773 773 773 773 670 773 773 673 673 671 672 672 673 673 673 535 535 535 674 535 639 639 639 639 639 728
730 675 730 730 730 730 676 676 730 780 780 780 780 780 780 780 780 780 780 780 780 780 780 780 574 677 719 719 680 719 719 719 719 680 678 680 679 680 713 680 680 680 680 681 680 682 682 666 666 683 666 666 666 666 666 666 666 666 666 684 656 656 685 686 666 666 666 666 773 773 773 773 773 773 773 773 773 773 773 773 773 673 673 673 673 673 673 673 673 674 674 674 674 728 728 728 728 728 728 728
730 730 730 730 730 730 676 676 730 730 730 780 780 780 780 780 780 780 780 780 780 711 711 711 574 574 719 719 719 719 719 719 719 719 719 687 719 688 713 680 680 680 680 680 680 682 682 666 666 666 666 666 666 689 666 666 666 690 666 691 691 691 686 686 692 666 666 666 773 773 773 773 773 773 773 773 773 773 773 693 773 773 673 673 673 673 673 673 694 695 695 695 696 728 728 728 728 728 728 728
697 730 730 730 730 730 730 730 730 730 698 730 780 780 748 748 748 699 780 780 780 711 711 711 711 574 719 719 719 719 719 719 719 719 719 719 719 700 713 713 713 701 680 680 734 734 734 734 666 666 666 666 666 666 666 666 702 666 666 703 666 666 666 666 704 666 666 666 773 705 773 773 773 716 716 773 773 706 773 773 773 773 773 673 673 673 673 673 707 695 695 695 708 709 728 728 728 728 728 728
710 737 730 730 730 730 730 730 730 730 730 730 780 780 748 748 748 699 780 780 780 711 711 711 711 711 794 719 712 719 719 719 719 719 719 719 713 713 713 713 713 713 680 680 734 734 734 734 734 714 723 666 666 666 666 666 666 666 666 666 666 666 666 666 666 666 666 725 773 715 773 773 773 716 717 717 773 773 773 727 773 773 773 718 673 673 673 673 673 673 673 673 728 728 728 728 728 728 728 728
737 737 737 730 730 730 730 730 730 730 829 829 748 748 748 748 748 780 780 780 780 711 711 711 794 794 794 794 794 719 719 720 719 719 719 719 721 713 713 713 713 713 783 722 734 734 734 734 734 714 723 666 666 666 724 666 666 666 666 666 666 666 666 666 666 666 666 725 773 773 773 773 773 726 773 773 773 773 773 727 773 773 773 773 773 773 773 673 673 673 673 673 673 673 673 728 728 728 728 728
737 737 737 730 730 729 730 730 731 829 829 829 748 748 748 748 748 780 780 780 780 732 749 794 794 794 794 794 794 794 794 794 719 719 719 713 713 713 713 733 733 733 783 783 734 734 783 734 734 734 735 735 666 666 666 666 666 666 666 666 744 666 666 666 666 666 773 773 773 773 773 773 773 773 773 773 773 773 773 773 773 773 773 773 773 773 773 736 736 736 736 673 673 673 673 728 728 728 728 728
737 737 738 747 730 730 730 829 829 829 829 829 748 748 748 739 739 780 780 780 780 780 749 740 794 794 794 794 794 794 741 719 719 719 713 713 713 713 713 713 742 743 783 783 783 783 783 734 734 734 735 735 666 666 756 666 666 744 744 744 744 773 773 666 773 773 773 773 773 773 773 773 773 773 773 786 786 786 786 745 746 773 773 773 773 773 773 773 736 736 673 673 673 673 673 728 728 728 728 728
737 737 747 747 829 829 829 829 829 829 829 829 748 748 748 748 748 780 780 780 780 780 749 749 794 794 794 794 750 794 751 751 719 719 713 713 713 752 818 753 754 743 783 783 783 783 734 734 734 734 735 755 666 666 756 666 666 744 744 744 744 744 773 773 773 757 758 773 773 759 773 773 773 773 773 786 786 786 786 786 760 761 762 773 773 773 773 773 736 736 763 909 673 673 673 673 728 728 728 728
764 829 829 765 765 829 829 766 829 829 829 830 830 830 830 830 830 830 830 780 780 780 767 794 794 794 794 768 769 794 794 794 770 782 818 713 713 818 818 818 754 743 783 783 783 783 783 734 734 734 735 666 666 666 666 666 744 744 744 744 744 744 771 773 773 772 773 773 773 773 773 773 773 773 774 774 786 786 786 786 787 787 773 773 773 773 773 773 736 736 909 909 909 909 909 775 909 909 909 776
764 829 829 829 829 829 777 778 829 829 829 830 830 830 830 830 779 815 815 815 792 780 780 781 794 794 794 794 794 794 794 794 770 782 818 818 818 818 818 818 818 818 818 818 783 783 783 734 734 783 735 666 666 773 773 773 773 773 784 773 744 744 796 773 773 773 785 773 773 773 773 773 773 773 773 773 786 786 773 787 787 773 773 773 788 773 773 736 736 736 909 909 909 789 909 909 909 909 909 909
790 829 829 829 829 829 814 814 791 829 829 830 830 830 830 815 815 815 815 815 792 780 780 793 794 794 794 794 794 794 794 794 794 818 818 818 818 818 818 818 818 818 818 818 783 783 795 783 734 783 773 773 773 773 773 773 773 773 773 773 744 744 796 773 773 773 773 773 797 773 773 773 773 773 773 773 773 798 773 773 773 773 773 773 773 773 773 821 821 810 909 909 799 799 800 909 909 909 909 909
829 829 829 829 829 829 814 814 801 801 830 830 830 830 830 815 815 815 815 815 815 815 802 802 803 803 794 794 794 794 794 849 849 818 804 818 818 818 818 818 818 818 818 818 783 783 783 783 783 783 783 783 783 773 805 773 773 806 773 773 773 773 773 773 773 773 773 773 773 773 807 773 773 773 773 773 773 798 773 820 773 773 808 809 773 773 773 821 821 810 773 909 773 799 800 800 909 909 811 909
812 829 829 879 879 813 814 814 814 830 830 830 830 830 830 830 815 815 815 815 815 816 822 822 822 803 822 794 794 794 794 849 817 804 804 804 804 818 818 818 818 818 818 818 783 783 783 783 783 783 783 783 773 773 773 773 773 773 773 773 773 773 773 773 773 773 773 773 773 819 773 773 773 773 773 773 773 773 773 820 773 773 836 773 773 773 773 773 821 821 773 773 773 800 800 800 909 909 909 909
829 829 829 829 879 879 879 814 814 830 830 830 830 830 830 830 830 830 815 815 815 815 815 822 822 822 822 822 794 794 794 849 849 804 804 804 804 832 818 818 823 818 783 783 783 783 783 783 783 834 783 783 773 773 773 773 773 773 773 773 773 773 773 773 773 773 824 824 773 773 773 773 773 825 826 773 773 773 773 773 773 773 836 836 836 773 773 773 773 773 773 827 773 828 909 909 909 909 909 909
879 879 829 829 829 879 879 879 879 830 830 830 830 830 830 830 830 830 830 815 815 815 815 822 822 822 822 952 794 794 794 952 849 831 804 804 832 832 832 818 833 818 783 783 783 783 783 783 783 834 783 783 773 773 773 773 773 773 773 773 853 853 853 773 773 773 773 773 773 773 773 773 773 858 858 773 773 835 773 773 773 773 836 836 836 836 837 773 838 773 773 773 839 840 909 909 909 909 909 909
841 879 879 879 879 879 879 879 879 879 879 879 879 830 830 830 842 842 815 815 815 815 815 815 815 815 815 952 952 952 952 952 849 849 849 849 832 832 832 832 843 844 783 783 783 783 783 783 783 852 852 783 783 773 773 773 773 773 773 773 853 853 845 845 855 773 773 773 773 773 773 773 773 858 858 859 773 773 773 873 873 873 873 873 846 836 836 836 838 838 773 773 773 840 909 909 909 909 909 909
879 879 879 879 879 879 879 879 879 879 879 879 879 879 879 842 842 847 815 815 815 848 815 815 815 815 815 952 952 952 952 952 849 849 849 849 849 832 850 850 865 865 865 851 851 882 882 882 783 852 852 783 783 773 773 773 773 773 773 773 853 853 854 845 855 856 773 773 773 773 773 857 773 858 858 859 773 773 773 873 873 860 873 873 846 873 873 873 867 867 773 773 861 861 909 909 909 909 862 909
879 879 879 879 879 863 879 879 879 879 879 879 879 879 879 879 847 847 847 847 815 815 815 815 815 815 815 952 864 952 952 952 849 849 849 849 849 849 865 865 865 865 865 865 865 882 882 882 783 783 852 783 783 783 962 866 773 773 773 773 773 773 893 893 855 773 773 773 773 773 773 773 773 773 773 773 773 773 773 886 886 886 873 873 873 873 873 867 867 867 867 909 909 909 909 909 909 909 909 909
875 879 879 879 879 879 879 868 868 878 879 879 879 879 879 879 869 869 869 869 815 815 815 815 815 815 815 815 952 952 952 952 952 952 952 849 849 849 865 865 865 865 865 865 870 882 882 882 783 783 783 783 783 962 962 962 962 962 773 773 893 893 893 893 893 893 871 871 893 893 893 773 872 773 773 773 773 773 773 886 886 886 873 873 873 874 909 909 909 909 909 909 909 909 909 888 888 909 909 909
875 876 879 879 879 879 877 879 878 878 879 879 889 879 879 879 879 869 815 815 815 815 815 815 815 815 815 815 952 952 952 952 952 952 952 849 849 849 865 865 865 865 880 880 881 882 882 882 882 882 783 783 783 883 962 962 962 962 962 962 962 962 962 962 893 893 893 893 893 893 893 893 893 893 884 884 773 773 773 773 886 885 885 886 873 887 909 909 909 909 909 909 909 909 909 888 888 888 888 888
875 876 900 900 879 879 898 879 879 879 879 879 889 879 879 879 879 879 815 815 815 815 815 815 815 815 815 815 952 952 952 952 952 952 952 849 849 865 865 865 914 914 914 914 890 882 882 891 882 882 882 882 892 962 962 962 962 962 962 962 962 962 962 962 893 893 893 893 893 893 893 893 893 893 893 894 773 773 773 773 886 886 886 886 886 886 909 909 909 909 895 895 909 909 909 888 888 888 888 888
896 900 900 900 897 898 898 879 879 879 879 879 879 879 879 879 879 879 815 815 815 815 815 815 815 815 815 815 815 815 952 952 952 952 952 865 865 865 914 914 914 914 914 914 914 914 882 882 882 882 882 882 899 962 962 962 962 962 962 962 962 962 962 962 893 893 893 893 893 893 893 893 893 907 907 907 773 773 773 773 886 886 886 886 886 886 909 909 909 909 909 909 909 909 909 909 909 888 888 888
950 900 900 900 897 911 911 879 879 901 902 879 879 879 879 879 879 879 879 879 815 815 815 815 815 815 903 904 815 952 952 952 952 952 952 952 865 865 914 914 914 914 914 914 914 914 914 905 882 882 882 882 882 962 962 962 962 962 962 962 962 962 893 893 893 893 893 893 893 893 893 893 906 907 907 886 773 773 773 773 886 886 886 908 886 909 909 909 909 909 909 917 909 909 909 909 909 888 888 888
950 950 910 950 950 911 911 879 879 950 950 879 879 879 879 879 927 927 951 951 815 815 815 815 912 912 913 913 952 952 952 920 952 952 946 946 914 914 914 914 914 914 914 914 914 914 882 882 882 882 882 882 882 962 962 962 962 962 962 962 962 962 893 893 893 893 893 915 893 893 893 893 893 907 907 886 886 886 886 886 886 886 916 909 909 909 909 909 909 909 909 917 909 909 909 909 909 888 888 888
950 950 950 950 950 950 950 950 879 950 950 950 918 919 919 879 879 927 951 951 951 815 815 815 815 938 952 952 952 952 952 920 952 952 946 914 914 914 914 914 914 914 914 914 914 921 882 882 882 882 882 882 882 962 962 962 962 962 962 962 962 893 893 893 893 893 893 893 893 893 893 922 893 923 886 886 886 886 886 886 886 886 886 886 886 909 909 909 909 909 909 909 909 909 909 909 909 909 924 924
925 950 950 950 950 950 950 950 950 950 950 950 950 919 919 937 926 927 951 951 951 951 928 951 815 938 952 938 952 952 952 952 952 946 946 946 914 929 914 930 914 914 914 931 914 914 882 882 882 882 882 882 882 932 962 962 962 962 962 962 962 933 933 933 933 933 933 893 893 893 934 935 893 893 886 886 886 893 893 893 886 886 886 886 886 909 909 909 909 909 909 909 909 909 909 909 909 909 924 924
950 950 950 950 950 950 950 950 950 950 950 950 950 950 936 937 951 951 951 951 951 951 951 951 951 938 952 938 939 939 939 952 952 946 946 946 940 940 914 914 914 914 914 941 941 914 942 942 882 882 882 882 882 972 972 962 962 962 962 962 962 962 962 933 962 962 962 893 893 893 893 893 893 893 893 943 893 893 893 893 886 886 886 886 909 909 909 909 909 909 909 909 909 909 909 909 909 909 909 980
950 950 950 950 950 944 950 950 950 945 950 950 950 950 936 951 951 951 951 951 951 951 951 951 951 938 938 938 939 939 952 952 952 946 946 946 914 914 914 914 914 914 914 947 914 914 914 914 948 972 972 972 972 972 972 962 962 962 962 962 962 962 962 949 962 962 962 893 893 893 893 893 893 893 893 893 893 893 893 893 893 886 909 909 909 909 909 909 909 909 909 909 909 909 909 909 909 909 980 980
950 950 950 950 950 950 950 950 950 950 950 967 950 950 950 951 951 951 951 951 951 951 951 951 951 951 952 952 952 952 952 952 952 946 946 953 914 914 914 914 914 914 914 914 914 914 914 961 972 972 972 972 972 972 972 962 962 962 962 962 962 962 962 962 962 962 962 962 893 893 893 893 893 893 893 893 893 893 893 893 893 893 909 909 909 909 909 909 909 909 909 909 909 909 909 909 909 980 980 980
954 950 950 950 950 955 955 955 950 950 967 967 950 950 950 950 951 951 951 956 956 951 951 951 951 951 951 957 952 952 952 914 914 914 958 914 914 914 959 959 959 914 914 914 914 914 960 961 972 972 972 972 972 972 962 962 962 962 962 962 962 962 962 962 962 962 962 962 893 893 893 893 893 893 893 893 893 963 963 893 893 964 909 909 909 909 909 909 909 909 909 909 965 909 909 997 909 980 980 980
950 950 966 950 950 955 955 950 950 967 967 967 967 950 950 950 951 951 956 956 956 951 951 951 951 951 951 951 952 968 968 914 914 914 914 914 914 914 959 959 969 970 970 914 914 914 960 971 972 972 972 972 972 972 962 962 962 962 962 962 962 962 973 962 962 962 962 962 962 962 962 962 974 975 976 893 893 963 995 995 995 909 909 909 909 909 909 909 909 909 909 977 978 979 909 997 997 980 980 980
950 950 950 981 981 981 955 950 950 982 983 967 967 950 951 951 951 956 956 956 956 956 951 951 984 951 951 951 952 952 985 914 914 914 986 987 988 989 959 990 991 970 970 992 914 914 972 972 972 972 972 962 962 962 962 962 962 962 962 962 962 962 962 962 962 962 962 993 962 962 994 994 994 994 976 893 893 995 995 995 995 909 909 909 909 909 909 909 909 909 909 996 996 996 997 997 997 998 999 1000
7989
4085
5298
3986
10878
32464
14166
8082
3711
19873
44639
1771
3649
20254
4772
10472
5824
5655
15579
2442
4405
12563
5184
11170
20936
9388
5822
8043
7851
13190
4615
5036
10880
8917
2165
5028
3991
17166
8287
16623
3954
3646
64980
21830
97350
8463
21735
15600
16709
8912
3074
10769
48674
1739
3245
25695
14285
26200
21314
13674
4431
25903
6386
9212
2618
3410
8484
8751
7492
5903
5739
10795
6450
2191
13574
10573
15593
25594
3411
10776
2852
27777
10732
8609
78230
20569
4341
15023
2947
4357
3954
8658
5707
74915
25294
3189
11078
6539
12985
23900
32699
56847
59877
6433
21875
3002
5105
20338
15386
23473
20063
3357
34871
17239
14443
2534
9649
13879
6817
13080
26419
3701
11777
12980
21555
12087
5946
6863
12118
4233
12150
10737
14140
7827
2212
1351
20655
7065
8495
8226
4407
28147
25397
1751
12195
4355
4082
2102
14397
16558
14296
17626
4781
19896
12255
3504
3431
27823
14467
8130
9092
25155
16255
31766
7525
10079
48610
45832
11244
7180
12303
28486
21342
18570
2590
1755
8647
3985
21843
19625
5252
10623
26759
2662
2442
23149
5810
10949
7475
25533
6635
30062
36758
10231
6971
9024
4541
8022
20849
5822
23466
24602
8617
32315
15482
23651
3853
33269
35448
6689
92767
1724
7750
27117
3314
33225
6861
32167
61255
43317
73015
8453
6590
20626
16353
3738
8235
46153
8322
10558
11384
69648
7981
5203
6425
6927
6059
46604
1610
10895
4751
18694
11114
10829
6205
25479
36226
5686
20328
8080
7988
3654
13462
6751
13528
5436
4002
43583
4078
71643
40746
16070
13303
20856
4588
16554
11289
3251
4427
12433
2666
32691
13924
11927
69708
3549
55079
60674
5534
23647
12814
25523
5556
4756
6465
5869
62850
20146
32979
14314
19500
7896
10130
63169
4964
2773
21531
8955
12029
12170
9128
9900
17892
41246
26554
8289
9750
29678
9206
6811
20505
12368
6664
6573
12577
25904
29655
4108
14139
16457
15163
4618
30668
6144
22958
4067
3091
6992
5175
18222
6778
36937
31883
28757
19206
13926
19468
64959
47789
17775
22164
2816
14032
5722
19853
5356
2505
31028
4460
21870
7012
15581
21152
7436
21168
11967
12061
23485
21922
36642
14600
10235
45000
11866
5581
24088
8917
28507
17147
20138
4115
3813
21232
49317
5325
6613
12253
4039
26099
21732
14838
24829
3668
6299
3710
2806
33163
4828
3416
6246
24858
15008
28079
12727
6438
15306
34675
3396
18571
40851
7228
25799
22576
2347
30287
9287
11446
55309
6337
4790
18708
18514
5370
2112
6107
22177
1768
3842
17519
5195
7573
7177
14455
51134
51807
4383
16318
12465
2377
9800
7304
23378
27749
11352
3617
43908
1436
18656
7100
5400
28166
14178
17105
18247
9711
11772
4989
4830
4220
7820
11154
17269
9893
16250
8429
4854
6396
2335
1812
2411
65849
52598
12700
5182
22269
16725
12405
9809
40106
22277
13803
1846
74097
1972
16197
3686
32781
6213
53655
30269
1880
15091
6197
4996
16641
3075
8259
42804
5637
4491
52554
6619
1817
5795
23221
5105
10322
31930
12865
4477
51290
4717
37219
29571
7253
6544
1053
8666
22751
18992
4165
17508
10056
1912
5247
16395
4835
3915
7617
4590
24694
3528
2334
4187
74348
14270
12601
5500
12692
7457
12622
2532
6047
2404
4998
5856
8524
9195
7436
26392
2803
2949
6330
27298
54496
12823
18106
13638
39568
3332
2249
1658
1646
4005
13588
41412
20027
9099
8830
14147
17816
17936
24865
2400
11437
14461
21816
24764
3468
10387
3379
14018
7026
4147
14244
10479
13896
34180
30229
29914
19001
4834
12723
19172
16414
21412
3791
13782
37183
2387
19400
2601
3947
1026
12811
3441
17685
5085
5398
4701
17062
1961
62346
10094
1897
55223
1438
16100
16473
2889
9819
2255
46465
1330
15742
3351
3834
30761
1472
1285
6773
6891
8708
23579
10832
2794
1787
51230
20699
4060
16230
5460
36164
15142
5498
22550
5204
35037
1934
14851
15847
7690
5708
15248
6891
4626
19144
3742
3781
40012
8858
30151
10186
8356
17481
25398
4574
47476
8311
5462
16151
3399
10078
2722
4150
47861
13409
7289
49211
17177
57222
9157
19425
13522
14061
7710
18765
4314
4295
6174
4617
19759
19653
4351
6069
4405
29126
3998
14100
4916
50038
7839
20224
6693
59191
5257
14542
8669
3872
2648
7628
40175
17587
3310
3485
23084
4562
26991
11139
7288
5070
20113
25256
22961
2045
37229
5148
3902
3039
3789
3901
10205
9720
2256
32676
8781
8643
4269
16561
8694
9593
9060
5427
22458
3917
2912
20766
8408
8770
13084
5303
3456
4361
12291
13383
41160
18963
7966
7860
14962
20237
3853
8131
27426
4828
7629
4898
13345
2568
9467
3241
18666
1322
16092
13093
12276
4353
10412
12614
11138
32686
5307
8236
29202
5501
6666
18444
15683
10417
14318
3932
15476
32265
9474
13888
7932
5675
49314
34724
11274
14784
5870
5526
21682
5812
2802
5565
14133
9054
1285
8472
10902
11748
10624
10871
40033
12859
54717
21202
19661
8553
19779
6814
4303
11917
6130
3777
4982
9868
26910
33169
17639
31379
28050
31480
1919
2498
53344
6442
5182
22177
3245
4291
3658
3466
29924
56367
52342
28950
46930
5970
4668
2877
6922
1936
2827
22722
6920
3027
23710
3024
10673
4178
2248
13745
29203
6706
60520
9257
6482
4413
5336
14620
14632
11370
15134
2735
17997
14609
7523
20806
13475
23924
3872
9262
13841
14552
17904
9894
17392
4675
25444
10012
61868
9414
23972
3793
5142
5370
6730
4326
38578
7584
42558
32267
5979
13792
8156
14332
12552
6474
8369
9015
31066
3887
39077
28650
4329
1213
4590
18070
26185
3150
8312
27983
2884
3038
13663
8080
10859
12595
20388
12948
14588
11750
4830
16898
6301
7652
6398
12655
3280
21283
2314
14465
21508
16521
12310
19497
3384
10600
23989
5498
20225
7773
3502
12622
4628
54223
15599
18493
7875
28571
7421
13737
3604
3506
27706
32783
6596
16833
3505
32584
4871
1568
6182
5167
4727
3794
3473
16550
31370
3816
7873
9746
7266
4821
26408
3303
34910
13032
4203
13919
4594
8979
14049
9539
9374
18364
15137
4327
21191
45752
21875
2940
13853
1336
13033
2855
31848
1.005 3
