1
1
1
2
2
2
2
3
3
3
4
4
5
1
1
1
2
2
2
3
3
3
3
3
1
1
1
2
2
2
2
3
3
3
3
1
1
2
2
2
3
3
5
5
5
5
1
1
6
3
4
3
3
5
5
1
1
1
7
7
7
2
3
3
3
3
4
4
1
1
7
2
2
5
1
7
7
2
2
2
2
2
3
3
4
1
1
7
2
2
4
4
4
5
5
5
1
1
2
6
3
3
4
7
2
2
6
6
6
3
3
3
3
4
5
5
5
1
2
2
2
6
6
4
5
1
7
7
1
7
7
2
7
6
3
5
5
2
2
2
6
5
5
5
7
2
6
5
5
1
1
2
2
6
6
4
4
4
1
7
7
2
2
6
6
4
4
5
1
1
1
7
6
6
6
3
4
4
1
1
7
6
4
4
4
5
1
2
2
2
2
6
2
6
3
4
4
5
5
5
5
1
1
2
2
2
2
6
2
6
5
5
7
2
6
6
6
6
4
4
4
4
7
7
7
2
6
6
6
3
4
5
5
6
6
6
3
3
4
4
7
1
1
7
2
6
3
4
1
2
6
6
6
6
3
3
3
8
4
5
4
7
7
7
1
1
1
2
6
6
6
3
3
6
8
4
5
4
7
1
1
1
6
6
6
8
4
4
4
7
1
3
8
4
4
4
7
7
7
7
6
9
3
3
4
7
7
1
7
6
6
9
6
3
3
8
10
4
7
7
1
1
7
6
6
9
3
8
8
10
7
6
8
8
3
3
8
10
4
7
8
10
4
7
7
7
9
8
3
10
7
7
7
7
7
9
6
8
8
8
10
10
4
4
7
7
7
7
6
6
8
3
8
10
7
7
7
7
11
11
6
6
6
6
6
6
12
10
10
7
7
7
7
6
6
9
12
10
10
10
11
7
9
9
12
10
10
10
11
11
6
9
9
12
12
8
10
9
8
8
8
12
10
10
10
7
7
7
9
12
9
9
12
8
12
12
12
11
11
11
11
13
7
7
13
9
8
11
11
11
7
11
13
13
13
9
9
12
12
12
10
14
11
11
13
13
13
12
12
12
12
12
10
14
11
9
12
12
12
12
14
14
11
7
11
13
9
9
9
12
12
12
12
14
14
7
13
9
9
9
12
12
12
12
14
14
14
15
11
7
11
13
9
12
12
12
12
12
14
15
13
13
12
12
14
15
15
11
11
11
13
9
16
10
14
14
15
11
11
11
13
9
9
16
10
11
9
9
9
9
9
16
14
13
9
14
11
11
11
13
13
12
14
14
15
15
15
11
12
16
12
11
11
11
9
9
9
12
14
14
15
15
15
11
11
11
13
13
9
12
9
12
16
14
15
11
13
13
13
12
16
16
12
16
16
14
14
15
11
13
9
13
16
14
15
13
9
16
14
14
15
15
13
13
9
9
16
16
15
11
13
13
16
13
13
9
16
16
14
14
14
15
15
15
11
11
13
16
16
16
14
16
15
11
13
13
14
16
15
15
15
11
11
13
13
13
13
13
17
17
16
14
16
16
15
15
11
11
11
13
13
18
13
13
13
13
11
13
13
13
13
13
17
16
16
16
15
15
15
11
13
13
13
13
17
17
16
16
16
15
15
11
11
18
17
17
17
17
11
11
11
18
18
13
13
17
17
16
15
15
15
15
11
18
18
16
15
15
15
15
11
11
11
13
17
17
15
15
15
11
11
11
11
11
18
13
17
17
17
17
17
17
16
15
15
19
15
11
11
11
13
17
17
17
16
16
19
19
19
15
11
11
18
13
17
17
17
17
16
15
19
15
11
11
18
13
17
17
16
16
15
11
11
11
17
17
17
20
20
16
16
15
15
19
15
15
11
11
17
17
16
15
11
17
17
17
17
16
15
19
11
11
11
18
17
20
20
20
16
16
19
19
11
11
20
20
19
15
11
18
18
18
20
20
20
20
17
17
17
20
17
16
19
18
18
18
16
19
19
18
20
20
20
20
19
19
19
19
19
18
18
18
18
20
20
20
20
16
19
18
18
18
20
20
16
19
19
19
18
19
19
19
18
15
18
20
20
16
16
19
19
15
18
18
20
16
16
19
19
18
18
20
20
16
19
19
15
15
18
18
18
18
18
20
20
19
19
15
15
18
18
18
20
19
19
18
18
18
18
19
15
18
18
19
19
15
18
18
18
18
18
18
20
20
16
19
19
18
18
18
18
18
18
18
18
18
16
16
16
16
19
19
19
15
18
18
18
18
18
18
18
18
18
18
20
16
16
16
16
16
