1.41421356237309514547
2.82842712474619029095
4.24264068711928477029
5.65685424949238058190
7.07106781186547550533
8.48528137423856954058
9.89949493661166535219
11.31370849898476116380
12.72792206135785519905
14.14213562373095101066
15.55634918610404504591
16.97056274847713908116
18.38477631085023489277
19.79898987322333070438
21.21320343559642651599
22.62741699796952232759
24.04163056034261458649
25.45584412271571039810
26.87005768508880620971
28.28427124746190202131
29.69848480983499428021
31.11269837220809009182
32.52691193458118590343
33.94112549695427816232
35.35533905932737752664
36.76955262170046978554
38.18376618407356914986
39.59797974644666140875
41.01219330881975366765
42.42640687119285303197
43.84062043356594529087
45.25483399593904465519
46.66904755831213691408
48.08326112068522917298
49.49747468305832853730
50.91168824543142079619
52.32590180780452016052
53.74011537017761241941
55.15432893255070467831
56.56854249492380404263
57.98275605729689630152
59.39696961966998856042
60.81118318204308792474
62.22539674441618018363
63.63961030678927954796
65.05382386916237180685
66.46803743153546406575
67.88225099390855632464
69.29646455628166279439
70.71067811865475505329
72.12489168102784731218
73.53910524340093957107
74.95331880577403182997
76.36753236814713829972
77.78174593052023055861
79.19595949289332281751
80.61017305526641507640
82.02438661763950733530
83.43860018001261380505
84.85281374238570606394
86.26702730475879832284
87.68124086713189058173
89.09545442950498284063
90.50966799187808931038
91.92388155425118156927
93.33809511662427382817
94.04786015641185770164
94.76286192385707352059
95.48298277703729297627
96.20810776644555062376
96.93812459502194656125
97.67292357659823665017
98.41239759298622402639
99.15644204992432264589
99.90495483208027849287
100.65783625729295636120
101.41498903022176136801
102.17631819555840877456
102.94173109094289486620
103.71113729971338557334
104.48444860360798713828
105.26157893552613131760
106.04244433244643630587
106.82696288858913646891
107.61505470890213587154
108.40664186294121407172
109.20164833920777880394
110.00000000000000000000
110.80162453682707734970
111.60645142642964344759
112.41441188744440182745
113.22543883774528694630
114.03946685248926939948
114.85643212288984216229
115.67627241573788410278
116.49892703368558954935
117.32433677630571366990
118.15244390193544177237
118.98319209031164689350
119.81652640600127313064
120.65239326262864949513
121.49074038789952112438
122.33151678941939621836
123.17467272130257072149
124.02015965156633114930
124.86793023030372751236
125.71793825862719984343
126.57013865837392074809
127.42448744256340376069
128.28094168659660567755
129.13945950018529629233
130.00000000000000000000
130.86252328302401792826
131.72699040060089714643
132.59336333316232980906
133.46160496562296771117
134.33167906342868036518
135.20355024924455733526
136.07718398026906925224
136.95254652615992085884
137.82960494755835156866
138.70832707519761584081
139.58868148958208621480
140.47063750122299552459
141.35416513141734640158
142.23923509355637406770
143.12581877495060211913
144.01388821915753624126
144.47491131680959597361
144.94136745594749982047
145.41320435228706742237
145.89036979869507604235
146.37281168304446055117
146.86047800548655573039
147.35331689514151776166
147.85127662620976707331
148.38463532320318449820
148.92951352905171802377
149.48578527739687160647
150.05332385522154936552
150.63200191194434296449
151.22169156572743986544
151.82226450688975205594
152.43359209832982514854
153.05554547287727018556
153.68799562750501763730
154.33081351434651651289
154.98387012847499022428
155.64703659241314426254
156.32018423735306100752
157.00318468107582248194
157.69590990257165685762
158.39823231336896469656
159.11002482559041482091
159.83116091676239989283
160.56151469141039456190
161.30096093948108659788
162.04937519163718206983
162.80663377147749315554
163.57261384473869725298
164.34719346554112462400
165.13025161974411503252
165.92166826548000813091
166.72132437093941348394
167.52910194948219668731
168.34488409215171600408
169.16855499767089554553
170.00000000000000000000
170.83910559353790858950
171.68575945604806065603
172.53985046939155267864
173.40126873814966756981
174.26990560621763393101
175.03428235634297038814
175.92327873252020253858
176.81911661356076592710
177.72169254201918420222
178.63090438107286672675
179.54665131937159117115
180.46883387443938318029
181.39735389470266113676
182.33211456021672347561
183.27302038216100754653
184.21997720117110475258
185.17289218457435140408
186.13167382259260307364
187.09623192357454968260
188.06647760831805271664
189.04232330353963220659
190.02368273454757741092
190.04210059878838023906
190.06577808748212987666
190.09471323527122876840
190.12890364171354917744
190.16834647227702248529
190.21303845951254629654
190.26297590440447038418
190.31815467789718354652
190.37857022259620976001
190.44421755464250622936
190.51509126575774644152
190.59118552545916713825
190.67249408344142125316
190.75901027212319149839
190.85072700935671718980
190.94763680129690897047
191.04973174542800506970
191.15700353374447217902
191.26944345608370667833
191.38704240360684138977
191.50979087242509990574
191.63767896736800366853
191.77069640588990750985
191.90883252211190779235
192.05207627099480305333
192.20041623263983865399
192.35384061671345534705
192.51233726699180692776
192.67589366602143741147
192.84449693989196816801
193.01813386311658859995
193.19679086361657027737
193.38045402780500126028
193.56910910576615947321
193.76274151652583555006
193.96133635340834189265
194.16487838947600153006
194.37335208304659772693
194.58674158328466319290
194.80503073586163509390
195.02820308868152210380
195.25624189766637073262
195.48913013259843296510
195.72685048301369192814
195.96938536414305076505
196.21671692289623933902
196.46882704388499973902
196.72569735548023572846
196.98730923589977237498
197.25364381932212154425
197.52468200202221737527
197.80040444852483005889
198.08079159777204836246
198.36582366930045395748
198.65548066942426430614
198.94974239742055033275
199.24858845171274879249
199.55199823604874609373
199.85995096566995243847
200.17242567346781356719
200.48940121612415055097
200.81085628023203071280
201.13676938839401486803
201.13676938839401486803
201.13676938839401486803
201.13676938839401486803
201.13676938839401486803
201.13676938839401486803
201.13676938839401486803
201.13676938839401486803
201.13676938839401486803
201.13676938839401486803
201.13676938839401486803
201.13676938839401486803
201.13676938839401486803
201.13676938839401486803
201.13676938839401486803
201.13676938839401486803
201.13676938839401486803
201.13676938839401486803
201.13676938839401486803
201.13676938839401486803
201.13676938839401486803
201.13676938839401486803
201.13676938839401486803
201.13676938839401486803
201.13676938839401486803
201.13676938839401486803
201.13676938839401486803
201.13676938839401486803
201.13676938839401486803
201.13676938839401486803
201.13676938839401486803
201.13676938839401486803
201.13676938839401486803
201.13676938839401486803
201.13676938839401486803
201.13676938839401486803
201.13676938839401486803
201.13676938839401486803
201.13676938839401486803
201.13676938839401486803
201.13676938839401486803
201.13676938839401486803
201.13676938839401486803
201.13676938839401486803
201.13676938839401486803
201.13676938839401486803
200.81085628023203071280
200.48940121612415055097
200.17242567346781356719
199.85995096566995243847
199.55199823604874609373
199.24858845171274879249
198.94974239742055033275
198.65548066942426430614
198.36582366930045395748
198.08079159777204836246
197.80040444852483005889
197.52468200202221737527
197.25364381932212154425
196.98730923589977237498
196.72569735548023572846
196.46882704388499973902
196.21671692289623933902
195.96938536414305076505
195.72685048301369192814
195.48913013259843296510
195.25624189766637073262
195.02820308868152210380
194.80503073586163509390
194.58674158328466319290
194.37335208304659772693
194.16487838947600153006
193.96133635340834189265
193.76274151652583555006
193.56910910576615947321
193.38045402780500126028
193.19679086361657027737
193.01813386311658859995
192.84449693989196816801
192.67589366602143741147
192.51233726699180692776
192.35384061671345534705
192.20041623263983865399
192.05207627099480305333
191.90883252211190779235
191.77069640588990750985
191.63767896736800366853
191.50979087242509990574
191.38704240360684138977
191.26944345608370667833
191.15700353374447217902
191.04973174542800506970
190.94763680129690897047
190.85072700935671718980
190.75901027212319149839
190.67249408344142125316
190.59118552545916713825
190.51509126575774644152
190.44421755464250622936
190.37857022259620976001
190.31815467789718354652
190.26297590440447038418
190.21303845951254629654
190.16834647227702248529
190.12890364171354917744
190.09471323527122876840
189.12958520548815499751
188.17013578142521623704
187.21645226849054211016
186.26862323000082710678
185.32673849177834313195
184.39088914585775569321
183.46116755324544556061
182.53766734567415142010
181.62048342629196895359
180.70971196922428703147
179.80545041794479743658
178.90779748239035029655
178.01685313475238103820
177.13271860387624201394
176.25549636819840770841
175.38529014715001608238
174.52220489095364541754
173.66634676873928810892
172.81782315490494283949
171.97674261364528547347
171.14321488157222006521
170.31735084835014504279
169.49926253526885489009
168.68906307167634395228
167.88686666919483059246
167.09278859364337677107
166.30694513459141603562
165.52945357246849766852
164.76043214315748741683
164.00000000000000000000
163.24827717314508390700
162.50538452617502116482
161.77144370994528799201
161.04657711357916127781
160.33090781256120749276
159.62455951387931918362
158.92765649816900008773
158.24032355881985267843
157.56268593801007682487
156.89486925964149577339
156.23699945915498688009
155.58920271021378312071
154.95160534825058107344
154.32433379088340075214
153.70751445521457867471
152.76452467768817200522
151.82226450688975205594
150.88074761214565455703
149.93998799519761178090
149.00000000000000000000
148.06079832285115571722
147.12239802287072620857
146.18481453283715154612
145.24806367039803944863
144.31216164966832593564
143.37712509323097265224
142.44297104455523594879
141.87318280774559298152
141.31525041551600452294
140.76931483814220769091
140.23551618616448877219
139.71399357258383133740
139.20488497175665543182
138.70832707519761584081
138.22445514452209636147
137.75340286178050064336
136.85393673548452397881
135.95587519485872007863
135.05924625881783640580
134.16407864998737409223
133.27040181525677553509
132.37824594698329860876
131.48764200486675690627
130.59862173851607280994
129.71121771072847650430
128.82546332150332091260
127.94139283281232621903
127.05904139414872133784
126.17844506887854549859
125.29964086141667678476
124.42266674525184555478
123.54756169184400960148
122.67436570041843424406
121.80311982868090581178
120.93386622447825118343
120.06664815842907501064
119.20151005754918571711
118.33849753989612452187
117.47765745025732542217
116.61903789690600774520
115.76268828944843392037
114.90865937778579564110
114.05700329221349420550
113.20777358467924500474
112.36102527122116612190
111.51681487560519201452
110.67520047418030060271
109.83624174196785361346
109.00000000000000000000
108.16653826391967641030
107.33592129385203861602
106.50821564555478460079
105.68348972285122044923
104.86181383134663747114
104.04326023342406415395
103.22790320451152012993
102.41581909060728605709
101.60708636704430318787
100.80178569846864888859
100.00000000000000000000
99.20181449953423680199
98.40731680114035384577
97.61659694949419474597
96.82974749528163727064
96.04686356149272796756
95.26804291051642792354
94.49338601193207409779
93.72299611087984771984
92.95697929687689509137
92.19544457292887784661
91.43850392476902300132
90.68627239003707529719
89.93886812718959333779
89.19641248391103260929
88.45903006477065844138
87.72684879784523559465
87.00000000000000000000
86.27861844049196804463
84.86459803710850735570
83.45058418010026457523
82.03657720797473018592
80.62257748298549131505
79.20858539325141123300
77.79460135510689156035
76.38062581571324471952
74.96665925596525426045
73.55270219373316820111
72.13875518748572801542
70.72481884034769450409
69.31089380465382987495
67.89698078707182560265
66.48308055437864538817
65.06919393998975920113
63.65532185135819531752
62.24146527838173881264
60.82762530298219871838
59.41380311005179493122
58.00000000000000000000
56.58621740318043435991
55.17245689653488938120
53.75872022286245055511
52.34500931320960148696
50.93132631298737322822
49.51767361255978983081
48.10405388322277531188
46.69047011971500893424
45.27692569068708650093
43.86342439892261779733
42.44997055358224713473
41.03656905736638549342
39.62322551231790157544
38.20994634908559817177
36.79673898594819547725
35.38361202590826337655
33.97057550292606009634
32.55764119219941221672
31.14482300479487264511
29.73213749463701205400
28.31960451701259273705
26.90724809414741969249
25.49509756796392423439
24.08318915758459155541
22.67156809750926882430
