500 1000 250
599 599
14 14
176 176
963 963
93 93
257 257
403 403
741 741
854 854
862 862
778 778
489 489
711 711
623 623
163 163
750 750
649 649
441 441
245 245
311 311
429 429
756 756
572 572
766 766
837 837
137 137
719 719
244 244
519 519
287 287
251 251
818 818
789 789
305 305
400 400
262 262
359 359
559 559
25 25
598 598
91 91
168 168
257 257
794 794
426 426
689 689
361 361
57 57
115 115
860 860
558 558
163 163
997 997
936 936
239 239
126 126
774 774
57 57
852 852
416 416
481 481
164 164
161 161
495 495
4 4
170 170
890 890
144 144
983 983
318 318
274 274
754 754
520 520
124 124
996 996
598 598
660 660
887 887
818 818
126 126
80 80
655 655
939 939
143 143
38 38
598 598
606 606
676 676
674 674
574 574
5 5
920 920
4 4
129 129
430 430
367 367
472 472
315 315
851 851
842 842
529 529
512 512
553 553
646 646
796 796
638 638
637 637
832 832
88 88
486 486
930 930
39 39
396 396
717 717
280 280
685 685
913 913
81 81
350 350
707 707
518 518
283 283
976 976
297 297
779 779
392 392
675 675
255 255
797 797
706 706
949 949
746 746
471 471
921 921
458 458
910 910
138 138
154 154
938 938
493 493
523 523
762 762
406 406
161 161
219 219
226 226
401 401
580 580
500 500
294 294
35 35
465 465
414 414
763 763
15 15
702 702
18 18
989 989
495 495
961 961
686 686
538 538
118 118
684 684
391 391
935 935
147 147
646 646
437 437
741 741
797 797
7 7
200 200
487 487
290 290
392 392
520 520
490 490
962 962
429 429
626 626
473 473
152 152
936 936
566 566
108 108
48 48
796 796
509 509
685 685
947 947
810 810
648 648
336 336
32 32
195 195
540 540
540 540
94 94
386 386
474 474
873 873
892 892
869 869
43 43
472 472
17 17
96 96
872 872
353 353
559 559
790 790
111 111
502 502
721 721
262 262
137 137
298 298
118 118
694 694
177 177
660 660
414 414
134 134
799 799
654 654
393 393
219 219
923 923
901 901
47 47
206 206
365 365
332 332
562 562
240 240
104 104
737 737
639 639
245 245
807 807
940 940
940 940
323 323
567 567
264 264
979 979
493 493
149 149
23 23
116 116
752 752
689 689
510 510
105 105
225 225
863 863
146 146
883 883
824 824
510 510
469 469
315 315
782 782
178 178
105 105
18 18
495 495
204 204
32 32
377 377
51 51
617 617
373 373
165 165
559 559
263 263
443 443
554 554
970 970
564 564
641 641
744 744
359 359
233 233
142 142
651 651
815 815
300 300
806 806
876 876
168 168
27 27
457 457
413 413
237 237
188 188
740 740
682 682
243 243
946 946
215 215
635 635
574 574
377 377
74 74
478 478
278 278
338 338
709 709
505 505
881 881
763 763
866 866
861 861
614 614
158 158
465 465
222 222
739 739
553 553
120 120
223 223
212 212
941 941
13 13
178 178
49 49
80 80
945 945
189 189
2 2
438 438
403 403
400 400
241 241
60 60
382 382
603 603
429 429
493 493
160 160
501 501
14 14
853 853
136 136
310 310
778 778
131 131
82 82
86 86
3 3
667 667
923 923
439 439
906 906
305 305
164 164
405 405
868 868
66 66
117 117
951 951
535 535
164 164
383 383
517 517
162 162
926 926
109 109
328 328
967 967
914 914
48 48
785 785
637 637
71 71
582 582
433 433
678 678
220 220
191 191
872 872
969 969
966 966
739 739
570 570
413 413
690 690
651 651
491 491
684 684
190 190
154 154
963 963
943 943
41 41
384 384
821 821
699 699
187 187
420 420
513 513
520 520
847 847
2 2
57 57
698 698
966 966
744 744
457 457
814 814
325 325
665 665
384 384
251 251
214 214
77 77
555 555
690 690
620 620
229 229
416 416
619 619
31 31
462 462
55 55
77 77
72 72
298 298
317 317
490 490
471 471
285 285
922 922
213 213
176 176
634 634
443 443
81 81
724 724
179 179
634 634
71 71
587 587
407 407
481 481
131 131
726 726
787 787
221 221
228 228
395 395
808 808
263 263
886 886
523 523
164 164
494 494
350 350
445 445
888 888
160 160
961 961
93 93
917 917
128 128
201 201
167 167
356 356
537 537
421 421
933 933
929 929
496 496
900 900
961 961
227 227
31 31
574 574
428 428
91 91
78 78
791 791
876 876
926 926
732 732
729 729
404 404
800 800
164 164
869 869
693 693
287 287
627 627
109 109
890 890
889 889
349 349
297 297
